,buildId,dynamicIds_0,dynamicIds_1,dynamicIds_2,dynamicIds_3,dynamicIds_4,dynamicIds_5,dynamicIds_6,dynamicIds_7,gssp,isFallback,page,props___N_SSP,props_pageProps_match_isPreMatch,props_pageProps_match_matchInfo___typename,props_pageProps_match_matchInfo_factorId,props_pageProps_match_matchInfo_lastModified,props_pageProps_match_matchInfo_matchStartDate,props_pageProps_match_matchInfo_matchState,props_pageProps_match_matchInfo_matchUrn,props_pageProps_match_matchInfo_prematchWinProbability___typename,props_pageProps_match_matchInfo_prematchWinProbability_team1Winprob,props_pageProps_match_matchInfo_prematchWinProbability_team2Winprob,props_pageProps_match_matchInfo_score___typename,props_pageProps_match_matchInfo_score_team1Score,props_pageProps_match_matchInfo_score_team2Score,props_pageProps_match_matchInfo_team1___typename,props_pageProps_match_matchInfo_team1_abbreviation,props_pageProps_match_matchInfo_team1_factorId,props_pageProps_match_matchInfo_team1_fullName,props_pageProps_match_matchInfo_team1_gameRecord_totalLost,props_pageProps_match_matchInfo_team1_gameRecord_totalWin,props_pageProps_match_matchInfo_team1_playerHistories_0___typename,props_pageProps_match_matchInfo_team1_playerHistories_0_playerDetails___typename,props_pageProps_match_matchInfo_team1_playerHistories_0_playerDetails_factorId,props_pageProps_match_matchInfo_team1_playerHistories_0_playerDetails_fullName,props_pageProps_match_matchInfo_team1_playerHistories_0_playerDetails_headshotUrl,props_pageProps_match_matchInfo_team1_playerHistories_0_playerDetails_name,props_pageProps_match_matchInfo_team1_playerHistories_0_playerDetails_perid,props_pageProps_match_matchInfo_team1_playerHistories_0_playerPerid,props_pageProps_match_matchInfo_team1_playerHistories_0_role,props_pageProps_match_matchInfo_team1_playerHistories_0_tournamentUrn,props_pageProps_match_matchInfo_team1_playerHistories_1___typename,props_pageProps_match_matchInfo_team1_playerHistories_1_playerDetails___typename,props_pageProps_match_matchInfo_team1_playerHistories_1_playerDetails_factorId,props_pageProps_match_matchInfo_team1_playerHistories_1_playerDetails_fullName,props_pageProps_match_matchInfo_team1_playerHistories_1_playerDetails_headshotUrl,props_pageProps_match_matchInfo_team1_playerHistories_1_playerDetails_name,props_pageProps_match_matchInfo_team1_playerHistories_1_playerDetails_perid,props_pageProps_match_matchInfo_team1_playerHistories_1_playerPerid,props_pageProps_match_matchInfo_team1_playerHistories_1_role,props_pageProps_match_matchInfo_team1_playerHistories_1_tournamentUrn,props_pageProps_match_matchInfo_team1_playerHistories_2___typename,props_pageProps_match_matchInfo_team1_playerHistories_2_playerDetails___typename,props_pageProps_match_matchInfo_team1_playerHistories_2_playerDetails_factorId,props_pageProps_match_matchInfo_team1_playerHistories_2_playerDetails_fullName,props_pageProps_match_matchInfo_team1_playerHistories_2_playerDetails_headshotUrl,props_pageProps_match_matchInfo_team1_playerHistories_2_playerDetails_name,props_pageProps_match_matchInfo_team1_playerHistories_2_playerDetails_perid,props_pageProps_match_matchInfo_team1_playerHistories_2_playerPerid,props_pageProps_match_matchInfo_team1_playerHistories_2_role,props_pageProps_match_matchInfo_team1_playerHistories_2_tournamentUrn,props_pageProps_match_matchInfo_team1_playerHistories_3___typename,props_pageProps_match_matchInfo_team1_playerHistories_3_playerDetails___typename,props_pageProps_match_matchInfo_team1_playerHistories_3_playerDetails_factorId,props_pageProps_match_matchInfo_team1_playerHistories_3_playerDetails_fullName,props_pageProps_match_matchInfo_team1_playerHistories_3_playerDetails_headshotUrl,props_pageProps_match_matchInfo_team1_playerHistories_3_playerDetails_name,props_pageProps_match_matchInfo_team1_playerHistories_3_playerDetails_perid,props_pageProps_match_matchInfo_team1_playerHistories_3_playerPerid,props_pageProps_match_matchInfo_team1_playerHistories_3_role,props_pageProps_match_matchInfo_team1_playerHistories_3_tournamentUrn,props_pageProps_match_matchInfo_team1_playerHistories_4___typename,props_pageProps_match_matchInfo_team1_playerHistories_4_playerDetails___typename,props_pageProps_match_matchInfo_team1_playerHistories_4_playerDetails_factorId,props_pageProps_match_matchInfo_team1_playerHistories_4_playerDetails_fullName,props_pageProps_match_matchInfo_team1_playerHistories_4_playerDetails_headshotUrl,props_pageProps_match_matchInfo_team1_playerHistories_4_playerDetails_name,props_pageProps_match_matchInfo_team1_playerHistories_4_playerDetails_perid,props_pageProps_match_matchInfo_team1_playerHistories_4_playerPerid,props_pageProps_match_matchInfo_team1_playerHistories_4_role,props_pageProps_match_matchInfo_team1_playerHistories_4_tournamentUrn,props_pageProps_match_matchInfo_team1_playerHistories_5___typename,props_pageProps_match_matchInfo_team1_playerHistories_5_playerDetails___typename,props_pageProps_match_matchInfo_team1_playerHistories_5_playerDetails_factorId,props_pageProps_match_matchInfo_team1_playerHistories_5_playerDetails_fullName,props_pageProps_match_matchInfo_team1_playerHistories_5_playerDetails_headshotUrl,props_pageProps_match_matchInfo_team1_playerHistories_5_playerDetails_name,props_pageProps_match_matchInfo_team1_playerHistories_5_playerDetails_perid,props_pageProps_match_matchInfo_team1_playerHistories_5_playerPerid,props_pageProps_match_matchInfo_team1_playerHistories_5_role,props_pageProps_match_matchInfo_team1_playerHistories_5_tournamentUrn,props_pageProps_match_matchInfo_team1_playerHistories_6___typename,props_pageProps_match_matchInfo_team1_playerHistories_6_playerDetails___typename,props_pageProps_match_matchInfo_team1_playerHistories_6_playerDetails_factorId,props_pageProps_match_matchInfo_team1_playerHistories_6_playerDetails_fullName,props_pageProps_match_matchInfo_team1_playerHistories_6_playerDetails_headshotUrl,props_pageProps_match_matchInfo_team1_playerHistories_6_playerDetails_name,props_pageProps_match_matchInfo_team1_playerHistories_6_playerDetails_perid,props_pageProps_match_matchInfo_team1_playerHistories_6_playerPerid,props_pageProps_match_matchInfo_team1_playerHistories_6_role,props_pageProps_match_matchInfo_team1_playerHistories_6_tournamentUrn,props_pageProps_match_matchInfo_team1_playerHistories_7___typename,props_pageProps_match_matchInfo_team1_playerHistories_7_playerDetails___typename,props_pageProps_match_matchInfo_team1_playerHistories_7_playerDetails_factorId,props_pageProps_match_matchInfo_team1_playerHistories_7_playerDetails_fullName,props_pageProps_match_matchInfo_team1_playerHistories_7_playerDetails_headshotUrl,props_pageProps_match_matchInfo_team1_playerHistories_7_playerDetails_name,props_pageProps_match_matchInfo_team1_playerHistories_7_playerDetails_perid,props_pageProps_match_matchInfo_team1_playerHistories_7_playerPerid,props_pageProps_match_matchInfo_team1_playerHistories_7_role,props_pageProps_match_matchInfo_team1_playerHistories_7_tournamentUrn,props_pageProps_match_matchInfo_team1_playerHistories_8___typename,props_pageProps_match_matchInfo_team1_playerHistories_8_playerDetails___typename,props_pageProps_match_matchInfo_team1_playerHistories_8_playerDetails_factorId,props_pageProps_match_matchInfo_team1_playerHistories_8_playerDetails_fullName,props_pageProps_match_matchInfo_team1_playerHistories_8_playerDetails_headshotUrl,props_pageProps_match_matchInfo_team1_playerHistories_8_playerDetails_name,props_pageProps_match_matchInfo_team1_playerHistories_8_playerDetails_perid,props_pageProps_match_matchInfo_team1_playerHistories_8_playerPerid,props_pageProps_match_matchInfo_team1_playerHistories_8_role,props_pageProps_match_matchInfo_team1_playerHistories_8_tournamentUrn,props_pageProps_match_matchInfo_team1_playerHistories_9___typename,props_pageProps_match_matchInfo_team1_playerHistories_9_playerDetails___typename,props_pageProps_match_matchInfo_team1_playerHistories_9_playerDetails_factorId,props_pageProps_match_matchInfo_team1_playerHistories_9_playerDetails_fullName,props_pageProps_match_matchInfo_team1_playerHistories_9_playerDetails_headshotUrl,props_pageProps_match_matchInfo_team1_playerHistories_9_playerDetails_name,props_pageProps_match_matchInfo_team1_playerHistories_9_playerDetails_perid,props_pageProps_match_matchInfo_team1_playerHistories_9_playerPerid,props_pageProps_match_matchInfo_team1_playerHistories_9_role,props_pageProps_match_matchInfo_team1_playerHistories_9_tournamentUrn,props_pageProps_match_matchInfo_team1_playerHistories_10___typename,props_pageProps_match_matchInfo_team1_playerHistories_10_playerDetails___typename,props_pageProps_match_matchInfo_team1_playerHistories_10_playerDetails_factorId,props_pageProps_match_matchInfo_team1_playerHistories_10_playerDetails_fullName,props_pageProps_match_matchInfo_team1_playerHistories_10_playerDetails_headshotUrl,props_pageProps_match_matchInfo_team1_playerHistories_10_playerDetails_name,props_pageProps_match_matchInfo_team1_playerHistories_10_playerDetails_perid,props_pageProps_match_matchInfo_team1_playerHistories_10_playerPerid,props_pageProps_match_matchInfo_team1_playerHistories_10_role,props_pageProps_match_matchInfo_team1_playerHistories_10_tournamentUrn,props_pageProps_match_matchInfo_team1_playerHistories_11___typename,props_pageProps_match_matchInfo_team1_playerHistories_11_playerDetails___typename,props_pageProps_match_matchInfo_team1_playerHistories_11_playerDetails_factorId,props_pageProps_match_matchInfo_team1_playerHistories_11_playerDetails_fullName,props_pageProps_match_matchInfo_team1_playerHistories_11_playerDetails_headshotUrl,props_pageProps_match_matchInfo_team1_playerHistories_11_playerDetails_name,props_pageProps_match_matchInfo_team1_playerHistories_11_playerDetails_perid,props_pageProps_match_matchInfo_team1_playerHistories_11_playerPerid,props_pageProps_match_matchInfo_team1_playerHistories_11_role,props_pageProps_match_matchInfo_team1_playerHistories_11_tournamentUrn,props_pageProps_match_matchInfo_team1_playerHistories_12___typename,props_pageProps_match_matchInfo_team1_playerHistories_12_playerDetails___typename,props_pageProps_match_matchInfo_team1_playerHistories_12_playerDetails_factorId,props_pageProps_match_matchInfo_team1_playerHistories_12_playerDetails_fullName,props_pageProps_match_matchInfo_team1_playerHistories_12_playerDetails_headshotUrl,props_pageProps_match_matchInfo_team1_playerHistories_12_playerDetails_name,props_pageProps_match_matchInfo_team1_playerHistories_12_playerDetails_perid,props_pageProps_match_matchInfo_team1_playerHistories_12_playerPerid,props_pageProps_match_matchInfo_team1_playerHistories_12_role,props_pageProps_match_matchInfo_team1_playerHistories_12_tournamentUrn,props_pageProps_match_matchInfo_team1_playerHistories_13___typename,props_pageProps_match_matchInfo_team1_playerHistories_13_playerDetails___typename,props_pageProps_match_matchInfo_team1_playerHistories_13_playerDetails_factorId,props_pageProps_match_matchInfo_team1_playerHistories_13_playerDetails_fullName,props_pageProps_match_matchInfo_team1_playerHistories_13_playerDetails_headshotUrl,props_pageProps_match_matchInfo_team1_playerHistories_13_playerDetails_name,props_pageProps_match_matchInfo_team1_playerHistories_13_playerDetails_perid,props_pageProps_match_matchInfo_team1_playerHistories_13_playerPerid,props_pageProps_match_matchInfo_team1_playerHistories_13_role,props_pageProps_match_matchInfo_team1_playerHistories_13_tournamentUrn,props_pageProps_match_matchInfo_team1_playerHistories_14___typename,props_pageProps_match_matchInfo_team1_playerHistories_14_playerDetails___typename,props_pageProps_match_matchInfo_team1_playerHistories_14_playerDetails_factorId,props_pageProps_match_matchInfo_team1_playerHistories_14_playerDetails_fullName,props_pageProps_match_matchInfo_team1_playerHistories_14_playerDetails_headshotUrl,props_pageProps_match_matchInfo_team1_playerHistories_14_playerDetails_name,props_pageProps_match_matchInfo_team1_playerHistories_14_playerDetails_perid,props_pageProps_match_matchInfo_team1_playerHistories_14_playerPerid,props_pageProps_match_matchInfo_team1_playerHistories_14_role,props_pageProps_match_matchInfo_team1_playerHistories_14_tournamentUrn,props_pageProps_match_matchInfo_team1_playerHistories_15___typename,props_pageProps_match_matchInfo_team1_playerHistories_15_playerDetails___typename,props_pageProps_match_matchInfo_team1_playerHistories_15_playerDetails_factorId,props_pageProps_match_matchInfo_team1_playerHistories_15_playerDetails_fullName,props_pageProps_match_matchInfo_team1_playerHistories_15_playerDetails_headshotUrl,props_pageProps_match_matchInfo_team1_playerHistories_15_playerDetails_name,props_pageProps_match_matchInfo_team1_playerHistories_15_playerDetails_perid,props_pageProps_match_matchInfo_team1_playerHistories_15_playerPerid,props_pageProps_match_matchInfo_team1_playerHistories_15_role,props_pageProps_match_matchInfo_team1_playerHistories_15_tournamentUrn,props_pageProps_match_matchInfo_team1_playerHistories_16___typename,props_pageProps_match_matchInfo_team1_playerHistories_16_playerDetails___typename,props_pageProps_match_matchInfo_team1_playerHistories_16_playerDetails_factorId,props_pageProps_match_matchInfo_team1_playerHistories_16_playerDetails_fullName,props_pageProps_match_matchInfo_team1_playerHistories_16_playerDetails_headshotUrl,props_pageProps_match_matchInfo_team1_playerHistories_16_playerDetails_name,props_pageProps_match_matchInfo_team1_playerHistories_16_playerDetails_perid,props_pageProps_match_matchInfo_team1_playerHistories_16_playerPerid,props_pageProps_match_matchInfo_team1_playerHistories_16_role,props_pageProps_match_matchInfo_team1_playerHistories_16_tournamentUrn,props_pageProps_match_matchInfo_team1_playerHistories_17___typename,props_pageProps_match_matchInfo_team1_playerHistories_17_playerDetails___typename,props_pageProps_match_matchInfo_team1_playerHistories_17_playerDetails_factorId,props_pageProps_match_matchInfo_team1_playerHistories_17_playerDetails_fullName,props_pageProps_match_matchInfo_team1_playerHistories_17_playerDetails_headshotUrl,props_pageProps_match_matchInfo_team1_playerHistories_17_playerDetails_name,props_pageProps_match_matchInfo_team1_playerHistories_17_playerDetails_perid,props_pageProps_match_matchInfo_team1_playerHistories_17_playerPerid,props_pageProps_match_matchInfo_team1_playerHistories_17_role,props_pageProps_match_matchInfo_team1_playerHistories_17_tournamentUrn,props_pageProps_match_matchInfo_team1_playerHistories_18___typename,props_pageProps_match_matchInfo_team1_playerHistories_18_playerDetails___typename,props_pageProps_match_matchInfo_team1_playerHistories_18_playerDetails_factorId,props_pageProps_match_matchInfo_team1_playerHistories_18_playerDetails_fullName,props_pageProps_match_matchInfo_team1_playerHistories_18_playerDetails_headshotUrl,props_pageProps_match_matchInfo_team1_playerHistories_18_playerDetails_name,props_pageProps_match_matchInfo_team1_playerHistories_18_playerDetails_perid,props_pageProps_match_matchInfo_team1_playerHistories_18_playerPerid,props_pageProps_match_matchInfo_team1_playerHistories_18_role,props_pageProps_match_matchInfo_team1_playerHistories_18_tournamentUrn,props_pageProps_match_matchInfo_team1_playerHistories_19___typename,props_pageProps_match_matchInfo_team1_playerHistories_19_playerDetails___typename,props_pageProps_match_matchInfo_team1_playerHistories_19_playerDetails_factorId,props_pageProps_match_matchInfo_team1_playerHistories_19_playerDetails_fullName,props_pageProps_match_matchInfo_team1_playerHistories_19_playerDetails_headshotUrl,props_pageProps_match_matchInfo_team1_playerHistories_19_playerDetails_name,props_pageProps_match_matchInfo_team1_playerHistories_19_playerDetails_perid,props_pageProps_match_matchInfo_team1_playerHistories_19_playerPerid,props_pageProps_match_matchInfo_team1_playerHistories_19_role,props_pageProps_match_matchInfo_team1_playerHistories_19_tournamentUrn,props_pageProps_match_matchInfo_team1_playerHistories_20___typename,props_pageProps_match_matchInfo_team1_playerHistories_20_playerDetails___typename,props_pageProps_match_matchInfo_team1_playerHistories_20_playerDetails_factorId,props_pageProps_match_matchInfo_team1_playerHistories_20_playerDetails_fullName,props_pageProps_match_matchInfo_team1_playerHistories_20_playerDetails_headshotUrl,props_pageProps_match_matchInfo_team1_playerHistories_20_playerDetails_name,props_pageProps_match_matchInfo_team1_playerHistories_20_playerDetails_perid,props_pageProps_match_matchInfo_team1_playerHistories_20_playerPerid,props_pageProps_match_matchInfo_team1_playerHistories_20_role,props_pageProps_match_matchInfo_team1_playerHistories_20_tournamentUrn,props_pageProps_match_matchInfo_team1_playerHistories_21___typename,props_pageProps_match_matchInfo_team1_playerHistories_21_playerDetails___typename,props_pageProps_match_matchInfo_team1_playerHistories_21_playerDetails_factorId,props_pageProps_match_matchInfo_team1_playerHistories_21_playerDetails_fullName,props_pageProps_match_matchInfo_team1_playerHistories_21_playerDetails_headshotUrl,props_pageProps_match_matchInfo_team1_playerHistories_21_playerDetails_name,props_pageProps_match_matchInfo_team1_playerHistories_21_playerDetails_perid,props_pageProps_match_matchInfo_team1_playerHistories_21_playerPerid,props_pageProps_match_matchInfo_team1_playerHistories_21_role,props_pageProps_match_matchInfo_team1_playerHistories_21_tournamentUrn,props_pageProps_match_matchInfo_team1_playerHistories_22___typename,props_pageProps_match_matchInfo_team1_playerHistories_22_playerDetails___typename,props_pageProps_match_matchInfo_team1_playerHistories_22_playerDetails_factorId,props_pageProps_match_matchInfo_team1_playerHistories_22_playerDetails_fullName,props_pageProps_match_matchInfo_team1_playerHistories_22_playerDetails_headshotUrl,props_pageProps_match_matchInfo_team1_playerHistories_22_playerDetails_name,props_pageProps_match_matchInfo_team1_playerHistories_22_playerDetails_perid,props_pageProps_match_matchInfo_team1_playerHistories_22_playerPerid,props_pageProps_match_matchInfo_team1_playerHistories_22_role,props_pageProps_match_matchInfo_team1_playerHistories_22_tournamentUrn,props_pageProps_match_matchInfo_team1_playerHistories_23___typename,props_pageProps_match_matchInfo_team1_playerHistories_23_playerDetails___typename,props_pageProps_match_matchInfo_team1_playerHistories_23_playerDetails_factorId,props_pageProps_match_matchInfo_team1_playerHistories_23_playerDetails_fullName,props_pageProps_match_matchInfo_team1_playerHistories_23_playerDetails_headshotUrl,props_pageProps_match_matchInfo_team1_playerHistories_23_playerDetails_name,props_pageProps_match_matchInfo_team1_playerHistories_23_playerDetails_perid,props_pageProps_match_matchInfo_team1_playerHistories_23_playerPerid,props_pageProps_match_matchInfo_team1_playerHistories_23_role,props_pageProps_match_matchInfo_team1_playerHistories_23_tournamentUrn,props_pageProps_match_matchInfo_team1_playerHistories_24___typename,props_pageProps_match_matchInfo_team1_playerHistories_24_playerDetails___typename,props_pageProps_match_matchInfo_team1_playerHistories_24_playerDetails_factorId,props_pageProps_match_matchInfo_team1_playerHistories_24_playerDetails_fullName,props_pageProps_match_matchInfo_team1_playerHistories_24_playerDetails_headshotUrl,props_pageProps_match_matchInfo_team1_playerHistories_24_playerDetails_name,props_pageProps_match_matchInfo_team1_playerHistories_24_playerDetails_perid,props_pageProps_match_matchInfo_team1_playerHistories_24_playerPerid,props_pageProps_match_matchInfo_team1_playerHistories_24_role,props_pageProps_match_matchInfo_team1_playerHistories_24_tournamentUrn,props_pageProps_match_matchInfo_team1_playerHistories_25___typename,props_pageProps_match_matchInfo_team1_playerHistories_25_playerDetails___typename,props_pageProps_match_matchInfo_team1_playerHistories_25_playerDetails_factorId,props_pageProps_match_matchInfo_team1_playerHistories_25_playerDetails_fullName,props_pageProps_match_matchInfo_team1_playerHistories_25_playerDetails_headshotUrl,props_pageProps_match_matchInfo_team1_playerHistories_25_playerDetails_name,props_pageProps_match_matchInfo_team1_playerHistories_25_playerDetails_perid,props_pageProps_match_matchInfo_team1_playerHistories_25_playerPerid,props_pageProps_match_matchInfo_team1_playerHistories_25_role,props_pageProps_match_matchInfo_team1_playerHistories_25_tournamentUrn,props_pageProps_match_matchInfo_team1_playerHistories_26___typename,props_pageProps_match_matchInfo_team1_playerHistories_26_playerDetails___typename,props_pageProps_match_matchInfo_team1_playerHistories_26_playerDetails_factorId,props_pageProps_match_matchInfo_team1_playerHistories_26_playerDetails_fullName,props_pageProps_match_matchInfo_team1_playerHistories_26_playerDetails_headshotUrl,props_pageProps_match_matchInfo_team1_playerHistories_26_playerDetails_name,props_pageProps_match_matchInfo_team1_playerHistories_26_playerDetails_perid,props_pageProps_match_matchInfo_team1_playerHistories_26_playerPerid,props_pageProps_match_matchInfo_team1_playerHistories_26_role,props_pageProps_match_matchInfo_team1_playerHistories_26_tournamentUrn,props_pageProps_match_matchInfo_team1_playerHistories_27___typename,props_pageProps_match_matchInfo_team1_playerHistories_27_playerDetails___typename,props_pageProps_match_matchInfo_team1_playerHistories_27_playerDetails_factorId,props_pageProps_match_matchInfo_team1_playerHistories_27_playerDetails_fullName,props_pageProps_match_matchInfo_team1_playerHistories_27_playerDetails_headshotUrl,props_pageProps_match_matchInfo_team1_playerHistories_27_playerDetails_name,props_pageProps_match_matchInfo_team1_playerHistories_27_playerDetails_perid,props_pageProps_match_matchInfo_team1_playerHistories_27_playerPerid,props_pageProps_match_matchInfo_team1_playerHistories_27_role,props_pageProps_match_matchInfo_team1_playerHistories_27_tournamentUrn,props_pageProps_match_matchInfo_team1_playerHistories_28___typename,props_pageProps_match_matchInfo_team1_playerHistories_28_playerDetails___typename,props_pageProps_match_matchInfo_team1_playerHistories_28_playerDetails_factorId,props_pageProps_match_matchInfo_team1_playerHistories_28_playerDetails_fullName,props_pageProps_match_matchInfo_team1_playerHistories_28_playerDetails_headshotUrl,props_pageProps_match_matchInfo_team1_playerHistories_28_playerDetails_name,props_pageProps_match_matchInfo_team1_playerHistories_28_playerDetails_perid,props_pageProps_match_matchInfo_team1_playerHistories_28_playerPerid,props_pageProps_match_matchInfo_team1_playerHistories_28_role,props_pageProps_match_matchInfo_team1_playerHistories_28_tournamentUrn,props_pageProps_match_matchInfo_team1_playerHistories_29___typename,props_pageProps_match_matchInfo_team1_playerHistories_29_playerDetails___typename,props_pageProps_match_matchInfo_team1_playerHistories_29_playerDetails_factorId,props_pageProps_match_matchInfo_team1_playerHistories_29_playerDetails_fullName,props_pageProps_match_matchInfo_team1_playerHistories_29_playerDetails_headshotUrl,props_pageProps_match_matchInfo_team1_playerHistories_29_playerDetails_name,props_pageProps_match_matchInfo_team1_playerHistories_29_playerDetails_perid,props_pageProps_match_matchInfo_team1_playerHistories_29_playerPerid,props_pageProps_match_matchInfo_team1_playerHistories_29_role,props_pageProps_match_matchInfo_team1_playerHistories_29_tournamentUrn,props_pageProps_match_matchInfo_team1_playerHistories_30___typename,props_pageProps_match_matchInfo_team1_playerHistories_30_playerDetails___typename,props_pageProps_match_matchInfo_team1_playerHistories_30_playerDetails_factorId,props_pageProps_match_matchInfo_team1_playerHistories_30_playerDetails_fullName,props_pageProps_match_matchInfo_team1_playerHistories_30_playerDetails_headshotUrl,props_pageProps_match_matchInfo_team1_playerHistories_30_playerDetails_name,props_pageProps_match_matchInfo_team1_playerHistories_30_playerDetails_perid,props_pageProps_match_matchInfo_team1_playerHistories_30_playerPerid,props_pageProps_match_matchInfo_team1_playerHistories_30_role,props_pageProps_match_matchInfo_team1_playerHistories_30_tournamentUrn,props_pageProps_match_matchInfo_team1_playerHistories_31___typename,props_pageProps_match_matchInfo_team1_playerHistories_31_playerDetails___typename,props_pageProps_match_matchInfo_team1_playerHistories_31_playerDetails_factorId,props_pageProps_match_matchInfo_team1_playerHistories_31_playerDetails_fullName,props_pageProps_match_matchInfo_team1_playerHistories_31_playerDetails_headshotUrl,props_pageProps_match_matchInfo_team1_playerHistories_31_playerDetails_name,props_pageProps_match_matchInfo_team1_playerHistories_31_playerDetails_perid,props_pageProps_match_matchInfo_team1_playerHistories_31_playerPerid,props_pageProps_match_matchInfo_team1_playerHistories_31_role,props_pageProps_match_matchInfo_team1_playerHistories_31_tournamentUrn,props_pageProps_match_matchInfo_team1_playerHistories_32___typename,props_pageProps_match_matchInfo_team1_playerHistories_32_playerDetails___typename,props_pageProps_match_matchInfo_team1_playerHistories_32_playerDetails_factorId,props_pageProps_match_matchInfo_team1_playerHistories_32_playerDetails_fullName,props_pageProps_match_matchInfo_team1_playerHistories_32_playerDetails_headshotUrl,props_pageProps_match_matchInfo_team1_playerHistories_32_playerDetails_name,props_pageProps_match_matchInfo_team1_playerHistories_32_playerDetails_perid,props_pageProps_match_matchInfo_team1_playerHistories_32_playerPerid,props_pageProps_match_matchInfo_team1_playerHistories_32_role,props_pageProps_match_matchInfo_team1_playerHistories_32_tournamentUrn,props_pageProps_match_matchInfo_team1_playerHistories_33___typename,props_pageProps_match_matchInfo_team1_playerHistories_33_playerDetails___typename,props_pageProps_match_matchInfo_team1_playerHistories_33_playerDetails_factorId,props_pageProps_match_matchInfo_team1_playerHistories_33_playerDetails_fullName,props_pageProps_match_matchInfo_team1_playerHistories_33_playerDetails_headshotUrl,props_pageProps_match_matchInfo_team1_playerHistories_33_playerDetails_name,props_pageProps_match_matchInfo_team1_playerHistories_33_playerDetails_perid,props_pageProps_match_matchInfo_team1_playerHistories_33_playerPerid,props_pageProps_match_matchInfo_team1_playerHistories_33_role,props_pageProps_match_matchInfo_team1_playerHistories_33_tournamentUrn,props_pageProps_match_matchInfo_team1_playerHistories_34___typename,props_pageProps_match_matchInfo_team1_playerHistories_34_playerDetails___typename,props_pageProps_match_matchInfo_team1_playerHistories_34_playerDetails_factorId,props_pageProps_match_matchInfo_team1_playerHistories_34_playerDetails_fullName,props_pageProps_match_matchInfo_team1_playerHistories_34_playerDetails_headshotUrl,props_pageProps_match_matchInfo_team1_playerHistories_34_playerDetails_name,props_pageProps_match_matchInfo_team1_playerHistories_34_playerDetails_perid,props_pageProps_match_matchInfo_team1_playerHistories_34_playerPerid,props_pageProps_match_matchInfo_team1_playerHistories_34_role,props_pageProps_match_matchInfo_team1_playerHistories_34_tournamentUrn,props_pageProps_match_matchInfo_team1_playerHistories_35___typename,props_pageProps_match_matchInfo_team1_playerHistories_35_playerDetails___typename,props_pageProps_match_matchInfo_team1_playerHistories_35_playerDetails_factorId,props_pageProps_match_matchInfo_team1_playerHistories_35_playerDetails_fullName,props_pageProps_match_matchInfo_team1_playerHistories_35_playerDetails_headshotUrl,props_pageProps_match_matchInfo_team1_playerHistories_35_playerDetails_name,props_pageProps_match_matchInfo_team1_playerHistories_35_playerDetails_perid,props_pageProps_match_matchInfo_team1_playerHistories_35_playerPerid,props_pageProps_match_matchInfo_team1_playerHistories_35_role,props_pageProps_match_matchInfo_team1_playerHistories_35_tournamentUrn,props_pageProps_match_matchInfo_team1_playerHistories_36___typename,props_pageProps_match_matchInfo_team1_playerHistories_36_playerDetails___typename,props_pageProps_match_matchInfo_team1_playerHistories_36_playerDetails_factorId,props_pageProps_match_matchInfo_team1_playerHistories_36_playerDetails_fullName,props_pageProps_match_matchInfo_team1_playerHistories_36_playerDetails_headshotUrl,props_pageProps_match_matchInfo_team1_playerHistories_36_playerDetails_name,props_pageProps_match_matchInfo_team1_playerHistories_36_playerDetails_perid,props_pageProps_match_matchInfo_team1_playerHistories_36_playerPerid,props_pageProps_match_matchInfo_team1_playerHistories_36_role,props_pageProps_match_matchInfo_team1_playerHistories_36_tournamentUrn,props_pageProps_match_matchInfo_team1_playerHistories_37___typename,props_pageProps_match_matchInfo_team1_playerHistories_37_playerDetails___typename,props_pageProps_match_matchInfo_team1_playerHistories_37_playerDetails_factorId,props_pageProps_match_matchInfo_team1_playerHistories_37_playerDetails_fullName,props_pageProps_match_matchInfo_team1_playerHistories_37_playerDetails_headshotUrl,props_pageProps_match_matchInfo_team1_playerHistories_37_playerDetails_name,props_pageProps_match_matchInfo_team1_playerHistories_37_playerDetails_perid,props_pageProps_match_matchInfo_team1_playerHistories_37_playerPerid,props_pageProps_match_matchInfo_team1_playerHistories_37_role,props_pageProps_match_matchInfo_team1_playerHistories_37_tournamentUrn,props_pageProps_match_matchInfo_team1_playerHistories_38___typename,props_pageProps_match_matchInfo_team1_playerHistories_38_playerDetails___typename,props_pageProps_match_matchInfo_team1_playerHistories_38_playerDetails_factorId,props_pageProps_match_matchInfo_team1_playerHistories_38_playerDetails_fullName,props_pageProps_match_matchInfo_team1_playerHistories_38_playerDetails_headshotUrl,props_pageProps_match_matchInfo_team1_playerHistories_38_playerDetails_name,props_pageProps_match_matchInfo_team1_playerHistories_38_playerDetails_perid,props_pageProps_match_matchInfo_team1_playerHistories_38_playerPerid,props_pageProps_match_matchInfo_team1_playerHistories_38_role,props_pageProps_match_matchInfo_team1_playerHistories_38_tournamentUrn,props_pageProps_match_matchInfo_team1_playerHistories_39___typename,props_pageProps_match_matchInfo_team1_playerHistories_39_playerDetails___typename,props_pageProps_match_matchInfo_team1_playerHistories_39_playerDetails_factorId,props_pageProps_match_matchInfo_team1_playerHistories_39_playerDetails_fullName,props_pageProps_match_matchInfo_team1_playerHistories_39_playerDetails_headshotUrl,props_pageProps_match_matchInfo_team1_playerHistories_39_playerDetails_name,props_pageProps_match_matchInfo_team1_playerHistories_39_playerDetails_perid,props_pageProps_match_matchInfo_team1_playerHistories_39_playerPerid,props_pageProps_match_matchInfo_team1_playerHistories_39_role,props_pageProps_match_matchInfo_team1_playerHistories_39_tournamentUrn,props_pageProps_match_matchInfo_team1_playerHistories_40___typename,props_pageProps_match_matchInfo_team1_playerHistories_40_playerDetails___typename,props_pageProps_match_matchInfo_team1_playerHistories_40_playerDetails_factorId,props_pageProps_match_matchInfo_team1_playerHistories_40_playerDetails_fullName,props_pageProps_match_matchInfo_team1_playerHistories_40_playerDetails_headshotUrl,props_pageProps_match_matchInfo_team1_playerHistories_40_playerDetails_name,props_pageProps_match_matchInfo_team1_playerHistories_40_playerDetails_perid,props_pageProps_match_matchInfo_team1_playerHistories_40_playerPerid,props_pageProps_match_matchInfo_team1_playerHistories_40_role,props_pageProps_match_matchInfo_team1_playerHistories_40_tournamentUrn,props_pageProps_match_matchInfo_team1_playerHistories_41___typename,props_pageProps_match_matchInfo_team1_playerHistories_41_playerDetails___typename,props_pageProps_match_matchInfo_team1_playerHistories_41_playerDetails_factorId,props_pageProps_match_matchInfo_team1_playerHistories_41_playerDetails_fullName,props_pageProps_match_matchInfo_team1_playerHistories_41_playerDetails_headshotUrl,props_pageProps_match_matchInfo_team1_playerHistories_41_playerDetails_name,props_pageProps_match_matchInfo_team1_playerHistories_41_playerDetails_perid,props_pageProps_match_matchInfo_team1_playerHistories_41_playerPerid,props_pageProps_match_matchInfo_team1_playerHistories_41_role,props_pageProps_match_matchInfo_team1_playerHistories_41_tournamentUrn,props_pageProps_match_matchInfo_team1_playerHistories_42___typename,props_pageProps_match_matchInfo_team1_playerHistories_42_playerDetails___typename,props_pageProps_match_matchInfo_team1_playerHistories_42_playerDetails_factorId,props_pageProps_match_matchInfo_team1_playerHistories_42_playerDetails_fullName,props_pageProps_match_matchInfo_team1_playerHistories_42_playerDetails_headshotUrl,props_pageProps_match_matchInfo_team1_playerHistories_42_playerDetails_name,props_pageProps_match_matchInfo_team1_playerHistories_42_playerDetails_perid,props_pageProps_match_matchInfo_team1_playerHistories_42_playerPerid,props_pageProps_match_matchInfo_team1_playerHistories_42_role,props_pageProps_match_matchInfo_team1_playerHistories_42_tournamentUrn,props_pageProps_match_matchInfo_team1_playerHistories_43___typename,props_pageProps_match_matchInfo_team1_playerHistories_43_playerDetails___typename,props_pageProps_match_matchInfo_team1_playerHistories_43_playerDetails_factorId,props_pageProps_match_matchInfo_team1_playerHistories_43_playerDetails_fullName,props_pageProps_match_matchInfo_team1_playerHistories_43_playerDetails_headshotUrl,props_pageProps_match_matchInfo_team1_playerHistories_43_playerDetails_name,props_pageProps_match_matchInfo_team1_playerHistories_43_playerDetails_perid,props_pageProps_match_matchInfo_team1_playerHistories_43_playerPerid,props_pageProps_match_matchInfo_team1_playerHistories_43_role,props_pageProps_match_matchInfo_team1_playerHistories_43_tournamentUrn,props_pageProps_match_matchInfo_team1_playerHistories_44___typename,props_pageProps_match_matchInfo_team1_playerHistories_44_playerDetails___typename,props_pageProps_match_matchInfo_team1_playerHistories_44_playerDetails_factorId,props_pageProps_match_matchInfo_team1_playerHistories_44_playerDetails_fullName,props_pageProps_match_matchInfo_team1_playerHistories_44_playerDetails_headshotUrl,props_pageProps_match_matchInfo_team1_playerHistories_44_playerDetails_name,props_pageProps_match_matchInfo_team1_playerHistories_44_playerDetails_perid,props_pageProps_match_matchInfo_team1_playerHistories_44_playerPerid,props_pageProps_match_matchInfo_team1_playerHistories_44_role,props_pageProps_match_matchInfo_team1_playerHistories_44_tournamentUrn,props_pageProps_match_matchInfo_team1_playerHistories_45___typename,props_pageProps_match_matchInfo_team1_playerHistories_45_playerDetails___typename,props_pageProps_match_matchInfo_team1_playerHistories_45_playerDetails_factorId,props_pageProps_match_matchInfo_team1_playerHistories_45_playerDetails_fullName,props_pageProps_match_matchInfo_team1_playerHistories_45_playerDetails_headshotUrl,props_pageProps_match_matchInfo_team1_playerHistories_45_playerDetails_name,props_pageProps_match_matchInfo_team1_playerHistories_45_playerDetails_perid,props_pageProps_match_matchInfo_team1_playerHistories_45_playerPerid,props_pageProps_match_matchInfo_team1_playerHistories_45_role,props_pageProps_match_matchInfo_team1_playerHistories_45_tournamentUrn,props_pageProps_match_matchInfo_team1_playerHistories_46___typename,props_pageProps_match_matchInfo_team1_playerHistories_46_playerDetails,props_pageProps_match_matchInfo_team1_playerHistories_46_playerPerid,props_pageProps_match_matchInfo_team1_playerHistories_46_role,props_pageProps_match_matchInfo_team1_playerHistories_46_tournamentUrn,props_pageProps_match_matchInfo_team1_playerHistories_47___typename,props_pageProps_match_matchInfo_team1_playerHistories_47_playerDetails___typename,props_pageProps_match_matchInfo_team1_playerHistories_47_playerDetails_factorId,props_pageProps_match_matchInfo_team1_playerHistories_47_playerDetails_fullName,props_pageProps_match_matchInfo_team1_playerHistories_47_playerDetails_headshotUrl,props_pageProps_match_matchInfo_team1_playerHistories_47_playerDetails_name,props_pageProps_match_matchInfo_team1_playerHistories_47_playerDetails_perid,props_pageProps_match_matchInfo_team1_playerHistories_47_playerPerid,props_pageProps_match_matchInfo_team1_playerHistories_47_role,props_pageProps_match_matchInfo_team1_playerHistories_47_tournamentUrn,props_pageProps_match_matchInfo_team1_playerHistories_48___typename,props_pageProps_match_matchInfo_team1_playerHistories_48_playerDetails,props_pageProps_match_matchInfo_team1_playerHistories_48_playerPerid,props_pageProps_match_matchInfo_team1_playerHistories_48_role,props_pageProps_match_matchInfo_team1_playerHistories_48_tournamentUrn,props_pageProps_match_matchInfo_team1_playerHistories_49___typename,props_pageProps_match_matchInfo_team1_playerHistories_49_playerDetails,props_pageProps_match_matchInfo_team1_playerHistories_49_playerPerid,props_pageProps_match_matchInfo_team1_playerHistories_49_role,props_pageProps_match_matchInfo_team1_playerHistories_49_tournamentUrn,props_pageProps_match_matchInfo_team1_playerHistories_50___typename,props_pageProps_match_matchInfo_team1_playerHistories_50_playerDetails,props_pageProps_match_matchInfo_team1_playerHistories_50_playerPerid,props_pageProps_match_matchInfo_team1_playerHistories_50_role,props_pageProps_match_matchInfo_team1_playerHistories_50_tournamentUrn,props_pageProps_match_matchInfo_team1_playerHistories_51___typename,props_pageProps_match_matchInfo_team1_playerHistories_51_playerDetails___typename,props_pageProps_match_matchInfo_team1_playerHistories_51_playerDetails_factorId,props_pageProps_match_matchInfo_team1_playerHistories_51_playerDetails_fullName,props_pageProps_match_matchInfo_team1_playerHistories_51_playerDetails_headshotUrl,props_pageProps_match_matchInfo_team1_playerHistories_51_playerDetails_name,props_pageProps_match_matchInfo_team1_playerHistories_51_playerDetails_perid,props_pageProps_match_matchInfo_team1_playerHistories_51_playerPerid,props_pageProps_match_matchInfo_team1_playerHistories_51_role,props_pageProps_match_matchInfo_team1_playerHistories_51_tournamentUrn,props_pageProps_match_matchInfo_team1_playerHistories_52___typename,props_pageProps_match_matchInfo_team1_playerHistories_52_playerDetails___typename,props_pageProps_match_matchInfo_team1_playerHistories_52_playerDetails_factorId,props_pageProps_match_matchInfo_team1_playerHistories_52_playerDetails_fullName,props_pageProps_match_matchInfo_team1_playerHistories_52_playerDetails_headshotUrl,props_pageProps_match_matchInfo_team1_playerHistories_52_playerDetails_name,props_pageProps_match_matchInfo_team1_playerHistories_52_playerDetails_perid,props_pageProps_match_matchInfo_team1_playerHistories_52_playerPerid,props_pageProps_match_matchInfo_team1_playerHistories_52_role,props_pageProps_match_matchInfo_team1_playerHistories_52_tournamentUrn,props_pageProps_match_matchInfo_team1_playerHistories_53___typename,props_pageProps_match_matchInfo_team1_playerHistories_53_playerDetails,props_pageProps_match_matchInfo_team1_playerHistories_53_playerPerid,props_pageProps_match_matchInfo_team1_playerHistories_53_role,props_pageProps_match_matchInfo_team1_playerHistories_53_tournamentUrn,props_pageProps_match_matchInfo_team1_playerHistories_54___typename,props_pageProps_match_matchInfo_team1_playerHistories_54_playerDetails,props_pageProps_match_matchInfo_team1_playerHistories_54_playerPerid,props_pageProps_match_matchInfo_team1_playerHistories_54_role,props_pageProps_match_matchInfo_team1_playerHistories_54_tournamentUrn,props_pageProps_match_matchInfo_team1_playerHistories_55___typename,props_pageProps_match_matchInfo_team1_playerHistories_55_playerDetails___typename,props_pageProps_match_matchInfo_team1_playerHistories_55_playerDetails_factorId,props_pageProps_match_matchInfo_team1_playerHistories_55_playerDetails_fullName,props_pageProps_match_matchInfo_team1_playerHistories_55_playerDetails_headshotUrl,props_pageProps_match_matchInfo_team1_playerHistories_55_playerDetails_name,props_pageProps_match_matchInfo_team1_playerHistories_55_playerDetails_perid,props_pageProps_match_matchInfo_team1_playerHistories_55_playerPerid,props_pageProps_match_matchInfo_team1_playerHistories_55_role,props_pageProps_match_matchInfo_team1_playerHistories_55_tournamentUrn,props_pageProps_match_matchInfo_team1_playerHistories_56___typename,props_pageProps_match_matchInfo_team1_playerHistories_56_playerDetails___typename,props_pageProps_match_matchInfo_team1_playerHistories_56_playerDetails_factorId,props_pageProps_match_matchInfo_team1_playerHistories_56_playerDetails_fullName,props_pageProps_match_matchInfo_team1_playerHistories_56_playerDetails_headshotUrl,props_pageProps_match_matchInfo_team1_playerHistories_56_playerDetails_name,props_pageProps_match_matchInfo_team1_playerHistories_56_playerDetails_perid,props_pageProps_match_matchInfo_team1_playerHistories_56_playerPerid,props_pageProps_match_matchInfo_team1_playerHistories_56_role,props_pageProps_match_matchInfo_team1_playerHistories_56_tournamentUrn,props_pageProps_match_matchInfo_team1_playerHistories_57___typename,props_pageProps_match_matchInfo_team1_playerHistories_57_playerDetails,props_pageProps_match_matchInfo_team1_playerHistories_57_playerPerid,props_pageProps_match_matchInfo_team1_playerHistories_57_role,props_pageProps_match_matchInfo_team1_playerHistories_57_tournamentUrn,props_pageProps_match_matchInfo_team1_playerHistories_58___typename,props_pageProps_match_matchInfo_team1_playerHistories_58_playerDetails,props_pageProps_match_matchInfo_team1_playerHistories_58_playerPerid,props_pageProps_match_matchInfo_team1_playerHistories_58_role,props_pageProps_match_matchInfo_team1_playerHistories_58_tournamentUrn,props_pageProps_match_matchInfo_team1_powrRanking___typename,props_pageProps_match_matchInfo_team1_powrRanking_gameRecord,props_pageProps_match_matchInfo_team1_powrRanking_gamesPlayed,props_pageProps_match_matchInfo_team1_powrRanking_prevRanking,props_pageProps_match_matchInfo_team1_powrRanking_rank,props_pageProps_match_matchInfo_team1_powrRanking_ranking,props_pageProps_match_matchInfo_team1_powrRanking_team,props_pageProps_match_matchInfo_team1_powrRanking_teamPerid,props_pageProps_match_matchInfo_team1_roster_0___typename,props_pageProps_match_matchInfo_team1_roster_0_playerDetails___typename,props_pageProps_match_matchInfo_team1_roster_0_playerDetails_factorId,props_pageProps_match_matchInfo_team1_roster_0_playerDetails_fullName,props_pageProps_match_matchInfo_team1_roster_0_playerDetails_headshotUrl,props_pageProps_match_matchInfo_team1_roster_0_playerDetails_name,props_pageProps_match_matchInfo_team1_roster_0_playerDetails_perid,props_pageProps_match_matchInfo_team1_roster_0_playerName,props_pageProps_match_matchInfo_team1_roster_0_playerPerid,props_pageProps_match_matchInfo_team1_roster_0_role,props_pageProps_match_matchInfo_team1_roster_1___typename,props_pageProps_match_matchInfo_team1_roster_1_playerDetails___typename,props_pageProps_match_matchInfo_team1_roster_1_playerDetails_factorId,props_pageProps_match_matchInfo_team1_roster_1_playerDetails_fullName,props_pageProps_match_matchInfo_team1_roster_1_playerDetails_headshotUrl,props_pageProps_match_matchInfo_team1_roster_1_playerDetails_name,props_pageProps_match_matchInfo_team1_roster_1_playerDetails_perid,props_pageProps_match_matchInfo_team1_roster_1_playerName,props_pageProps_match_matchInfo_team1_roster_1_playerPerid,props_pageProps_match_matchInfo_team1_roster_1_role,props_pageProps_match_matchInfo_team1_roster_2___typename,props_pageProps_match_matchInfo_team1_roster_2_playerDetails___typename,props_pageProps_match_matchInfo_team1_roster_2_playerDetails_factorId,props_pageProps_match_matchInfo_team1_roster_2_playerDetails_fullName,props_pageProps_match_matchInfo_team1_roster_2_playerDetails_headshotUrl,props_pageProps_match_matchInfo_team1_roster_2_playerDetails_name,props_pageProps_match_matchInfo_team1_roster_2_playerDetails_perid,props_pageProps_match_matchInfo_team1_roster_2_playerName,props_pageProps_match_matchInfo_team1_roster_2_playerPerid,props_pageProps_match_matchInfo_team1_roster_2_role,props_pageProps_match_matchInfo_team1_roster_3___typename,props_pageProps_match_matchInfo_team1_roster_3_playerDetails___typename,props_pageProps_match_matchInfo_team1_roster_3_playerDetails_factorId,props_pageProps_match_matchInfo_team1_roster_3_playerDetails_fullName,props_pageProps_match_matchInfo_team1_roster_3_playerDetails_headshotUrl,props_pageProps_match_matchInfo_team1_roster_3_playerDetails_name,props_pageProps_match_matchInfo_team1_roster_3_playerDetails_perid,props_pageProps_match_matchInfo_team1_roster_3_playerName,props_pageProps_match_matchInfo_team1_roster_3_playerPerid,props_pageProps_match_matchInfo_team1_roster_3_role,props_pageProps_match_matchInfo_team1_roster_4___typename,props_pageProps_match_matchInfo_team1_roster_4_playerDetails___typename,props_pageProps_match_matchInfo_team1_roster_4_playerDetails_factorId,props_pageProps_match_matchInfo_team1_roster_4_playerDetails_fullName,props_pageProps_match_matchInfo_team1_roster_4_playerDetails_headshotUrl,props_pageProps_match_matchInfo_team1_roster_4_playerDetails_name,props_pageProps_match_matchInfo_team1_roster_4_playerDetails_perid,props_pageProps_match_matchInfo_team1_roster_4_playerName,props_pageProps_match_matchInfo_team1_roster_4_playerPerid,props_pageProps_match_matchInfo_team1_roster_4_role,props_pageProps_match_matchInfo_team1_roster_5_playerDetails___typename,props_pageProps_match_matchInfo_team1_roster_5_playerDetails_factorId,props_pageProps_match_matchInfo_team1_roster_5_playerDetails_fullName,props_pageProps_match_matchInfo_team1_roster_5_playerDetails_headshotUrl,props_pageProps_match_matchInfo_team1_roster_5_playerDetails_name,props_pageProps_match_matchInfo_team1_roster_5_playerDetails_perid,props_pageProps_match_matchInfo_team1_roster_5_playerName,props_pageProps_match_matchInfo_team1_roster_5_playerPerid,props_pageProps_match_matchInfo_team1_roster_5_role,props_pageProps_match_matchInfo_team1_roster_6_playerDetails___typename,props_pageProps_match_matchInfo_team1_roster_6_playerDetails_factorId,props_pageProps_match_matchInfo_team1_roster_6_playerDetails_fullName,props_pageProps_match_matchInfo_team1_roster_6_playerDetails_headshotUrl,props_pageProps_match_matchInfo_team1_roster_6_playerDetails_name,props_pageProps_match_matchInfo_team1_roster_6_playerDetails_perid,props_pageProps_match_matchInfo_team1_roster_6_playerName,props_pageProps_match_matchInfo_team1_roster_6_playerPerid,props_pageProps_match_matchInfo_team1_roster_6_role,props_pageProps_match_matchInfo_team1_roster_7_playerDetails___typename,props_pageProps_match_matchInfo_team1_roster_7_playerDetails_factorId,props_pageProps_match_matchInfo_team1_roster_7_playerDetails_fullName,props_pageProps_match_matchInfo_team1_roster_7_playerDetails_headshotUrl,props_pageProps_match_matchInfo_team1_roster_7_playerDetails_name,props_pageProps_match_matchInfo_team1_roster_7_playerDetails_perid,props_pageProps_match_matchInfo_team1_roster_7_playerName,props_pageProps_match_matchInfo_team1_roster_7_playerPerid,props_pageProps_match_matchInfo_team1_roster_7_role,props_pageProps_match_matchInfo_team1_roster_8_playerDetails___typename,props_pageProps_match_matchInfo_team1_roster_8_playerDetails_factorId,props_pageProps_match_matchInfo_team1_roster_8_playerDetails_fullName,props_pageProps_match_matchInfo_team1_roster_8_playerDetails_headshotUrl,props_pageProps_match_matchInfo_team1_roster_8_playerDetails_name,props_pageProps_match_matchInfo_team1_roster_8_playerDetails_perid,props_pageProps_match_matchInfo_team1_roster_8_playerName,props_pageProps_match_matchInfo_team1_roster_8_playerPerid,props_pageProps_match_matchInfo_team1_roster_8_role,props_pageProps_match_matchInfo_team1_roster_9_playerDetails___typename,props_pageProps_match_matchInfo_team1_roster_9_playerDetails_factorId,props_pageProps_match_matchInfo_team1_roster_9_playerDetails_fullName,props_pageProps_match_matchInfo_team1_roster_9_playerDetails_headshotUrl,props_pageProps_match_matchInfo_team1_roster_9_playerDetails_name,props_pageProps_match_matchInfo_team1_roster_9_playerDetails_perid,props_pageProps_match_matchInfo_team1_roster_9_playerName,props_pageProps_match_matchInfo_team1_roster_9_playerPerid,props_pageProps_match_matchInfo_team1_roster_9_role,props_pageProps_match_matchInfo_team1_teamLogo___typename,props_pageProps_match_matchInfo_team1_teamLogo_darkFlip,props_pageProps_match_matchInfo_team1_teamLogo_darkShadow,props_pageProps_match_matchInfo_team1_teamLogo_logoUrl,props_pageProps_match_matchInfo_team1_teamStandings___typename,props_pageProps_match_matchInfo_team1_teamStandings_lossSeries,props_pageProps_match_matchInfo_team1_teamStandings_position,props_pageProps_match_matchInfo_team1_teamStandings_seriesUrn,props_pageProps_match_matchInfo_team1_teamStandings_teamDetails___typename,props_pageProps_match_matchInfo_team1_teamStandings_teamDetails_factorId,props_pageProps_match_matchInfo_team1_teamStandings_teamDetails_fullName,props_pageProps_match_matchInfo_team1_teamStandings_teamDetails_teamLogo___typename,props_pageProps_match_matchInfo_team1_teamStandings_teamDetails_teamLogo_darkFlip,props_pageProps_match_matchInfo_team1_teamStandings_teamDetails_teamLogo_darkShadow,props_pageProps_match_matchInfo_team1_teamStandings_teamDetails_teamLogo_logoUrl,props_pageProps_match_matchInfo_team1_teamStandings_teamDetails_teamUrn,props_pageProps_match_matchInfo_team1_teamStandings_teamPerid,props_pageProps_match_matchInfo_team1_teamStandings_teamRanking___typename,props_pageProps_match_matchInfo_team1_teamStandings_teamRanking_ranking,props_pageProps_match_matchInfo_team1_teamStandings_winSeries,props_pageProps_match_matchInfo_team1_teamUrn,props_pageProps_match_matchInfo_team1_tournaments_0___typename,props_pageProps_match_matchInfo_team1_tournaments_0_series___typename,props_pageProps_match_matchInfo_team1_tournaments_0_series_seriesName,props_pageProps_match_matchInfo_team1_tournaments_0_series_seriesUrn,props_pageProps_match_matchInfo_team1_tournaments_0_tournamentUrn,props_pageProps_match_matchInfo_team1_tournaments_1___typename,props_pageProps_match_matchInfo_team1_tournaments_1_series___typename,props_pageProps_match_matchInfo_team1_tournaments_1_series_seriesName,props_pageProps_match_matchInfo_team1_tournaments_1_series_seriesUrn,props_pageProps_match_matchInfo_team1_tournaments_1_tournamentUrn,props_pageProps_match_matchInfo_team1_tournaments_2___typename,props_pageProps_match_matchInfo_team1_tournaments_2_series___typename,props_pageProps_match_matchInfo_team1_tournaments_2_series_seriesName,props_pageProps_match_matchInfo_team1_tournaments_2_series_seriesUrn,props_pageProps_match_matchInfo_team1_tournaments_2_tournamentUrn,props_pageProps_match_matchInfo_team2___typename,props_pageProps_match_matchInfo_team2_abbreviation,props_pageProps_match_matchInfo_team2_factorId,props_pageProps_match_matchInfo_team2_fullName,props_pageProps_match_matchInfo_team2_gameRecord_totalLost,props_pageProps_match_matchInfo_team2_gameRecord_totalWin,props_pageProps_match_matchInfo_team2_playerHistories_0___typename,props_pageProps_match_matchInfo_team2_playerHistories_0_playerDetails___typename,props_pageProps_match_matchInfo_team2_playerHistories_0_playerDetails_factorId,props_pageProps_match_matchInfo_team2_playerHistories_0_playerDetails_fullName,props_pageProps_match_matchInfo_team2_playerHistories_0_playerDetails_headshotUrl,props_pageProps_match_matchInfo_team2_playerHistories_0_playerDetails_name,props_pageProps_match_matchInfo_team2_playerHistories_0_playerDetails_perid,props_pageProps_match_matchInfo_team2_playerHistories_0_playerPerid,props_pageProps_match_matchInfo_team2_playerHistories_0_role,props_pageProps_match_matchInfo_team2_playerHistories_0_tournamentUrn,props_pageProps_match_matchInfo_team2_playerHistories_1___typename,props_pageProps_match_matchInfo_team2_playerHistories_1_playerDetails___typename,props_pageProps_match_matchInfo_team2_playerHistories_1_playerDetails_factorId,props_pageProps_match_matchInfo_team2_playerHistories_1_playerDetails_fullName,props_pageProps_match_matchInfo_team2_playerHistories_1_playerDetails_headshotUrl,props_pageProps_match_matchInfo_team2_playerHistories_1_playerDetails_name,props_pageProps_match_matchInfo_team2_playerHistories_1_playerDetails_perid,props_pageProps_match_matchInfo_team2_playerHistories_1_playerPerid,props_pageProps_match_matchInfo_team2_playerHistories_1_role,props_pageProps_match_matchInfo_team2_playerHistories_1_tournamentUrn,props_pageProps_match_matchInfo_team2_playerHistories_2___typename,props_pageProps_match_matchInfo_team2_playerHistories_2_playerDetails___typename,props_pageProps_match_matchInfo_team2_playerHistories_2_playerDetails_factorId,props_pageProps_match_matchInfo_team2_playerHistories_2_playerDetails_fullName,props_pageProps_match_matchInfo_team2_playerHistories_2_playerDetails_headshotUrl,props_pageProps_match_matchInfo_team2_playerHistories_2_playerDetails_name,props_pageProps_match_matchInfo_team2_playerHistories_2_playerDetails_perid,props_pageProps_match_matchInfo_team2_playerHistories_2_playerPerid,props_pageProps_match_matchInfo_team2_playerHistories_2_role,props_pageProps_match_matchInfo_team2_playerHistories_2_tournamentUrn,props_pageProps_match_matchInfo_team2_playerHistories_3___typename,props_pageProps_match_matchInfo_team2_playerHistories_3_playerDetails___typename,props_pageProps_match_matchInfo_team2_playerHistories_3_playerDetails_factorId,props_pageProps_match_matchInfo_team2_playerHistories_3_playerDetails_fullName,props_pageProps_match_matchInfo_team2_playerHistories_3_playerDetails_headshotUrl,props_pageProps_match_matchInfo_team2_playerHistories_3_playerDetails_name,props_pageProps_match_matchInfo_team2_playerHistories_3_playerDetails_perid,props_pageProps_match_matchInfo_team2_playerHistories_3_playerPerid,props_pageProps_match_matchInfo_team2_playerHistories_3_role,props_pageProps_match_matchInfo_team2_playerHistories_3_tournamentUrn,props_pageProps_match_matchInfo_team2_playerHistories_4___typename,props_pageProps_match_matchInfo_team2_playerHistories_4_playerDetails___typename,props_pageProps_match_matchInfo_team2_playerHistories_4_playerDetails_factorId,props_pageProps_match_matchInfo_team2_playerHistories_4_playerDetails_fullName,props_pageProps_match_matchInfo_team2_playerHistories_4_playerDetails_headshotUrl,props_pageProps_match_matchInfo_team2_playerHistories_4_playerDetails_name,props_pageProps_match_matchInfo_team2_playerHistories_4_playerDetails_perid,props_pageProps_match_matchInfo_team2_playerHistories_4_playerPerid,props_pageProps_match_matchInfo_team2_playerHistories_4_role,props_pageProps_match_matchInfo_team2_playerHistories_4_tournamentUrn,props_pageProps_match_matchInfo_team2_playerHistories_5___typename,props_pageProps_match_matchInfo_team2_playerHistories_5_playerDetails___typename,props_pageProps_match_matchInfo_team2_playerHistories_5_playerDetails_factorId,props_pageProps_match_matchInfo_team2_playerHistories_5_playerDetails_fullName,props_pageProps_match_matchInfo_team2_playerHistories_5_playerDetails_headshotUrl,props_pageProps_match_matchInfo_team2_playerHistories_5_playerDetails_name,props_pageProps_match_matchInfo_team2_playerHistories_5_playerDetails_perid,props_pageProps_match_matchInfo_team2_playerHistories_5_playerPerid,props_pageProps_match_matchInfo_team2_playerHistories_5_role,props_pageProps_match_matchInfo_team2_playerHistories_5_tournamentUrn,props_pageProps_match_matchInfo_team2_playerHistories_6___typename,props_pageProps_match_matchInfo_team2_playerHistories_6_playerDetails___typename,props_pageProps_match_matchInfo_team2_playerHistories_6_playerDetails_factorId,props_pageProps_match_matchInfo_team2_playerHistories_6_playerDetails_fullName,props_pageProps_match_matchInfo_team2_playerHistories_6_playerDetails_headshotUrl,props_pageProps_match_matchInfo_team2_playerHistories_6_playerDetails_name,props_pageProps_match_matchInfo_team2_playerHistories_6_playerDetails_perid,props_pageProps_match_matchInfo_team2_playerHistories_6_playerPerid,props_pageProps_match_matchInfo_team2_playerHistories_6_role,props_pageProps_match_matchInfo_team2_playerHistories_6_tournamentUrn,props_pageProps_match_matchInfo_team2_playerHistories_7___typename,props_pageProps_match_matchInfo_team2_playerHistories_7_playerDetails___typename,props_pageProps_match_matchInfo_team2_playerHistories_7_playerDetails_factorId,props_pageProps_match_matchInfo_team2_playerHistories_7_playerDetails_fullName,props_pageProps_match_matchInfo_team2_playerHistories_7_playerDetails_headshotUrl,props_pageProps_match_matchInfo_team2_playerHistories_7_playerDetails_name,props_pageProps_match_matchInfo_team2_playerHistories_7_playerDetails_perid,props_pageProps_match_matchInfo_team2_playerHistories_7_playerPerid,props_pageProps_match_matchInfo_team2_playerHistories_7_role,props_pageProps_match_matchInfo_team2_playerHistories_7_tournamentUrn,props_pageProps_match_matchInfo_team2_playerHistories_8___typename,props_pageProps_match_matchInfo_team2_playerHistories_8_playerDetails___typename,props_pageProps_match_matchInfo_team2_playerHistories_8_playerDetails_factorId,props_pageProps_match_matchInfo_team2_playerHistories_8_playerDetails_fullName,props_pageProps_match_matchInfo_team2_playerHistories_8_playerDetails_headshotUrl,props_pageProps_match_matchInfo_team2_playerHistories_8_playerDetails_name,props_pageProps_match_matchInfo_team2_playerHistories_8_playerDetails_perid,props_pageProps_match_matchInfo_team2_playerHistories_8_playerPerid,props_pageProps_match_matchInfo_team2_playerHistories_8_role,props_pageProps_match_matchInfo_team2_playerHistories_8_tournamentUrn,props_pageProps_match_matchInfo_team2_playerHistories_9___typename,props_pageProps_match_matchInfo_team2_playerHistories_9_playerDetails___typename,props_pageProps_match_matchInfo_team2_playerHistories_9_playerDetails_factorId,props_pageProps_match_matchInfo_team2_playerHistories_9_playerDetails_fullName,props_pageProps_match_matchInfo_team2_playerHistories_9_playerDetails_headshotUrl,props_pageProps_match_matchInfo_team2_playerHistories_9_playerDetails_name,props_pageProps_match_matchInfo_team2_playerHistories_9_playerDetails_perid,props_pageProps_match_matchInfo_team2_playerHistories_9_playerPerid,props_pageProps_match_matchInfo_team2_playerHistories_9_role,props_pageProps_match_matchInfo_team2_playerHistories_9_tournamentUrn,props_pageProps_match_matchInfo_team2_playerHistories_10___typename,props_pageProps_match_matchInfo_team2_playerHistories_10_playerDetails___typename,props_pageProps_match_matchInfo_team2_playerHistories_10_playerDetails_factorId,props_pageProps_match_matchInfo_team2_playerHistories_10_playerDetails_fullName,props_pageProps_match_matchInfo_team2_playerHistories_10_playerDetails_headshotUrl,props_pageProps_match_matchInfo_team2_playerHistories_10_playerDetails_name,props_pageProps_match_matchInfo_team2_playerHistories_10_playerDetails_perid,props_pageProps_match_matchInfo_team2_playerHistories_10_playerPerid,props_pageProps_match_matchInfo_team2_playerHistories_10_role,props_pageProps_match_matchInfo_team2_playerHistories_10_tournamentUrn,props_pageProps_match_matchInfo_team2_playerHistories_11___typename,props_pageProps_match_matchInfo_team2_playerHistories_11_playerDetails___typename,props_pageProps_match_matchInfo_team2_playerHistories_11_playerDetails_factorId,props_pageProps_match_matchInfo_team2_playerHistories_11_playerDetails_fullName,props_pageProps_match_matchInfo_team2_playerHistories_11_playerDetails_headshotUrl,props_pageProps_match_matchInfo_team2_playerHistories_11_playerDetails_name,props_pageProps_match_matchInfo_team2_playerHistories_11_playerDetails_perid,props_pageProps_match_matchInfo_team2_playerHistories_11_playerPerid,props_pageProps_match_matchInfo_team2_playerHistories_11_role,props_pageProps_match_matchInfo_team2_playerHistories_11_tournamentUrn,props_pageProps_match_matchInfo_team2_playerHistories_12___typename,props_pageProps_match_matchInfo_team2_playerHistories_12_playerDetails___typename,props_pageProps_match_matchInfo_team2_playerHistories_12_playerDetails_factorId,props_pageProps_match_matchInfo_team2_playerHistories_12_playerDetails_fullName,props_pageProps_match_matchInfo_team2_playerHistories_12_playerDetails_headshotUrl,props_pageProps_match_matchInfo_team2_playerHistories_12_playerDetails_name,props_pageProps_match_matchInfo_team2_playerHistories_12_playerDetails_perid,props_pageProps_match_matchInfo_team2_playerHistories_12_playerPerid,props_pageProps_match_matchInfo_team2_playerHistories_12_role,props_pageProps_match_matchInfo_team2_playerHistories_12_tournamentUrn,props_pageProps_match_matchInfo_team2_playerHistories_13___typename,props_pageProps_match_matchInfo_team2_playerHistories_13_playerDetails___typename,props_pageProps_match_matchInfo_team2_playerHistories_13_playerDetails_factorId,props_pageProps_match_matchInfo_team2_playerHistories_13_playerDetails_fullName,props_pageProps_match_matchInfo_team2_playerHistories_13_playerDetails_headshotUrl,props_pageProps_match_matchInfo_team2_playerHistories_13_playerDetails_name,props_pageProps_match_matchInfo_team2_playerHistories_13_playerDetails_perid,props_pageProps_match_matchInfo_team2_playerHistories_13_playerPerid,props_pageProps_match_matchInfo_team2_playerHistories_13_role,props_pageProps_match_matchInfo_team2_playerHistories_13_tournamentUrn,props_pageProps_match_matchInfo_team2_playerHistories_14___typename,props_pageProps_match_matchInfo_team2_playerHistories_14_playerDetails___typename,props_pageProps_match_matchInfo_team2_playerHistories_14_playerDetails_factorId,props_pageProps_match_matchInfo_team2_playerHistories_14_playerDetails_fullName,props_pageProps_match_matchInfo_team2_playerHistories_14_playerDetails_headshotUrl,props_pageProps_match_matchInfo_team2_playerHistories_14_playerDetails_name,props_pageProps_match_matchInfo_team2_playerHistories_14_playerDetails_perid,props_pageProps_match_matchInfo_team2_playerHistories_14_playerPerid,props_pageProps_match_matchInfo_team2_playerHistories_14_role,props_pageProps_match_matchInfo_team2_playerHistories_14_tournamentUrn,props_pageProps_match_matchInfo_team2_playerHistories_15___typename,props_pageProps_match_matchInfo_team2_playerHistories_15_playerDetails___typename,props_pageProps_match_matchInfo_team2_playerHistories_15_playerDetails_factorId,props_pageProps_match_matchInfo_team2_playerHistories_15_playerDetails_fullName,props_pageProps_match_matchInfo_team2_playerHistories_15_playerDetails_headshotUrl,props_pageProps_match_matchInfo_team2_playerHistories_15_playerDetails_name,props_pageProps_match_matchInfo_team2_playerHistories_15_playerDetails_perid,props_pageProps_match_matchInfo_team2_playerHistories_15_playerPerid,props_pageProps_match_matchInfo_team2_playerHistories_15_role,props_pageProps_match_matchInfo_team2_playerHistories_15_tournamentUrn,props_pageProps_match_matchInfo_team2_playerHistories_16___typename,props_pageProps_match_matchInfo_team2_playerHistories_16_playerDetails___typename,props_pageProps_match_matchInfo_team2_playerHistories_16_playerDetails_factorId,props_pageProps_match_matchInfo_team2_playerHistories_16_playerDetails_fullName,props_pageProps_match_matchInfo_team2_playerHistories_16_playerDetails_headshotUrl,props_pageProps_match_matchInfo_team2_playerHistories_16_playerDetails_name,props_pageProps_match_matchInfo_team2_playerHistories_16_playerDetails_perid,props_pageProps_match_matchInfo_team2_playerHistories_16_playerPerid,props_pageProps_match_matchInfo_team2_playerHistories_16_role,props_pageProps_match_matchInfo_team2_playerHistories_16_tournamentUrn,props_pageProps_match_matchInfo_team2_playerHistories_17___typename,props_pageProps_match_matchInfo_team2_playerHistories_17_playerDetails___typename,props_pageProps_match_matchInfo_team2_playerHistories_17_playerDetails_factorId,props_pageProps_match_matchInfo_team2_playerHistories_17_playerDetails_fullName,props_pageProps_match_matchInfo_team2_playerHistories_17_playerDetails_headshotUrl,props_pageProps_match_matchInfo_team2_playerHistories_17_playerDetails_name,props_pageProps_match_matchInfo_team2_playerHistories_17_playerDetails_perid,props_pageProps_match_matchInfo_team2_playerHistories_17_playerPerid,props_pageProps_match_matchInfo_team2_playerHistories_17_role,props_pageProps_match_matchInfo_team2_playerHistories_17_tournamentUrn,props_pageProps_match_matchInfo_team2_playerHistories_18___typename,props_pageProps_match_matchInfo_team2_playerHistories_18_playerDetails___typename,props_pageProps_match_matchInfo_team2_playerHistories_18_playerDetails_factorId,props_pageProps_match_matchInfo_team2_playerHistories_18_playerDetails_fullName,props_pageProps_match_matchInfo_team2_playerHistories_18_playerDetails_headshotUrl,props_pageProps_match_matchInfo_team2_playerHistories_18_playerDetails_name,props_pageProps_match_matchInfo_team2_playerHistories_18_playerDetails_perid,props_pageProps_match_matchInfo_team2_playerHistories_18_playerPerid,props_pageProps_match_matchInfo_team2_playerHistories_18_role,props_pageProps_match_matchInfo_team2_playerHistories_18_tournamentUrn,props_pageProps_match_matchInfo_team2_playerHistories_19___typename,props_pageProps_match_matchInfo_team2_playerHistories_19_playerDetails___typename,props_pageProps_match_matchInfo_team2_playerHistories_19_playerDetails_factorId,props_pageProps_match_matchInfo_team2_playerHistories_19_playerDetails_fullName,props_pageProps_match_matchInfo_team2_playerHistories_19_playerDetails_headshotUrl,props_pageProps_match_matchInfo_team2_playerHistories_19_playerDetails_name,props_pageProps_match_matchInfo_team2_playerHistories_19_playerDetails_perid,props_pageProps_match_matchInfo_team2_playerHistories_19_playerPerid,props_pageProps_match_matchInfo_team2_playerHistories_19_role,props_pageProps_match_matchInfo_team2_playerHistories_19_tournamentUrn,props_pageProps_match_matchInfo_team2_playerHistories_20___typename,props_pageProps_match_matchInfo_team2_playerHistories_20_playerDetails___typename,props_pageProps_match_matchInfo_team2_playerHistories_20_playerDetails_factorId,props_pageProps_match_matchInfo_team2_playerHistories_20_playerDetails_fullName,props_pageProps_match_matchInfo_team2_playerHistories_20_playerDetails_headshotUrl,props_pageProps_match_matchInfo_team2_playerHistories_20_playerDetails_name,props_pageProps_match_matchInfo_team2_playerHistories_20_playerDetails_perid,props_pageProps_match_matchInfo_team2_playerHistories_20_playerPerid,props_pageProps_match_matchInfo_team2_playerHistories_20_role,props_pageProps_match_matchInfo_team2_playerHistories_20_tournamentUrn,props_pageProps_match_matchInfo_team2_playerHistories_21___typename,props_pageProps_match_matchInfo_team2_playerHistories_21_playerDetails___typename,props_pageProps_match_matchInfo_team2_playerHistories_21_playerDetails_factorId,props_pageProps_match_matchInfo_team2_playerHistories_21_playerDetails_fullName,props_pageProps_match_matchInfo_team2_playerHistories_21_playerDetails_headshotUrl,props_pageProps_match_matchInfo_team2_playerHistories_21_playerDetails_name,props_pageProps_match_matchInfo_team2_playerHistories_21_playerDetails_perid,props_pageProps_match_matchInfo_team2_playerHistories_21_playerPerid,props_pageProps_match_matchInfo_team2_playerHistories_21_role,props_pageProps_match_matchInfo_team2_playerHistories_21_tournamentUrn,props_pageProps_match_matchInfo_team2_playerHistories_22___typename,props_pageProps_match_matchInfo_team2_playerHistories_22_playerDetails___typename,props_pageProps_match_matchInfo_team2_playerHistories_22_playerDetails_factorId,props_pageProps_match_matchInfo_team2_playerHistories_22_playerDetails_fullName,props_pageProps_match_matchInfo_team2_playerHistories_22_playerDetails_headshotUrl,props_pageProps_match_matchInfo_team2_playerHistories_22_playerDetails_name,props_pageProps_match_matchInfo_team2_playerHistories_22_playerDetails_perid,props_pageProps_match_matchInfo_team2_playerHistories_22_playerPerid,props_pageProps_match_matchInfo_team2_playerHistories_22_role,props_pageProps_match_matchInfo_team2_playerHistories_22_tournamentUrn,props_pageProps_match_matchInfo_team2_playerHistories_23___typename,props_pageProps_match_matchInfo_team2_playerHistories_23_playerDetails___typename,props_pageProps_match_matchInfo_team2_playerHistories_23_playerDetails_factorId,props_pageProps_match_matchInfo_team2_playerHistories_23_playerDetails_fullName,props_pageProps_match_matchInfo_team2_playerHistories_23_playerDetails_headshotUrl,props_pageProps_match_matchInfo_team2_playerHistories_23_playerDetails_name,props_pageProps_match_matchInfo_team2_playerHistories_23_playerDetails_perid,props_pageProps_match_matchInfo_team2_playerHistories_23_playerPerid,props_pageProps_match_matchInfo_team2_playerHistories_23_role,props_pageProps_match_matchInfo_team2_playerHistories_23_tournamentUrn,props_pageProps_match_matchInfo_team2_playerHistories_24___typename,props_pageProps_match_matchInfo_team2_playerHistories_24_playerDetails___typename,props_pageProps_match_matchInfo_team2_playerHistories_24_playerDetails_factorId,props_pageProps_match_matchInfo_team2_playerHistories_24_playerDetails_fullName,props_pageProps_match_matchInfo_team2_playerHistories_24_playerDetails_headshotUrl,props_pageProps_match_matchInfo_team2_playerHistories_24_playerDetails_name,props_pageProps_match_matchInfo_team2_playerHistories_24_playerDetails_perid,props_pageProps_match_matchInfo_team2_playerHistories_24_playerPerid,props_pageProps_match_matchInfo_team2_playerHistories_24_role,props_pageProps_match_matchInfo_team2_playerHistories_24_tournamentUrn,props_pageProps_match_matchInfo_team2_playerHistories_25___typename,props_pageProps_match_matchInfo_team2_playerHistories_25_playerDetails___typename,props_pageProps_match_matchInfo_team2_playerHistories_25_playerDetails_factorId,props_pageProps_match_matchInfo_team2_playerHistories_25_playerDetails_fullName,props_pageProps_match_matchInfo_team2_playerHistories_25_playerDetails_headshotUrl,props_pageProps_match_matchInfo_team2_playerHistories_25_playerDetails_name,props_pageProps_match_matchInfo_team2_playerHistories_25_playerDetails_perid,props_pageProps_match_matchInfo_team2_playerHistories_25_playerPerid,props_pageProps_match_matchInfo_team2_playerHistories_25_role,props_pageProps_match_matchInfo_team2_playerHistories_25_tournamentUrn,props_pageProps_match_matchInfo_team2_playerHistories_26___typename,props_pageProps_match_matchInfo_team2_playerHistories_26_playerDetails___typename,props_pageProps_match_matchInfo_team2_playerHistories_26_playerDetails_factorId,props_pageProps_match_matchInfo_team2_playerHistories_26_playerDetails_fullName,props_pageProps_match_matchInfo_team2_playerHistories_26_playerDetails_headshotUrl,props_pageProps_match_matchInfo_team2_playerHistories_26_playerDetails_name,props_pageProps_match_matchInfo_team2_playerHistories_26_playerDetails_perid,props_pageProps_match_matchInfo_team2_playerHistories_26_playerPerid,props_pageProps_match_matchInfo_team2_playerHistories_26_role,props_pageProps_match_matchInfo_team2_playerHistories_26_tournamentUrn,props_pageProps_match_matchInfo_team2_playerHistories_27___typename,props_pageProps_match_matchInfo_team2_playerHistories_27_playerDetails___typename,props_pageProps_match_matchInfo_team2_playerHistories_27_playerDetails_factorId,props_pageProps_match_matchInfo_team2_playerHistories_27_playerDetails_fullName,props_pageProps_match_matchInfo_team2_playerHistories_27_playerDetails_headshotUrl,props_pageProps_match_matchInfo_team2_playerHistories_27_playerDetails_name,props_pageProps_match_matchInfo_team2_playerHistories_27_playerDetails_perid,props_pageProps_match_matchInfo_team2_playerHistories_27_playerPerid,props_pageProps_match_matchInfo_team2_playerHistories_27_role,props_pageProps_match_matchInfo_team2_playerHistories_27_tournamentUrn,props_pageProps_match_matchInfo_team2_playerHistories_28___typename,props_pageProps_match_matchInfo_team2_playerHistories_28_playerDetails___typename,props_pageProps_match_matchInfo_team2_playerHistories_28_playerDetails_factorId,props_pageProps_match_matchInfo_team2_playerHistories_28_playerDetails_fullName,props_pageProps_match_matchInfo_team2_playerHistories_28_playerDetails_headshotUrl,props_pageProps_match_matchInfo_team2_playerHistories_28_playerDetails_name,props_pageProps_match_matchInfo_team2_playerHistories_28_playerDetails_perid,props_pageProps_match_matchInfo_team2_playerHistories_28_playerPerid,props_pageProps_match_matchInfo_team2_playerHistories_28_role,props_pageProps_match_matchInfo_team2_playerHistories_28_tournamentUrn,props_pageProps_match_matchInfo_team2_playerHistories_29___typename,props_pageProps_match_matchInfo_team2_playerHistories_29_playerDetails___typename,props_pageProps_match_matchInfo_team2_playerHistories_29_playerDetails_factorId,props_pageProps_match_matchInfo_team2_playerHistories_29_playerDetails_fullName,props_pageProps_match_matchInfo_team2_playerHistories_29_playerDetails_headshotUrl,props_pageProps_match_matchInfo_team2_playerHistories_29_playerDetails_name,props_pageProps_match_matchInfo_team2_playerHistories_29_playerDetails_perid,props_pageProps_match_matchInfo_team2_playerHistories_29_playerPerid,props_pageProps_match_matchInfo_team2_playerHistories_29_role,props_pageProps_match_matchInfo_team2_playerHistories_29_tournamentUrn,props_pageProps_match_matchInfo_team2_playerHistories_30___typename,props_pageProps_match_matchInfo_team2_playerHistories_30_playerDetails___typename,props_pageProps_match_matchInfo_team2_playerHistories_30_playerDetails_factorId,props_pageProps_match_matchInfo_team2_playerHistories_30_playerDetails_fullName,props_pageProps_match_matchInfo_team2_playerHistories_30_playerDetails_headshotUrl,props_pageProps_match_matchInfo_team2_playerHistories_30_playerDetails_name,props_pageProps_match_matchInfo_team2_playerHistories_30_playerDetails_perid,props_pageProps_match_matchInfo_team2_playerHistories_30_playerPerid,props_pageProps_match_matchInfo_team2_playerHistories_30_role,props_pageProps_match_matchInfo_team2_playerHistories_30_tournamentUrn,props_pageProps_match_matchInfo_team2_playerHistories_31___typename,props_pageProps_match_matchInfo_team2_playerHistories_31_playerDetails___typename,props_pageProps_match_matchInfo_team2_playerHistories_31_playerDetails_factorId,props_pageProps_match_matchInfo_team2_playerHistories_31_playerDetails_fullName,props_pageProps_match_matchInfo_team2_playerHistories_31_playerDetails_headshotUrl,props_pageProps_match_matchInfo_team2_playerHistories_31_playerDetails_name,props_pageProps_match_matchInfo_team2_playerHistories_31_playerDetails_perid,props_pageProps_match_matchInfo_team2_playerHistories_31_playerPerid,props_pageProps_match_matchInfo_team2_playerHistories_31_role,props_pageProps_match_matchInfo_team2_playerHistories_31_tournamentUrn,props_pageProps_match_matchInfo_team2_playerHistories_32___typename,props_pageProps_match_matchInfo_team2_playerHistories_32_playerDetails___typename,props_pageProps_match_matchInfo_team2_playerHistories_32_playerDetails_factorId,props_pageProps_match_matchInfo_team2_playerHistories_32_playerDetails_fullName,props_pageProps_match_matchInfo_team2_playerHistories_32_playerDetails_headshotUrl,props_pageProps_match_matchInfo_team2_playerHistories_32_playerDetails_name,props_pageProps_match_matchInfo_team2_playerHistories_32_playerDetails_perid,props_pageProps_match_matchInfo_team2_playerHistories_32_playerPerid,props_pageProps_match_matchInfo_team2_playerHistories_32_role,props_pageProps_match_matchInfo_team2_playerHistories_32_tournamentUrn,props_pageProps_match_matchInfo_team2_playerHistories_33___typename,props_pageProps_match_matchInfo_team2_playerHistories_33_playerDetails___typename,props_pageProps_match_matchInfo_team2_playerHistories_33_playerDetails_factorId,props_pageProps_match_matchInfo_team2_playerHistories_33_playerDetails_fullName,props_pageProps_match_matchInfo_team2_playerHistories_33_playerDetails_headshotUrl,props_pageProps_match_matchInfo_team2_playerHistories_33_playerDetails_name,props_pageProps_match_matchInfo_team2_playerHistories_33_playerDetails_perid,props_pageProps_match_matchInfo_team2_playerHistories_33_playerPerid,props_pageProps_match_matchInfo_team2_playerHistories_33_role,props_pageProps_match_matchInfo_team2_playerHistories_33_tournamentUrn,props_pageProps_match_matchInfo_team2_playerHistories_34___typename,props_pageProps_match_matchInfo_team2_playerHistories_34_playerDetails___typename,props_pageProps_match_matchInfo_team2_playerHistories_34_playerDetails_factorId,props_pageProps_match_matchInfo_team2_playerHistories_34_playerDetails_fullName,props_pageProps_match_matchInfo_team2_playerHistories_34_playerDetails_headshotUrl,props_pageProps_match_matchInfo_team2_playerHistories_34_playerDetails_name,props_pageProps_match_matchInfo_team2_playerHistories_34_playerDetails_perid,props_pageProps_match_matchInfo_team2_playerHistories_34_playerPerid,props_pageProps_match_matchInfo_team2_playerHistories_34_role,props_pageProps_match_matchInfo_team2_playerHistories_34_tournamentUrn,props_pageProps_match_matchInfo_team2_playerHistories_35___typename,props_pageProps_match_matchInfo_team2_playerHistories_35_playerDetails___typename,props_pageProps_match_matchInfo_team2_playerHistories_35_playerDetails_factorId,props_pageProps_match_matchInfo_team2_playerHistories_35_playerDetails_fullName,props_pageProps_match_matchInfo_team2_playerHistories_35_playerDetails_headshotUrl,props_pageProps_match_matchInfo_team2_playerHistories_35_playerDetails_name,props_pageProps_match_matchInfo_team2_playerHistories_35_playerDetails_perid,props_pageProps_match_matchInfo_team2_playerHistories_35_playerPerid,props_pageProps_match_matchInfo_team2_playerHistories_35_role,props_pageProps_match_matchInfo_team2_playerHistories_35_tournamentUrn,props_pageProps_match_matchInfo_team2_playerHistories_36___typename,props_pageProps_match_matchInfo_team2_playerHistories_36_playerDetails___typename,props_pageProps_match_matchInfo_team2_playerHistories_36_playerDetails_factorId,props_pageProps_match_matchInfo_team2_playerHistories_36_playerDetails_fullName,props_pageProps_match_matchInfo_team2_playerHistories_36_playerDetails_headshotUrl,props_pageProps_match_matchInfo_team2_playerHistories_36_playerDetails_name,props_pageProps_match_matchInfo_team2_playerHistories_36_playerDetails_perid,props_pageProps_match_matchInfo_team2_playerHistories_36_playerPerid,props_pageProps_match_matchInfo_team2_playerHistories_36_role,props_pageProps_match_matchInfo_team2_playerHistories_36_tournamentUrn,props_pageProps_match_matchInfo_team2_playerHistories_37___typename,props_pageProps_match_matchInfo_team2_playerHistories_37_playerDetails___typename,props_pageProps_match_matchInfo_team2_playerHistories_37_playerDetails_factorId,props_pageProps_match_matchInfo_team2_playerHistories_37_playerDetails_fullName,props_pageProps_match_matchInfo_team2_playerHistories_37_playerDetails_headshotUrl,props_pageProps_match_matchInfo_team2_playerHistories_37_playerDetails_name,props_pageProps_match_matchInfo_team2_playerHistories_37_playerDetails_perid,props_pageProps_match_matchInfo_team2_playerHistories_37_playerPerid,props_pageProps_match_matchInfo_team2_playerHistories_37_role,props_pageProps_match_matchInfo_team2_playerHistories_37_tournamentUrn,props_pageProps_match_matchInfo_team2_playerHistories_38___typename,props_pageProps_match_matchInfo_team2_playerHistories_38_playerDetails___typename,props_pageProps_match_matchInfo_team2_playerHistories_38_playerDetails_factorId,props_pageProps_match_matchInfo_team2_playerHistories_38_playerDetails_fullName,props_pageProps_match_matchInfo_team2_playerHistories_38_playerDetails_headshotUrl,props_pageProps_match_matchInfo_team2_playerHistories_38_playerDetails_name,props_pageProps_match_matchInfo_team2_playerHistories_38_playerDetails_perid,props_pageProps_match_matchInfo_team2_playerHistories_38_playerPerid,props_pageProps_match_matchInfo_team2_playerHistories_38_role,props_pageProps_match_matchInfo_team2_playerHistories_38_tournamentUrn,props_pageProps_match_matchInfo_team2_playerHistories_39___typename,props_pageProps_match_matchInfo_team2_playerHistories_39_playerDetails___typename,props_pageProps_match_matchInfo_team2_playerHistories_39_playerDetails_factorId,props_pageProps_match_matchInfo_team2_playerHistories_39_playerDetails_fullName,props_pageProps_match_matchInfo_team2_playerHistories_39_playerDetails_headshotUrl,props_pageProps_match_matchInfo_team2_playerHistories_39_playerDetails_name,props_pageProps_match_matchInfo_team2_playerHistories_39_playerDetails_perid,props_pageProps_match_matchInfo_team2_playerHistories_39_playerPerid,props_pageProps_match_matchInfo_team2_playerHistories_39_role,props_pageProps_match_matchInfo_team2_playerHistories_39_tournamentUrn,props_pageProps_match_matchInfo_team2_playerHistories_40___typename,props_pageProps_match_matchInfo_team2_playerHistories_40_playerDetails___typename,props_pageProps_match_matchInfo_team2_playerHistories_40_playerDetails_factorId,props_pageProps_match_matchInfo_team2_playerHistories_40_playerDetails_fullName,props_pageProps_match_matchInfo_team2_playerHistories_40_playerDetails_headshotUrl,props_pageProps_match_matchInfo_team2_playerHistories_40_playerDetails_name,props_pageProps_match_matchInfo_team2_playerHistories_40_playerDetails_perid,props_pageProps_match_matchInfo_team2_playerHistories_40_playerPerid,props_pageProps_match_matchInfo_team2_playerHistories_40_role,props_pageProps_match_matchInfo_team2_playerHistories_40_tournamentUrn,props_pageProps_match_matchInfo_team2_playerHistories_41___typename,props_pageProps_match_matchInfo_team2_playerHistories_41_playerDetails___typename,props_pageProps_match_matchInfo_team2_playerHistories_41_playerDetails_factorId,props_pageProps_match_matchInfo_team2_playerHistories_41_playerDetails_fullName,props_pageProps_match_matchInfo_team2_playerHistories_41_playerDetails_headshotUrl,props_pageProps_match_matchInfo_team2_playerHistories_41_playerDetails_name,props_pageProps_match_matchInfo_team2_playerHistories_41_playerDetails_perid,props_pageProps_match_matchInfo_team2_playerHistories_41_playerPerid,props_pageProps_match_matchInfo_team2_playerHistories_41_role,props_pageProps_match_matchInfo_team2_playerHistories_41_tournamentUrn,props_pageProps_match_matchInfo_team2_playerHistories_42___typename,props_pageProps_match_matchInfo_team2_playerHistories_42_playerDetails___typename,props_pageProps_match_matchInfo_team2_playerHistories_42_playerDetails_factorId,props_pageProps_match_matchInfo_team2_playerHistories_42_playerDetails_fullName,props_pageProps_match_matchInfo_team2_playerHistories_42_playerDetails_headshotUrl,props_pageProps_match_matchInfo_team2_playerHistories_42_playerDetails_name,props_pageProps_match_matchInfo_team2_playerHistories_42_playerDetails_perid,props_pageProps_match_matchInfo_team2_playerHistories_42_playerPerid,props_pageProps_match_matchInfo_team2_playerHistories_42_role,props_pageProps_match_matchInfo_team2_playerHistories_42_tournamentUrn,props_pageProps_match_matchInfo_team2_playerHistories_43___typename,props_pageProps_match_matchInfo_team2_playerHistories_43_playerDetails,props_pageProps_match_matchInfo_team2_playerHistories_43_playerPerid,props_pageProps_match_matchInfo_team2_playerHistories_43_role,props_pageProps_match_matchInfo_team2_playerHistories_43_tournamentUrn,props_pageProps_match_matchInfo_team2_playerHistories_44___typename,props_pageProps_match_matchInfo_team2_playerHistories_44_playerDetails___typename,props_pageProps_match_matchInfo_team2_playerHistories_44_playerDetails_factorId,props_pageProps_match_matchInfo_team2_playerHistories_44_playerDetails_fullName,props_pageProps_match_matchInfo_team2_playerHistories_44_playerDetails_headshotUrl,props_pageProps_match_matchInfo_team2_playerHistories_44_playerDetails_name,props_pageProps_match_matchInfo_team2_playerHistories_44_playerDetails_perid,props_pageProps_match_matchInfo_team2_playerHistories_44_playerPerid,props_pageProps_match_matchInfo_team2_playerHistories_44_role,props_pageProps_match_matchInfo_team2_playerHistories_44_tournamentUrn,props_pageProps_match_matchInfo_team2_playerHistories_45___typename,props_pageProps_match_matchInfo_team2_playerHistories_45_playerDetails___typename,props_pageProps_match_matchInfo_team2_playerHistories_45_playerDetails_factorId,props_pageProps_match_matchInfo_team2_playerHistories_45_playerDetails_fullName,props_pageProps_match_matchInfo_team2_playerHistories_45_playerDetails_headshotUrl,props_pageProps_match_matchInfo_team2_playerHistories_45_playerDetails_name,props_pageProps_match_matchInfo_team2_playerHistories_45_playerDetails_perid,props_pageProps_match_matchInfo_team2_playerHistories_45_playerPerid,props_pageProps_match_matchInfo_team2_playerHistories_45_role,props_pageProps_match_matchInfo_team2_playerHistories_45_tournamentUrn,props_pageProps_match_matchInfo_team2_playerHistories_46___typename,props_pageProps_match_matchInfo_team2_playerHistories_46_playerDetails___typename,props_pageProps_match_matchInfo_team2_playerHistories_46_playerDetails_factorId,props_pageProps_match_matchInfo_team2_playerHistories_46_playerDetails_fullName,props_pageProps_match_matchInfo_team2_playerHistories_46_playerDetails_headshotUrl,props_pageProps_match_matchInfo_team2_playerHistories_46_playerDetails_name,props_pageProps_match_matchInfo_team2_playerHistories_46_playerDetails_perid,props_pageProps_match_matchInfo_team2_playerHistories_46_playerPerid,props_pageProps_match_matchInfo_team2_playerHistories_46_role,props_pageProps_match_matchInfo_team2_playerHistories_46_tournamentUrn,props_pageProps_match_matchInfo_team2_playerHistories_47___typename,props_pageProps_match_matchInfo_team2_playerHistories_47_playerDetails,props_pageProps_match_matchInfo_team2_playerHistories_47_playerPerid,props_pageProps_match_matchInfo_team2_playerHistories_47_role,props_pageProps_match_matchInfo_team2_playerHistories_47_tournamentUrn,props_pageProps_match_matchInfo_team2_playerHistories_48___typename,props_pageProps_match_matchInfo_team2_playerHistories_48_playerDetails,props_pageProps_match_matchInfo_team2_playerHistories_48_playerPerid,props_pageProps_match_matchInfo_team2_playerHistories_48_role,props_pageProps_match_matchInfo_team2_playerHistories_48_tournamentUrn,props_pageProps_match_matchInfo_team2_playerHistories_49___typename,props_pageProps_match_matchInfo_team2_playerHistories_49_playerDetails___typename,props_pageProps_match_matchInfo_team2_playerHistories_49_playerDetails_factorId,props_pageProps_match_matchInfo_team2_playerHistories_49_playerDetails_fullName,props_pageProps_match_matchInfo_team2_playerHistories_49_playerDetails_headshotUrl,props_pageProps_match_matchInfo_team2_playerHistories_49_playerDetails_name,props_pageProps_match_matchInfo_team2_playerHistories_49_playerDetails_perid,props_pageProps_match_matchInfo_team2_playerHistories_49_playerPerid,props_pageProps_match_matchInfo_team2_playerHistories_49_role,props_pageProps_match_matchInfo_team2_playerHistories_49_tournamentUrn,props_pageProps_match_matchInfo_team2_playerHistories_50___typename,props_pageProps_match_matchInfo_team2_playerHistories_50_playerDetails___typename,props_pageProps_match_matchInfo_team2_playerHistories_50_playerDetails_factorId,props_pageProps_match_matchInfo_team2_playerHistories_50_playerDetails_fullName,props_pageProps_match_matchInfo_team2_playerHistories_50_playerDetails_headshotUrl,props_pageProps_match_matchInfo_team2_playerHistories_50_playerDetails_name,props_pageProps_match_matchInfo_team2_playerHistories_50_playerDetails_perid,props_pageProps_match_matchInfo_team2_playerHistories_50_playerPerid,props_pageProps_match_matchInfo_team2_playerHistories_50_role,props_pageProps_match_matchInfo_team2_playerHistories_50_tournamentUrn,props_pageProps_match_matchInfo_team2_playerHistories_51___typename,props_pageProps_match_matchInfo_team2_playerHistories_51_playerDetails,props_pageProps_match_matchInfo_team2_playerHistories_51_playerPerid,props_pageProps_match_matchInfo_team2_playerHistories_51_role,props_pageProps_match_matchInfo_team2_playerHistories_51_tournamentUrn,props_pageProps_match_matchInfo_team2_playerHistories_52___typename,props_pageProps_match_matchInfo_team2_playerHistories_52_playerDetails___typename,props_pageProps_match_matchInfo_team2_playerHistories_52_playerDetails_factorId,props_pageProps_match_matchInfo_team2_playerHistories_52_playerDetails_fullName,props_pageProps_match_matchInfo_team2_playerHistories_52_playerDetails_headshotUrl,props_pageProps_match_matchInfo_team2_playerHistories_52_playerDetails_name,props_pageProps_match_matchInfo_team2_playerHistories_52_playerDetails_perid,props_pageProps_match_matchInfo_team2_playerHistories_52_playerPerid,props_pageProps_match_matchInfo_team2_playerHistories_52_role,props_pageProps_match_matchInfo_team2_playerHistories_52_tournamentUrn,props_pageProps_match_matchInfo_team2_playerHistories_53___typename,props_pageProps_match_matchInfo_team2_playerHistories_53_playerDetails,props_pageProps_match_matchInfo_team2_playerHistories_53_playerPerid,props_pageProps_match_matchInfo_team2_playerHistories_53_role,props_pageProps_match_matchInfo_team2_playerHistories_53_tournamentUrn,props_pageProps_match_matchInfo_team2_playerHistories_54___typename,props_pageProps_match_matchInfo_team2_playerHistories_54_playerDetails___typename,props_pageProps_match_matchInfo_team2_playerHistories_54_playerDetails_factorId,props_pageProps_match_matchInfo_team2_playerHistories_54_playerDetails_fullName,props_pageProps_match_matchInfo_team2_playerHistories_54_playerDetails_headshotUrl,props_pageProps_match_matchInfo_team2_playerHistories_54_playerDetails_name,props_pageProps_match_matchInfo_team2_playerHistories_54_playerDetails_perid,props_pageProps_match_matchInfo_team2_playerHistories_54_playerPerid,props_pageProps_match_matchInfo_team2_playerHistories_54_role,props_pageProps_match_matchInfo_team2_playerHistories_54_tournamentUrn,props_pageProps_match_matchInfo_team2_playerHistories_55___typename,props_pageProps_match_matchInfo_team2_playerHistories_55_playerDetails___typename,props_pageProps_match_matchInfo_team2_playerHistories_55_playerDetails_factorId,props_pageProps_match_matchInfo_team2_playerHistories_55_playerDetails_fullName,props_pageProps_match_matchInfo_team2_playerHistories_55_playerDetails_headshotUrl,props_pageProps_match_matchInfo_team2_playerHistories_55_playerDetails_name,props_pageProps_match_matchInfo_team2_playerHistories_55_playerDetails_perid,props_pageProps_match_matchInfo_team2_playerHistories_55_playerPerid,props_pageProps_match_matchInfo_team2_playerHistories_55_role,props_pageProps_match_matchInfo_team2_playerHistories_55_tournamentUrn,props_pageProps_match_matchInfo_team2_playerHistories_56___typename,props_pageProps_match_matchInfo_team2_playerHistories_56_playerDetails___typename,props_pageProps_match_matchInfo_team2_playerHistories_56_playerDetails_factorId,props_pageProps_match_matchInfo_team2_playerHistories_56_playerDetails_fullName,props_pageProps_match_matchInfo_team2_playerHistories_56_playerDetails_headshotUrl,props_pageProps_match_matchInfo_team2_playerHistories_56_playerDetails_name,props_pageProps_match_matchInfo_team2_playerHistories_56_playerDetails_perid,props_pageProps_match_matchInfo_team2_playerHistories_56_playerPerid,props_pageProps_match_matchInfo_team2_playerHistories_56_role,props_pageProps_match_matchInfo_team2_playerHistories_56_tournamentUrn,props_pageProps_match_matchInfo_team2_playerHistories_57___typename,props_pageProps_match_matchInfo_team2_playerHistories_57_playerDetails___typename,props_pageProps_match_matchInfo_team2_playerHistories_57_playerDetails_factorId,props_pageProps_match_matchInfo_team2_playerHistories_57_playerDetails_fullName,props_pageProps_match_matchInfo_team2_playerHistories_57_playerDetails_headshotUrl,props_pageProps_match_matchInfo_team2_playerHistories_57_playerDetails_name,props_pageProps_match_matchInfo_team2_playerHistories_57_playerDetails_perid,props_pageProps_match_matchInfo_team2_playerHistories_57_playerPerid,props_pageProps_match_matchInfo_team2_playerHistories_57_role,props_pageProps_match_matchInfo_team2_playerHistories_57_tournamentUrn,props_pageProps_match_matchInfo_team2_playerHistories_58___typename,props_pageProps_match_matchInfo_team2_playerHistories_58_playerDetails___typename,props_pageProps_match_matchInfo_team2_playerHistories_58_playerDetails_factorId,props_pageProps_match_matchInfo_team2_playerHistories_58_playerDetails_fullName,props_pageProps_match_matchInfo_team2_playerHistories_58_playerDetails_headshotUrl,props_pageProps_match_matchInfo_team2_playerHistories_58_playerDetails_name,props_pageProps_match_matchInfo_team2_playerHistories_58_playerDetails_perid,props_pageProps_match_matchInfo_team2_playerHistories_58_playerPerid,props_pageProps_match_matchInfo_team2_playerHistories_58_role,props_pageProps_match_matchInfo_team2_playerHistories_58_tournamentUrn,props_pageProps_match_matchInfo_team2_playerHistories_59___typename,props_pageProps_match_matchInfo_team2_playerHistories_59_playerDetails,props_pageProps_match_matchInfo_team2_playerHistories_59_playerPerid,props_pageProps_match_matchInfo_team2_playerHistories_59_role,props_pageProps_match_matchInfo_team2_playerHistories_59_tournamentUrn,props_pageProps_match_matchInfo_team2_playerHistories_60___typename,props_pageProps_match_matchInfo_team2_playerHistories_60_playerDetails___typename,props_pageProps_match_matchInfo_team2_playerHistories_60_playerDetails_factorId,props_pageProps_match_matchInfo_team2_playerHistories_60_playerDetails_fullName,props_pageProps_match_matchInfo_team2_playerHistories_60_playerDetails_headshotUrl,props_pageProps_match_matchInfo_team2_playerHistories_60_playerDetails_name,props_pageProps_match_matchInfo_team2_playerHistories_60_playerDetails_perid,props_pageProps_match_matchInfo_team2_playerHistories_60_playerPerid,props_pageProps_match_matchInfo_team2_playerHistories_60_role,props_pageProps_match_matchInfo_team2_playerHistories_60_tournamentUrn,props_pageProps_match_matchInfo_team2_playerHistories_61___typename,props_pageProps_match_matchInfo_team2_playerHistories_61_playerDetails,props_pageProps_match_matchInfo_team2_playerHistories_61_playerPerid,props_pageProps_match_matchInfo_team2_playerHistories_61_role,props_pageProps_match_matchInfo_team2_playerHistories_61_tournamentUrn,props_pageProps_match_matchInfo_team2_playerHistories_62___typename,props_pageProps_match_matchInfo_team2_playerHistories_62_playerDetails,props_pageProps_match_matchInfo_team2_playerHistories_62_playerPerid,props_pageProps_match_matchInfo_team2_playerHistories_62_role,props_pageProps_match_matchInfo_team2_playerHistories_62_tournamentUrn,props_pageProps_match_matchInfo_team2_playerHistories_63___typename,props_pageProps_match_matchInfo_team2_playerHistories_63_playerDetails___typename,props_pageProps_match_matchInfo_team2_playerHistories_63_playerDetails_factorId,props_pageProps_match_matchInfo_team2_playerHistories_63_playerDetails_fullName,props_pageProps_match_matchInfo_team2_playerHistories_63_playerDetails_headshotUrl,props_pageProps_match_matchInfo_team2_playerHistories_63_playerDetails_name,props_pageProps_match_matchInfo_team2_playerHistories_63_playerDetails_perid,props_pageProps_match_matchInfo_team2_playerHistories_63_playerPerid,props_pageProps_match_matchInfo_team2_playerHistories_63_role,props_pageProps_match_matchInfo_team2_playerHistories_63_tournamentUrn,props_pageProps_match_matchInfo_team2_playerHistories_64___typename,props_pageProps_match_matchInfo_team2_playerHistories_64_playerDetails___typename,props_pageProps_match_matchInfo_team2_playerHistories_64_playerDetails_factorId,props_pageProps_match_matchInfo_team2_playerHistories_64_playerDetails_fullName,props_pageProps_match_matchInfo_team2_playerHistories_64_playerDetails_headshotUrl,props_pageProps_match_matchInfo_team2_playerHistories_64_playerDetails_name,props_pageProps_match_matchInfo_team2_playerHistories_64_playerDetails_perid,props_pageProps_match_matchInfo_team2_playerHistories_64_playerPerid,props_pageProps_match_matchInfo_team2_playerHistories_64_role,props_pageProps_match_matchInfo_team2_playerHistories_64_tournamentUrn,props_pageProps_match_matchInfo_team2_playerHistories_65___typename,props_pageProps_match_matchInfo_team2_playerHistories_65_playerDetails___typename,props_pageProps_match_matchInfo_team2_playerHistories_65_playerDetails_factorId,props_pageProps_match_matchInfo_team2_playerHistories_65_playerDetails_fullName,props_pageProps_match_matchInfo_team2_playerHistories_65_playerDetails_headshotUrl,props_pageProps_match_matchInfo_team2_playerHistories_65_playerDetails_name,props_pageProps_match_matchInfo_team2_playerHistories_65_playerDetails_perid,props_pageProps_match_matchInfo_team2_playerHistories_65_playerPerid,props_pageProps_match_matchInfo_team2_playerHistories_65_role,props_pageProps_match_matchInfo_team2_playerHistories_65_tournamentUrn,props_pageProps_match_matchInfo_team2_playerHistories_66___typename,props_pageProps_match_matchInfo_team2_playerHistories_66_playerDetails___typename,props_pageProps_match_matchInfo_team2_playerHistories_66_playerDetails_factorId,props_pageProps_match_matchInfo_team2_playerHistories_66_playerDetails_fullName,props_pageProps_match_matchInfo_team2_playerHistories_66_playerDetails_headshotUrl,props_pageProps_match_matchInfo_team2_playerHistories_66_playerDetails_name,props_pageProps_match_matchInfo_team2_playerHistories_66_playerDetails_perid,props_pageProps_match_matchInfo_team2_playerHistories_66_playerPerid,props_pageProps_match_matchInfo_team2_playerHistories_66_role,props_pageProps_match_matchInfo_team2_playerHistories_66_tournamentUrn,props_pageProps_match_matchInfo_team2_playerHistories_67___typename,props_pageProps_match_matchInfo_team2_playerHistories_67_playerDetails,props_pageProps_match_matchInfo_team2_playerHistories_67_playerPerid,props_pageProps_match_matchInfo_team2_playerHistories_67_role,props_pageProps_match_matchInfo_team2_playerHistories_67_tournamentUrn,props_pageProps_match_matchInfo_team2_playerHistories_68___typename,props_pageProps_match_matchInfo_team2_playerHistories_68_playerDetails___typename,props_pageProps_match_matchInfo_team2_playerHistories_68_playerDetails_factorId,props_pageProps_match_matchInfo_team2_playerHistories_68_playerDetails_fullName,props_pageProps_match_matchInfo_team2_playerHistories_68_playerDetails_headshotUrl,props_pageProps_match_matchInfo_team2_playerHistories_68_playerDetails_name,props_pageProps_match_matchInfo_team2_playerHistories_68_playerDetails_perid,props_pageProps_match_matchInfo_team2_playerHistories_68_playerPerid,props_pageProps_match_matchInfo_team2_playerHistories_68_role,props_pageProps_match_matchInfo_team2_playerHistories_68_tournamentUrn,props_pageProps_match_matchInfo_team2_playerHistories_69___typename,props_pageProps_match_matchInfo_team2_playerHistories_69_playerDetails___typename,props_pageProps_match_matchInfo_team2_playerHistories_69_playerDetails_factorId,props_pageProps_match_matchInfo_team2_playerHistories_69_playerDetails_fullName,props_pageProps_match_matchInfo_team2_playerHistories_69_playerDetails_headshotUrl,props_pageProps_match_matchInfo_team2_playerHistories_69_playerDetails_name,props_pageProps_match_matchInfo_team2_playerHistories_69_playerDetails_perid,props_pageProps_match_matchInfo_team2_playerHistories_69_playerPerid,props_pageProps_match_matchInfo_team2_playerHistories_69_role,props_pageProps_match_matchInfo_team2_playerHistories_69_tournamentUrn,props_pageProps_match_matchInfo_team2_playerHistories_70___typename,props_pageProps_match_matchInfo_team2_playerHistories_70_playerDetails___typename,props_pageProps_match_matchInfo_team2_playerHistories_70_playerDetails_factorId,props_pageProps_match_matchInfo_team2_playerHistories_70_playerDetails_fullName,props_pageProps_match_matchInfo_team2_playerHistories_70_playerDetails_headshotUrl,props_pageProps_match_matchInfo_team2_playerHistories_70_playerDetails_name,props_pageProps_match_matchInfo_team2_playerHistories_70_playerDetails_perid,props_pageProps_match_matchInfo_team2_playerHistories_70_playerPerid,props_pageProps_match_matchInfo_team2_playerHistories_70_role,props_pageProps_match_matchInfo_team2_playerHistories_70_tournamentUrn,props_pageProps_match_matchInfo_team2_playerHistories_71___typename,props_pageProps_match_matchInfo_team2_playerHistories_71_playerDetails___typename,props_pageProps_match_matchInfo_team2_playerHistories_71_playerDetails_factorId,props_pageProps_match_matchInfo_team2_playerHistories_71_playerDetails_fullName,props_pageProps_match_matchInfo_team2_playerHistories_71_playerDetails_headshotUrl,props_pageProps_match_matchInfo_team2_playerHistories_71_playerDetails_name,props_pageProps_match_matchInfo_team2_playerHistories_71_playerDetails_perid,props_pageProps_match_matchInfo_team2_playerHistories_71_playerPerid,props_pageProps_match_matchInfo_team2_playerHistories_71_role,props_pageProps_match_matchInfo_team2_playerHistories_71_tournamentUrn,props_pageProps_match_matchInfo_team2_playerHistories_72___typename,props_pageProps_match_matchInfo_team2_playerHistories_72_playerDetails___typename,props_pageProps_match_matchInfo_team2_playerHistories_72_playerDetails_factorId,props_pageProps_match_matchInfo_team2_playerHistories_72_playerDetails_fullName,props_pageProps_match_matchInfo_team2_playerHistories_72_playerDetails_headshotUrl,props_pageProps_match_matchInfo_team2_playerHistories_72_playerDetails_name,props_pageProps_match_matchInfo_team2_playerHistories_72_playerDetails_perid,props_pageProps_match_matchInfo_team2_playerHistories_72_playerPerid,props_pageProps_match_matchInfo_team2_playerHistories_72_role,props_pageProps_match_matchInfo_team2_playerHistories_72_tournamentUrn,props_pageProps_match_matchInfo_team2_playerHistories_73___typename,props_pageProps_match_matchInfo_team2_playerHistories_73_playerDetails___typename,props_pageProps_match_matchInfo_team2_playerHistories_73_playerDetails_factorId,props_pageProps_match_matchInfo_team2_playerHistories_73_playerDetails_fullName,props_pageProps_match_matchInfo_team2_playerHistories_73_playerDetails_headshotUrl,props_pageProps_match_matchInfo_team2_playerHistories_73_playerDetails_name,props_pageProps_match_matchInfo_team2_playerHistories_73_playerDetails_perid,props_pageProps_match_matchInfo_team2_playerHistories_73_playerPerid,props_pageProps_match_matchInfo_team2_playerHistories_73_role,props_pageProps_match_matchInfo_team2_playerHistories_73_tournamentUrn,props_pageProps_match_matchInfo_team2_playerHistories_74___typename,props_pageProps_match_matchInfo_team2_playerHistories_74_playerDetails___typename,props_pageProps_match_matchInfo_team2_playerHistories_74_playerDetails_factorId,props_pageProps_match_matchInfo_team2_playerHistories_74_playerDetails_fullName,props_pageProps_match_matchInfo_team2_playerHistories_74_playerDetails_headshotUrl,props_pageProps_match_matchInfo_team2_playerHistories_74_playerDetails_name,props_pageProps_match_matchInfo_team2_playerHistories_74_playerDetails_perid,props_pageProps_match_matchInfo_team2_playerHistories_74_playerPerid,props_pageProps_match_matchInfo_team2_playerHistories_74_role,props_pageProps_match_matchInfo_team2_playerHistories_74_tournamentUrn,props_pageProps_match_matchInfo_team2_playerHistories_75___typename,props_pageProps_match_matchInfo_team2_playerHistories_75_playerDetails___typename,props_pageProps_match_matchInfo_team2_playerHistories_75_playerDetails_factorId,props_pageProps_match_matchInfo_team2_playerHistories_75_playerDetails_fullName,props_pageProps_match_matchInfo_team2_playerHistories_75_playerDetails_headshotUrl,props_pageProps_match_matchInfo_team2_playerHistories_75_playerDetails_name,props_pageProps_match_matchInfo_team2_playerHistories_75_playerDetails_perid,props_pageProps_match_matchInfo_team2_playerHistories_75_playerPerid,props_pageProps_match_matchInfo_team2_playerHistories_75_role,props_pageProps_match_matchInfo_team2_playerHistories_75_tournamentUrn,props_pageProps_match_matchInfo_team2_playerHistories_76___typename,props_pageProps_match_matchInfo_team2_playerHistories_76_playerDetails___typename,props_pageProps_match_matchInfo_team2_playerHistories_76_playerDetails_factorId,props_pageProps_match_matchInfo_team2_playerHistories_76_playerDetails_fullName,props_pageProps_match_matchInfo_team2_playerHistories_76_playerDetails_headshotUrl,props_pageProps_match_matchInfo_team2_playerHistories_76_playerDetails_name,props_pageProps_match_matchInfo_team2_playerHistories_76_playerDetails_perid,props_pageProps_match_matchInfo_team2_playerHistories_76_playerPerid,props_pageProps_match_matchInfo_team2_playerHistories_76_role,props_pageProps_match_matchInfo_team2_playerHistories_76_tournamentUrn,props_pageProps_match_matchInfo_team2_playerHistories_77___typename,props_pageProps_match_matchInfo_team2_playerHistories_77_playerDetails___typename,props_pageProps_match_matchInfo_team2_playerHistories_77_playerDetails_factorId,props_pageProps_match_matchInfo_team2_playerHistories_77_playerDetails_fullName,props_pageProps_match_matchInfo_team2_playerHistories_77_playerDetails_headshotUrl,props_pageProps_match_matchInfo_team2_playerHistories_77_playerDetails_name,props_pageProps_match_matchInfo_team2_playerHistories_77_playerDetails_perid,props_pageProps_match_matchInfo_team2_playerHistories_77_playerPerid,props_pageProps_match_matchInfo_team2_playerHistories_77_role,props_pageProps_match_matchInfo_team2_playerHistories_77_tournamentUrn,props_pageProps_match_matchInfo_team2_playerHistories_78___typename,props_pageProps_match_matchInfo_team2_playerHistories_78_playerDetails,props_pageProps_match_matchInfo_team2_playerHistories_78_playerPerid,props_pageProps_match_matchInfo_team2_playerHistories_78_role,props_pageProps_match_matchInfo_team2_playerHistories_78_tournamentUrn,props_pageProps_match_matchInfo_team2_playerHistories_79___typename,props_pageProps_match_matchInfo_team2_playerHistories_79_playerDetails___typename,props_pageProps_match_matchInfo_team2_playerHistories_79_playerDetails_factorId,props_pageProps_match_matchInfo_team2_playerHistories_79_playerDetails_fullName,props_pageProps_match_matchInfo_team2_playerHistories_79_playerDetails_headshotUrl,props_pageProps_match_matchInfo_team2_playerHistories_79_playerDetails_name,props_pageProps_match_matchInfo_team2_playerHistories_79_playerDetails_perid,props_pageProps_match_matchInfo_team2_playerHistories_79_playerPerid,props_pageProps_match_matchInfo_team2_playerHistories_79_role,props_pageProps_match_matchInfo_team2_playerHistories_79_tournamentUrn,props_pageProps_match_matchInfo_team2_playerHistories_80___typename,props_pageProps_match_matchInfo_team2_playerHistories_80_playerDetails___typename,props_pageProps_match_matchInfo_team2_playerHistories_80_playerDetails_factorId,props_pageProps_match_matchInfo_team2_playerHistories_80_playerDetails_fullName,props_pageProps_match_matchInfo_team2_playerHistories_80_playerDetails_headshotUrl,props_pageProps_match_matchInfo_team2_playerHistories_80_playerDetails_name,props_pageProps_match_matchInfo_team2_playerHistories_80_playerDetails_perid,props_pageProps_match_matchInfo_team2_playerHistories_80_playerPerid,props_pageProps_match_matchInfo_team2_playerHistories_80_role,props_pageProps_match_matchInfo_team2_playerHistories_80_tournamentUrn,props_pageProps_match_matchInfo_team2_playerHistories_81___typename,props_pageProps_match_matchInfo_team2_playerHistories_81_playerDetails,props_pageProps_match_matchInfo_team2_playerHistories_81_playerPerid,props_pageProps_match_matchInfo_team2_playerHistories_81_role,props_pageProps_match_matchInfo_team2_playerHistories_81_tournamentUrn,props_pageProps_match_matchInfo_team2_playerHistories_82___typename,props_pageProps_match_matchInfo_team2_playerHistories_82_playerDetails___typename,props_pageProps_match_matchInfo_team2_playerHistories_82_playerDetails_factorId,props_pageProps_match_matchInfo_team2_playerHistories_82_playerDetails_fullName,props_pageProps_match_matchInfo_team2_playerHistories_82_playerDetails_headshotUrl,props_pageProps_match_matchInfo_team2_playerHistories_82_playerDetails_name,props_pageProps_match_matchInfo_team2_playerHistories_82_playerDetails_perid,props_pageProps_match_matchInfo_team2_playerHistories_82_playerPerid,props_pageProps_match_matchInfo_team2_playerHistories_82_role,props_pageProps_match_matchInfo_team2_playerHistories_82_tournamentUrn,props_pageProps_match_matchInfo_team2_playerHistories_83___typename,props_pageProps_match_matchInfo_team2_playerHistories_83_playerDetails___typename,props_pageProps_match_matchInfo_team2_playerHistories_83_playerDetails_factorId,props_pageProps_match_matchInfo_team2_playerHistories_83_playerDetails_fullName,props_pageProps_match_matchInfo_team2_playerHistories_83_playerDetails_headshotUrl,props_pageProps_match_matchInfo_team2_playerHistories_83_playerDetails_name,props_pageProps_match_matchInfo_team2_playerHistories_83_playerDetails_perid,props_pageProps_match_matchInfo_team2_playerHistories_83_playerPerid,props_pageProps_match_matchInfo_team2_playerHistories_83_role,props_pageProps_match_matchInfo_team2_playerHistories_83_tournamentUrn,props_pageProps_match_matchInfo_team2_playerHistories_84___typename,props_pageProps_match_matchInfo_team2_playerHistories_84_playerDetails,props_pageProps_match_matchInfo_team2_playerHistories_84_playerPerid,props_pageProps_match_matchInfo_team2_playerHistories_84_role,props_pageProps_match_matchInfo_team2_playerHistories_84_tournamentUrn,props_pageProps_match_matchInfo_team2_playerHistories_85___typename,props_pageProps_match_matchInfo_team2_playerHistories_85_playerDetails___typename,props_pageProps_match_matchInfo_team2_playerHistories_85_playerDetails_factorId,props_pageProps_match_matchInfo_team2_playerHistories_85_playerDetails_fullName,props_pageProps_match_matchInfo_team2_playerHistories_85_playerDetails_headshotUrl,props_pageProps_match_matchInfo_team2_playerHistories_85_playerDetails_name,props_pageProps_match_matchInfo_team2_playerHistories_85_playerDetails_perid,props_pageProps_match_matchInfo_team2_playerHistories_85_playerPerid,props_pageProps_match_matchInfo_team2_playerHistories_85_role,props_pageProps_match_matchInfo_team2_playerHistories_85_tournamentUrn,props_pageProps_match_matchInfo_team2_playerHistories_86___typename,props_pageProps_match_matchInfo_team2_playerHistories_86_playerDetails___typename,props_pageProps_match_matchInfo_team2_playerHistories_86_playerDetails_factorId,props_pageProps_match_matchInfo_team2_playerHistories_86_playerDetails_fullName,props_pageProps_match_matchInfo_team2_playerHistories_86_playerDetails_headshotUrl,props_pageProps_match_matchInfo_team2_playerHistories_86_playerDetails_name,props_pageProps_match_matchInfo_team2_playerHistories_86_playerDetails_perid,props_pageProps_match_matchInfo_team2_playerHistories_86_playerPerid,props_pageProps_match_matchInfo_team2_playerHistories_86_role,props_pageProps_match_matchInfo_team2_playerHistories_86_tournamentUrn,props_pageProps_match_matchInfo_team2_playerHistories_87___typename,props_pageProps_match_matchInfo_team2_playerHistories_87_playerDetails___typename,props_pageProps_match_matchInfo_team2_playerHistories_87_playerDetails_factorId,props_pageProps_match_matchInfo_team2_playerHistories_87_playerDetails_fullName,props_pageProps_match_matchInfo_team2_playerHistories_87_playerDetails_headshotUrl,props_pageProps_match_matchInfo_team2_playerHistories_87_playerDetails_name,props_pageProps_match_matchInfo_team2_playerHistories_87_playerDetails_perid,props_pageProps_match_matchInfo_team2_playerHistories_87_playerPerid,props_pageProps_match_matchInfo_team2_playerHistories_87_role,props_pageProps_match_matchInfo_team2_playerHistories_87_tournamentUrn,props_pageProps_match_matchInfo_team2_playerHistories_88___typename,props_pageProps_match_matchInfo_team2_playerHistories_88_playerDetails___typename,props_pageProps_match_matchInfo_team2_playerHistories_88_playerDetails_factorId,props_pageProps_match_matchInfo_team2_playerHistories_88_playerDetails_fullName,props_pageProps_match_matchInfo_team2_playerHistories_88_playerDetails_headshotUrl,props_pageProps_match_matchInfo_team2_playerHistories_88_playerDetails_name,props_pageProps_match_matchInfo_team2_playerHistories_88_playerDetails_perid,props_pageProps_match_matchInfo_team2_playerHistories_88_playerPerid,props_pageProps_match_matchInfo_team2_playerHistories_88_role,props_pageProps_match_matchInfo_team2_playerHistories_88_tournamentUrn,props_pageProps_match_matchInfo_team2_playerHistories_89___typename,props_pageProps_match_matchInfo_team2_playerHistories_89_playerDetails___typename,props_pageProps_match_matchInfo_team2_playerHistories_89_playerDetails_factorId,props_pageProps_match_matchInfo_team2_playerHistories_89_playerDetails_fullName,props_pageProps_match_matchInfo_team2_playerHistories_89_playerDetails_headshotUrl,props_pageProps_match_matchInfo_team2_playerHistories_89_playerDetails_name,props_pageProps_match_matchInfo_team2_playerHistories_89_playerDetails_perid,props_pageProps_match_matchInfo_team2_playerHistories_89_playerPerid,props_pageProps_match_matchInfo_team2_playerHistories_89_role,props_pageProps_match_matchInfo_team2_playerHistories_89_tournamentUrn,props_pageProps_match_matchInfo_team2_playerHistories_90___typename,props_pageProps_match_matchInfo_team2_playerHistories_90_playerDetails,props_pageProps_match_matchInfo_team2_playerHistories_90_playerPerid,props_pageProps_match_matchInfo_team2_playerHistories_90_role,props_pageProps_match_matchInfo_team2_playerHistories_90_tournamentUrn,props_pageProps_match_matchInfo_team2_playerHistories_91___typename,props_pageProps_match_matchInfo_team2_playerHistories_91_playerDetails,props_pageProps_match_matchInfo_team2_playerHistories_91_playerPerid,props_pageProps_match_matchInfo_team2_playerHistories_91_role,props_pageProps_match_matchInfo_team2_playerHistories_91_tournamentUrn,props_pageProps_match_matchInfo_team2_playerHistories_92___typename,props_pageProps_match_matchInfo_team2_playerHistories_92_playerDetails___typename,props_pageProps_match_matchInfo_team2_playerHistories_92_playerDetails_factorId,props_pageProps_match_matchInfo_team2_playerHistories_92_playerDetails_fullName,props_pageProps_match_matchInfo_team2_playerHistories_92_playerDetails_headshotUrl,props_pageProps_match_matchInfo_team2_playerHistories_92_playerDetails_name,props_pageProps_match_matchInfo_team2_playerHistories_92_playerDetails_perid,props_pageProps_match_matchInfo_team2_playerHistories_92_playerPerid,props_pageProps_match_matchInfo_team2_playerHistories_92_role,props_pageProps_match_matchInfo_team2_playerHistories_92_tournamentUrn,props_pageProps_match_matchInfo_team2_playerHistories_93___typename,props_pageProps_match_matchInfo_team2_playerHistories_93_playerDetails___typename,props_pageProps_match_matchInfo_team2_playerHistories_93_playerDetails_factorId,props_pageProps_match_matchInfo_team2_playerHistories_93_playerDetails_fullName,props_pageProps_match_matchInfo_team2_playerHistories_93_playerDetails_headshotUrl,props_pageProps_match_matchInfo_team2_playerHistories_93_playerDetails_name,props_pageProps_match_matchInfo_team2_playerHistories_93_playerDetails_perid,props_pageProps_match_matchInfo_team2_playerHistories_93_playerPerid,props_pageProps_match_matchInfo_team2_playerHistories_93_role,props_pageProps_match_matchInfo_team2_playerHistories_93_tournamentUrn,props_pageProps_match_matchInfo_team2_powrRanking___typename,props_pageProps_match_matchInfo_team2_powrRanking_gameRecord,props_pageProps_match_matchInfo_team2_powrRanking_gamesPlayed,props_pageProps_match_matchInfo_team2_powrRanking_prevRanking,props_pageProps_match_matchInfo_team2_powrRanking_rank,props_pageProps_match_matchInfo_team2_powrRanking_ranking,props_pageProps_match_matchInfo_team2_powrRanking_team,props_pageProps_match_matchInfo_team2_powrRanking_teamPerid,props_pageProps_match_matchInfo_team2_roster_0___typename,props_pageProps_match_matchInfo_team2_roster_0_playerDetails___typename,props_pageProps_match_matchInfo_team2_roster_0_playerDetails_factorId,props_pageProps_match_matchInfo_team2_roster_0_playerDetails_fullName,props_pageProps_match_matchInfo_team2_roster_0_playerDetails_headshotUrl,props_pageProps_match_matchInfo_team2_roster_0_playerDetails_name,props_pageProps_match_matchInfo_team2_roster_0_playerDetails_perid,props_pageProps_match_matchInfo_team2_roster_0_playerName,props_pageProps_match_matchInfo_team2_roster_0_playerPerid,props_pageProps_match_matchInfo_team2_roster_0_role,props_pageProps_match_matchInfo_team2_roster_1___typename,props_pageProps_match_matchInfo_team2_roster_1_playerDetails___typename,props_pageProps_match_matchInfo_team2_roster_1_playerDetails_factorId,props_pageProps_match_matchInfo_team2_roster_1_playerDetails_fullName,props_pageProps_match_matchInfo_team2_roster_1_playerDetails_headshotUrl,props_pageProps_match_matchInfo_team2_roster_1_playerDetails_name,props_pageProps_match_matchInfo_team2_roster_1_playerDetails_perid,props_pageProps_match_matchInfo_team2_roster_1_playerName,props_pageProps_match_matchInfo_team2_roster_1_playerPerid,props_pageProps_match_matchInfo_team2_roster_1_role,props_pageProps_match_matchInfo_team2_roster_2___typename,props_pageProps_match_matchInfo_team2_roster_2_playerDetails___typename,props_pageProps_match_matchInfo_team2_roster_2_playerDetails_factorId,props_pageProps_match_matchInfo_team2_roster_2_playerDetails_fullName,props_pageProps_match_matchInfo_team2_roster_2_playerDetails_headshotUrl,props_pageProps_match_matchInfo_team2_roster_2_playerDetails_name,props_pageProps_match_matchInfo_team2_roster_2_playerDetails_perid,props_pageProps_match_matchInfo_team2_roster_2_playerName,props_pageProps_match_matchInfo_team2_roster_2_playerPerid,props_pageProps_match_matchInfo_team2_roster_2_role,props_pageProps_match_matchInfo_team2_roster_3___typename,props_pageProps_match_matchInfo_team2_roster_3_playerDetails___typename,props_pageProps_match_matchInfo_team2_roster_3_playerDetails_factorId,props_pageProps_match_matchInfo_team2_roster_3_playerDetails_fullName,props_pageProps_match_matchInfo_team2_roster_3_playerDetails_headshotUrl,props_pageProps_match_matchInfo_team2_roster_3_playerDetails_name,props_pageProps_match_matchInfo_team2_roster_3_playerDetails_perid,props_pageProps_match_matchInfo_team2_roster_3_playerName,props_pageProps_match_matchInfo_team2_roster_3_playerPerid,props_pageProps_match_matchInfo_team2_roster_3_role,props_pageProps_match_matchInfo_team2_roster_4___typename,props_pageProps_match_matchInfo_team2_roster_4_playerDetails___typename,props_pageProps_match_matchInfo_team2_roster_4_playerDetails_factorId,props_pageProps_match_matchInfo_team2_roster_4_playerDetails_fullName,props_pageProps_match_matchInfo_team2_roster_4_playerDetails_headshotUrl,props_pageProps_match_matchInfo_team2_roster_4_playerDetails_name,props_pageProps_match_matchInfo_team2_roster_4_playerDetails_perid,props_pageProps_match_matchInfo_team2_roster_4_playerName,props_pageProps_match_matchInfo_team2_roster_4_playerPerid,props_pageProps_match_matchInfo_team2_roster_4_role,props_pageProps_match_matchInfo_team2_roster_5_playerDetails___typename,props_pageProps_match_matchInfo_team2_roster_5_playerDetails_factorId,props_pageProps_match_matchInfo_team2_roster_5_playerDetails_fullName,props_pageProps_match_matchInfo_team2_roster_5_playerDetails_headshotUrl,props_pageProps_match_matchInfo_team2_roster_5_playerDetails_name,props_pageProps_match_matchInfo_team2_roster_5_playerDetails_perid,props_pageProps_match_matchInfo_team2_roster_5_playerName,props_pageProps_match_matchInfo_team2_roster_5_playerPerid,props_pageProps_match_matchInfo_team2_roster_5_role,props_pageProps_match_matchInfo_team2_roster_6_playerDetails___typename,props_pageProps_match_matchInfo_team2_roster_6_playerDetails_factorId,props_pageProps_match_matchInfo_team2_roster_6_playerDetails_fullName,props_pageProps_match_matchInfo_team2_roster_6_playerDetails_headshotUrl,props_pageProps_match_matchInfo_team2_roster_6_playerDetails_name,props_pageProps_match_matchInfo_team2_roster_6_playerDetails_perid,props_pageProps_match_matchInfo_team2_roster_6_playerName,props_pageProps_match_matchInfo_team2_roster_6_playerPerid,props_pageProps_match_matchInfo_team2_roster_6_role,props_pageProps_match_matchInfo_team2_roster_7_playerDetails___typename,props_pageProps_match_matchInfo_team2_roster_7_playerDetails_factorId,props_pageProps_match_matchInfo_team2_roster_7_playerDetails_fullName,props_pageProps_match_matchInfo_team2_roster_7_playerDetails_headshotUrl,props_pageProps_match_matchInfo_team2_roster_7_playerDetails_name,props_pageProps_match_matchInfo_team2_roster_7_playerDetails_perid,props_pageProps_match_matchInfo_team2_roster_7_playerName,props_pageProps_match_matchInfo_team2_roster_7_playerPerid,props_pageProps_match_matchInfo_team2_roster_7_role,props_pageProps_match_matchInfo_team2_roster_8_playerDetails___typename,props_pageProps_match_matchInfo_team2_roster_8_playerDetails_factorId,props_pageProps_match_matchInfo_team2_roster_8_playerDetails_fullName,props_pageProps_match_matchInfo_team2_roster_8_playerDetails_headshotUrl,props_pageProps_match_matchInfo_team2_roster_8_playerDetails_name,props_pageProps_match_matchInfo_team2_roster_8_playerDetails_perid,props_pageProps_match_matchInfo_team2_roster_8_playerName,props_pageProps_match_matchInfo_team2_roster_8_playerPerid,props_pageProps_match_matchInfo_team2_roster_8_role,props_pageProps_match_matchInfo_team2_roster_9_playerDetails___typename,props_pageProps_match_matchInfo_team2_roster_9_playerDetails_factorId,props_pageProps_match_matchInfo_team2_roster_9_playerDetails_fullName,props_pageProps_match_matchInfo_team2_roster_9_playerDetails_headshotUrl,props_pageProps_match_matchInfo_team2_roster_9_playerDetails_name,props_pageProps_match_matchInfo_team2_roster_9_playerDetails_perid,props_pageProps_match_matchInfo_team2_roster_9_playerName,props_pageProps_match_matchInfo_team2_roster_9_playerPerid,props_pageProps_match_matchInfo_team2_roster_9_role,props_pageProps_match_matchInfo_team2_teamLogo___typename,props_pageProps_match_matchInfo_team2_teamLogo_darkFlip,props_pageProps_match_matchInfo_team2_teamLogo_darkShadow,props_pageProps_match_matchInfo_team2_teamLogo_logoUrl,props_pageProps_match_matchInfo_team2_teamStandings___typename,props_pageProps_match_matchInfo_team2_teamStandings_lossSeries,props_pageProps_match_matchInfo_team2_teamStandings_position,props_pageProps_match_matchInfo_team2_teamStandings_seriesUrn,props_pageProps_match_matchInfo_team2_teamStandings_teamDetails___typename,props_pageProps_match_matchInfo_team2_teamStandings_teamDetails_factorId,props_pageProps_match_matchInfo_team2_teamStandings_teamDetails_fullName,props_pageProps_match_matchInfo_team2_teamStandings_teamDetails_teamLogo___typename,props_pageProps_match_matchInfo_team2_teamStandings_teamDetails_teamLogo_darkFlip,props_pageProps_match_matchInfo_team2_teamStandings_teamDetails_teamLogo_darkShadow,props_pageProps_match_matchInfo_team2_teamStandings_teamDetails_teamLogo_logoUrl,props_pageProps_match_matchInfo_team2_teamStandings_teamDetails_teamUrn,props_pageProps_match_matchInfo_team2_teamStandings_teamPerid,props_pageProps_match_matchInfo_team2_teamStandings_teamRanking___typename,props_pageProps_match_matchInfo_team2_teamStandings_teamRanking_ranking,props_pageProps_match_matchInfo_team2_teamStandings_winSeries,props_pageProps_match_matchInfo_team2_teamUrn,props_pageProps_match_matchInfo_team2_tournaments_0___typename,props_pageProps_match_matchInfo_team2_tournaments_0_series___typename,props_pageProps_match_matchInfo_team2_tournaments_0_series_seriesName,props_pageProps_match_matchInfo_team2_tournaments_0_series_seriesUrn,props_pageProps_match_matchInfo_team2_tournaments_0_tournamentUrn,props_pageProps_match_matchInfo_team2_tournaments_1___typename,props_pageProps_match_matchInfo_team2_tournaments_1_series___typename,props_pageProps_match_matchInfo_team2_tournaments_1_series_seriesName,props_pageProps_match_matchInfo_team2_tournaments_1_series_seriesUrn,props_pageProps_match_matchInfo_team2_tournaments_1_tournamentUrn,props_pageProps_match_matchInfo_team2_tournaments_2___typename,props_pageProps_match_matchInfo_team2_tournaments_2_series___typename,props_pageProps_match_matchInfo_team2_tournaments_2_series_seriesName,props_pageProps_match_matchInfo_team2_tournaments_2_series_seriesUrn,props_pageProps_match_matchInfo_team2_tournaments_2_tournamentUrn,props_pageProps_match_matchInfo_tournament___typename,props_pageProps_match_matchInfo_tournament_endDate,props_pageProps_match_matchInfo_tournament_lastModified,props_pageProps_match_matchInfo_tournament_name,props_pageProps_match_matchInfo_tournament_season___typename,props_pageProps_match_matchInfo_tournament_season_seasonFullName,props_pageProps_match_matchInfo_tournament_season_seasonName,props_pageProps_match_matchInfo_tournament_season_seasonUrn,props_pageProps_match_matchInfo_tournament_series___typename,props_pageProps_match_matchInfo_tournament_series_seriesName,props_pageProps_match_matchInfo_tournament_series_seriesUrn,props_pageProps_match_matchInfo_tournament_startDate,props_pageProps_match_matchInfo_tournament_tier,props_pageProps_match_matchInfo_tournament_tierLabel,props_pageProps_match_matchInfo_tournament_titleId,props_pageProps_match_matchInfo_tournament_tournamentUrn,props_pageProps_match_pageState_gameNumber,props_pageProps_match_pageState_hasNoTabParams,props_pageProps_match_pageState_matchId,props_pageProps_match_pageState_postMatchTab,props_pageProps_match_seriesName,props_pageProps_match_team1_championPicks___typename,props_pageProps_match_team1_championPicks_items_0___typename,props_pageProps_match_team1_championPicks_items_0_banCount,props_pageProps_match_team1_championPicks_items_0_champion,props_pageProps_match_team1_championPicks_items_0_pickCount,props_pageProps_match_team1_championPicks_items_0_totalCount,props_pageProps_match_team1_championPicks_items_0_winBanCount,props_pageProps_match_team1_championPicks_items_0_winPickCount,props_pageProps_match_team1_championPicks_items_1___typename,props_pageProps_match_team1_championPicks_items_1_banCount,props_pageProps_match_team1_championPicks_items_1_champion,props_pageProps_match_team1_championPicks_items_1_pickCount,props_pageProps_match_team1_championPicks_items_1_totalCount,props_pageProps_match_team1_championPicks_items_1_winBanCount,props_pageProps_match_team1_championPicks_items_1_winPickCount,props_pageProps_match_team1_championPicks_items_2___typename,props_pageProps_match_team1_championPicks_items_2_banCount,props_pageProps_match_team1_championPicks_items_2_champion,props_pageProps_match_team1_championPicks_items_2_pickCount,props_pageProps_match_team1_championPicks_items_2_totalCount,props_pageProps_match_team1_championPicks_items_2_winBanCount,props_pageProps_match_team1_championPicks_items_2_winPickCount,props_pageProps_match_team1_championPicks_items_3___typename,props_pageProps_match_team1_championPicks_items_3_banCount,props_pageProps_match_team1_championPicks_items_3_champion,props_pageProps_match_team1_championPicks_items_3_pickCount,props_pageProps_match_team1_championPicks_items_3_totalCount,props_pageProps_match_team1_championPicks_items_3_winBanCount,props_pageProps_match_team1_championPicks_items_3_winPickCount,props_pageProps_match_team1_championPicks_items_4___typename,props_pageProps_match_team1_championPicks_items_4_banCount,props_pageProps_match_team1_championPicks_items_4_champion,props_pageProps_match_team1_championPicks_items_4_pickCount,props_pageProps_match_team1_championPicks_items_4_totalCount,props_pageProps_match_team1_championPicks_items_4_winBanCount,props_pageProps_match_team1_championPicks_items_4_winPickCount,props_pageProps_match_team1_championPicks_items_5___typename,props_pageProps_match_team1_championPicks_items_5_banCount,props_pageProps_match_team1_championPicks_items_5_champion,props_pageProps_match_team1_championPicks_items_5_pickCount,props_pageProps_match_team1_championPicks_items_5_totalCount,props_pageProps_match_team1_championPicks_items_5_winBanCount,props_pageProps_match_team1_championPicks_items_5_winPickCount,props_pageProps_match_team1_championPicks_items_6___typename,props_pageProps_match_team1_championPicks_items_6_banCount,props_pageProps_match_team1_championPicks_items_6_champion,props_pageProps_match_team1_championPicks_items_6_pickCount,props_pageProps_match_team1_championPicks_items_6_totalCount,props_pageProps_match_team1_championPicks_items_6_winBanCount,props_pageProps_match_team1_championPicks_items_6_winPickCount,props_pageProps_match_team1_championPicks_items_7___typename,props_pageProps_match_team1_championPicks_items_7_banCount,props_pageProps_match_team1_championPicks_items_7_champion,props_pageProps_match_team1_championPicks_items_7_pickCount,props_pageProps_match_team1_championPicks_items_7_totalCount,props_pageProps_match_team1_championPicks_items_7_winBanCount,props_pageProps_match_team1_championPicks_items_7_winPickCount,props_pageProps_match_team1_championPicks_items_8___typename,props_pageProps_match_team1_championPicks_items_8_banCount,props_pageProps_match_team1_championPicks_items_8_champion,props_pageProps_match_team1_championPicks_items_8_pickCount,props_pageProps_match_team1_championPicks_items_8_totalCount,props_pageProps_match_team1_championPicks_items_8_winBanCount,props_pageProps_match_team1_championPicks_items_8_winPickCount,props_pageProps_match_team1_championPicks_items_9___typename,props_pageProps_match_team1_championPicks_items_9_banCount,props_pageProps_match_team1_championPicks_items_9_champion,props_pageProps_match_team1_championPicks_items_9_pickCount,props_pageProps_match_team1_championPicks_items_9_totalCount,props_pageProps_match_team1_championPicks_items_9_winBanCount,props_pageProps_match_team1_championPicks_items_9_winPickCount,props_pageProps_match_team1_championPicks_items_10___typename,props_pageProps_match_team1_championPicks_items_10_banCount,props_pageProps_match_team1_championPicks_items_10_champion,props_pageProps_match_team1_championPicks_items_10_pickCount,props_pageProps_match_team1_championPicks_items_10_totalCount,props_pageProps_match_team1_championPicks_items_10_winBanCount,props_pageProps_match_team1_championPicks_items_10_winPickCount,props_pageProps_match_team1_championPicks_items_11___typename,props_pageProps_match_team1_championPicks_items_11_banCount,props_pageProps_match_team1_championPicks_items_11_champion,props_pageProps_match_team1_championPicks_items_11_pickCount,props_pageProps_match_team1_championPicks_items_11_totalCount,props_pageProps_match_team1_championPicks_items_11_winBanCount,props_pageProps_match_team1_championPicks_items_11_winPickCount,props_pageProps_match_team1_championPicks_items_12___typename,props_pageProps_match_team1_championPicks_items_12_banCount,props_pageProps_match_team1_championPicks_items_12_champion,props_pageProps_match_team1_championPicks_items_12_pickCount,props_pageProps_match_team1_championPicks_items_12_totalCount,props_pageProps_match_team1_championPicks_items_12_winBanCount,props_pageProps_match_team1_championPicks_items_12_winPickCount,props_pageProps_match_team1_championPicks_items_13___typename,props_pageProps_match_team1_championPicks_items_13_banCount,props_pageProps_match_team1_championPicks_items_13_champion,props_pageProps_match_team1_championPicks_items_13_pickCount,props_pageProps_match_team1_championPicks_items_13_totalCount,props_pageProps_match_team1_championPicks_items_13_winBanCount,props_pageProps_match_team1_championPicks_items_13_winPickCount,props_pageProps_match_team1_championPicks_items_14___typename,props_pageProps_match_team1_championPicks_items_14_banCount,props_pageProps_match_team1_championPicks_items_14_champion,props_pageProps_match_team1_championPicks_items_14_pickCount,props_pageProps_match_team1_championPicks_items_14_totalCount,props_pageProps_match_team1_championPicks_items_14_winBanCount,props_pageProps_match_team1_championPicks_items_14_winPickCount,props_pageProps_match_team1_championPicks_items_15___typename,props_pageProps_match_team1_championPicks_items_15_banCount,props_pageProps_match_team1_championPicks_items_15_champion,props_pageProps_match_team1_championPicks_items_15_pickCount,props_pageProps_match_team1_championPicks_items_15_totalCount,props_pageProps_match_team1_championPicks_items_15_winBanCount,props_pageProps_match_team1_championPicks_items_15_winPickCount,props_pageProps_match_team1_championPicks_items_16___typename,props_pageProps_match_team1_championPicks_items_16_banCount,props_pageProps_match_team1_championPicks_items_16_champion,props_pageProps_match_team1_championPicks_items_16_pickCount,props_pageProps_match_team1_championPicks_items_16_totalCount,props_pageProps_match_team1_championPicks_items_16_winBanCount,props_pageProps_match_team1_championPicks_items_16_winPickCount,props_pageProps_match_team1_championPicks_items_17___typename,props_pageProps_match_team1_championPicks_items_17_banCount,props_pageProps_match_team1_championPicks_items_17_champion,props_pageProps_match_team1_championPicks_items_17_pickCount,props_pageProps_match_team1_championPicks_items_17_totalCount,props_pageProps_match_team1_championPicks_items_17_winBanCount,props_pageProps_match_team1_championPicks_items_17_winPickCount,props_pageProps_match_team1_championPicks_items_18___typename,props_pageProps_match_team1_championPicks_items_18_banCount,props_pageProps_match_team1_championPicks_items_18_champion,props_pageProps_match_team1_championPicks_items_18_pickCount,props_pageProps_match_team1_championPicks_items_18_totalCount,props_pageProps_match_team1_championPicks_items_18_winBanCount,props_pageProps_match_team1_championPicks_items_18_winPickCount,props_pageProps_match_team1_championPicks_items_19___typename,props_pageProps_match_team1_championPicks_items_19_banCount,props_pageProps_match_team1_championPicks_items_19_champion,props_pageProps_match_team1_championPicks_items_19_pickCount,props_pageProps_match_team1_championPicks_items_19_totalCount,props_pageProps_match_team1_championPicks_items_19_winBanCount,props_pageProps_match_team1_championPicks_items_19_winPickCount,props_pageProps_match_team1_championPicks_items_20___typename,props_pageProps_match_team1_championPicks_items_20_banCount,props_pageProps_match_team1_championPicks_items_20_champion,props_pageProps_match_team1_championPicks_items_20_pickCount,props_pageProps_match_team1_championPicks_items_20_totalCount,props_pageProps_match_team1_championPicks_items_20_winBanCount,props_pageProps_match_team1_championPicks_items_20_winPickCount,props_pageProps_match_team1_championPicks_items_21___typename,props_pageProps_match_team1_championPicks_items_21_banCount,props_pageProps_match_team1_championPicks_items_21_champion,props_pageProps_match_team1_championPicks_items_21_pickCount,props_pageProps_match_team1_championPicks_items_21_totalCount,props_pageProps_match_team1_championPicks_items_21_winBanCount,props_pageProps_match_team1_championPicks_items_21_winPickCount,props_pageProps_match_team1_championPicks_items_22___typename,props_pageProps_match_team1_championPicks_items_22_banCount,props_pageProps_match_team1_championPicks_items_22_champion,props_pageProps_match_team1_championPicks_items_22_pickCount,props_pageProps_match_team1_championPicks_items_22_totalCount,props_pageProps_match_team1_championPicks_items_22_winBanCount,props_pageProps_match_team1_championPicks_items_22_winPickCount,props_pageProps_match_team1_championPicks_items_23___typename,props_pageProps_match_team1_championPicks_items_23_banCount,props_pageProps_match_team1_championPicks_items_23_champion,props_pageProps_match_team1_championPicks_items_23_pickCount,props_pageProps_match_team1_championPicks_items_23_totalCount,props_pageProps_match_team1_championPicks_items_23_winBanCount,props_pageProps_match_team1_championPicks_items_23_winPickCount,props_pageProps_match_team1_championPicks_items_24___typename,props_pageProps_match_team1_championPicks_items_24_banCount,props_pageProps_match_team1_championPicks_items_24_champion,props_pageProps_match_team1_championPicks_items_24_pickCount,props_pageProps_match_team1_championPicks_items_24_totalCount,props_pageProps_match_team1_championPicks_items_24_winBanCount,props_pageProps_match_team1_championPicks_items_24_winPickCount,props_pageProps_match_team1_championPicks_items_25___typename,props_pageProps_match_team1_championPicks_items_25_banCount,props_pageProps_match_team1_championPicks_items_25_champion,props_pageProps_match_team1_championPicks_items_25_pickCount,props_pageProps_match_team1_championPicks_items_25_totalCount,props_pageProps_match_team1_championPicks_items_25_winBanCount,props_pageProps_match_team1_championPicks_items_25_winPickCount,props_pageProps_match_team1_championPicks_items_26___typename,props_pageProps_match_team1_championPicks_items_26_banCount,props_pageProps_match_team1_championPicks_items_26_champion,props_pageProps_match_team1_championPicks_items_26_pickCount,props_pageProps_match_team1_championPicks_items_26_totalCount,props_pageProps_match_team1_championPicks_items_26_winBanCount,props_pageProps_match_team1_championPicks_items_26_winPickCount,props_pageProps_match_team1_championPicks_items_27___typename,props_pageProps_match_team1_championPicks_items_27_banCount,props_pageProps_match_team1_championPicks_items_27_champion,props_pageProps_match_team1_championPicks_items_27_pickCount,props_pageProps_match_team1_championPicks_items_27_totalCount,props_pageProps_match_team1_championPicks_items_27_winBanCount,props_pageProps_match_team1_championPicks_items_27_winPickCount,props_pageProps_match_team1_championPicks_items_28___typename,props_pageProps_match_team1_championPicks_items_28_banCount,props_pageProps_match_team1_championPicks_items_28_champion,props_pageProps_match_team1_championPicks_items_28_pickCount,props_pageProps_match_team1_championPicks_items_28_totalCount,props_pageProps_match_team1_championPicks_items_28_winBanCount,props_pageProps_match_team1_championPicks_items_28_winPickCount,props_pageProps_match_team1_championPicks_items_29___typename,props_pageProps_match_team1_championPicks_items_29_banCount,props_pageProps_match_team1_championPicks_items_29_champion,props_pageProps_match_team1_championPicks_items_29_pickCount,props_pageProps_match_team1_championPicks_items_29_totalCount,props_pageProps_match_team1_championPicks_items_29_winBanCount,props_pageProps_match_team1_championPicks_items_29_winPickCount,props_pageProps_match_team1_championPicks_items_30___typename,props_pageProps_match_team1_championPicks_items_30_banCount,props_pageProps_match_team1_championPicks_items_30_champion,props_pageProps_match_team1_championPicks_items_30_pickCount,props_pageProps_match_team1_championPicks_items_30_totalCount,props_pageProps_match_team1_championPicks_items_30_winBanCount,props_pageProps_match_team1_championPicks_items_30_winPickCount,props_pageProps_match_team1_championPicks_items_31___typename,props_pageProps_match_team1_championPicks_items_31_banCount,props_pageProps_match_team1_championPicks_items_31_champion,props_pageProps_match_team1_championPicks_items_31_pickCount,props_pageProps_match_team1_championPicks_items_31_totalCount,props_pageProps_match_team1_championPicks_items_31_winBanCount,props_pageProps_match_team1_championPicks_items_31_winPickCount,props_pageProps_match_team1_championPicks_items_32___typename,props_pageProps_match_team1_championPicks_items_32_banCount,props_pageProps_match_team1_championPicks_items_32_champion,props_pageProps_match_team1_championPicks_items_32_pickCount,props_pageProps_match_team1_championPicks_items_32_totalCount,props_pageProps_match_team1_championPicks_items_32_winBanCount,props_pageProps_match_team1_championPicks_items_32_winPickCount,props_pageProps_match_team1_championPicks_items_33___typename,props_pageProps_match_team1_championPicks_items_33_banCount,props_pageProps_match_team1_championPicks_items_33_champion,props_pageProps_match_team1_championPicks_items_33_pickCount,props_pageProps_match_team1_championPicks_items_33_totalCount,props_pageProps_match_team1_championPicks_items_33_winBanCount,props_pageProps_match_team1_championPicks_items_33_winPickCount,props_pageProps_match_team1_championPicks_items_34___typename,props_pageProps_match_team1_championPicks_items_34_banCount,props_pageProps_match_team1_championPicks_items_34_champion,props_pageProps_match_team1_championPicks_items_34_pickCount,props_pageProps_match_team1_championPicks_items_34_totalCount,props_pageProps_match_team1_championPicks_items_34_winBanCount,props_pageProps_match_team1_championPicks_items_34_winPickCount,props_pageProps_match_team1_championPicks_items_35___typename,props_pageProps_match_team1_championPicks_items_35_banCount,props_pageProps_match_team1_championPicks_items_35_champion,props_pageProps_match_team1_championPicks_items_35_pickCount,props_pageProps_match_team1_championPicks_items_35_totalCount,props_pageProps_match_team1_championPicks_items_35_winBanCount,props_pageProps_match_team1_championPicks_items_35_winPickCount,props_pageProps_match_team1_championPicks_items_36___typename,props_pageProps_match_team1_championPicks_items_36_banCount,props_pageProps_match_team1_championPicks_items_36_champion,props_pageProps_match_team1_championPicks_items_36_pickCount,props_pageProps_match_team1_championPicks_items_36_totalCount,props_pageProps_match_team1_championPicks_items_36_winBanCount,props_pageProps_match_team1_championPicks_items_36_winPickCount,props_pageProps_match_team1_championPicks_items_37___typename,props_pageProps_match_team1_championPicks_items_37_banCount,props_pageProps_match_team1_championPicks_items_37_champion,props_pageProps_match_team1_championPicks_items_37_pickCount,props_pageProps_match_team1_championPicks_items_37_totalCount,props_pageProps_match_team1_championPicks_items_37_winBanCount,props_pageProps_match_team1_championPicks_items_37_winPickCount,props_pageProps_match_team1_championPicks_items_38___typename,props_pageProps_match_team1_championPicks_items_38_banCount,props_pageProps_match_team1_championPicks_items_38_champion,props_pageProps_match_team1_championPicks_items_38_pickCount,props_pageProps_match_team1_championPicks_items_38_totalCount,props_pageProps_match_team1_championPicks_items_38_winBanCount,props_pageProps_match_team1_championPicks_items_38_winPickCount,props_pageProps_match_team1_championPicks_total,props_pageProps_match_team1_championPicks_totalPickCount,props_pageProps_match_team1_picksByPosition_bot___typename,props_pageProps_match_team1_picksByPosition_bot_items_0___typename,props_pageProps_match_team1_picksByPosition_bot_items_0_banCount,props_pageProps_match_team1_picksByPosition_bot_items_0_champion,props_pageProps_match_team1_picksByPosition_bot_items_0_pickCount,props_pageProps_match_team1_picksByPosition_bot_items_0_totalCount,props_pageProps_match_team1_picksByPosition_bot_items_0_winBanCount,props_pageProps_match_team1_picksByPosition_bot_items_0_winPickCount,props_pageProps_match_team1_picksByPosition_bot_items_1___typename,props_pageProps_match_team1_picksByPosition_bot_items_1_banCount,props_pageProps_match_team1_picksByPosition_bot_items_1_champion,props_pageProps_match_team1_picksByPosition_bot_items_1_pickCount,props_pageProps_match_team1_picksByPosition_bot_items_1_totalCount,props_pageProps_match_team1_picksByPosition_bot_items_1_winBanCount,props_pageProps_match_team1_picksByPosition_bot_items_1_winPickCount,props_pageProps_match_team1_picksByPosition_bot_items_2___typename,props_pageProps_match_team1_picksByPosition_bot_items_2_banCount,props_pageProps_match_team1_picksByPosition_bot_items_2_champion,props_pageProps_match_team1_picksByPosition_bot_items_2_pickCount,props_pageProps_match_team1_picksByPosition_bot_items_2_totalCount,props_pageProps_match_team1_picksByPosition_bot_items_2_winBanCount,props_pageProps_match_team1_picksByPosition_bot_items_2_winPickCount,props_pageProps_match_team1_picksByPosition_bot_items_3___typename,props_pageProps_match_team1_picksByPosition_bot_items_3_banCount,props_pageProps_match_team1_picksByPosition_bot_items_3_champion,props_pageProps_match_team1_picksByPosition_bot_items_3_pickCount,props_pageProps_match_team1_picksByPosition_bot_items_3_totalCount,props_pageProps_match_team1_picksByPosition_bot_items_3_winBanCount,props_pageProps_match_team1_picksByPosition_bot_items_3_winPickCount,props_pageProps_match_team1_picksByPosition_bot_items_4___typename,props_pageProps_match_team1_picksByPosition_bot_items_4_banCount,props_pageProps_match_team1_picksByPosition_bot_items_4_champion,props_pageProps_match_team1_picksByPosition_bot_items_4_pickCount,props_pageProps_match_team1_picksByPosition_bot_items_4_totalCount,props_pageProps_match_team1_picksByPosition_bot_items_4_winBanCount,props_pageProps_match_team1_picksByPosition_bot_items_4_winPickCount,props_pageProps_match_team1_picksByPosition_bot_items_5___typename,props_pageProps_match_team1_picksByPosition_bot_items_5_banCount,props_pageProps_match_team1_picksByPosition_bot_items_5_champion,props_pageProps_match_team1_picksByPosition_bot_items_5_pickCount,props_pageProps_match_team1_picksByPosition_bot_items_5_totalCount,props_pageProps_match_team1_picksByPosition_bot_items_5_winBanCount,props_pageProps_match_team1_picksByPosition_bot_items_5_winPickCount,props_pageProps_match_team1_picksByPosition_bot_items_6___typename,props_pageProps_match_team1_picksByPosition_bot_items_6_banCount,props_pageProps_match_team1_picksByPosition_bot_items_6_champion,props_pageProps_match_team1_picksByPosition_bot_items_6_pickCount,props_pageProps_match_team1_picksByPosition_bot_items_6_totalCount,props_pageProps_match_team1_picksByPosition_bot_items_6_winBanCount,props_pageProps_match_team1_picksByPosition_bot_items_6_winPickCount,props_pageProps_match_team1_picksByPosition_bot_items_7___typename,props_pageProps_match_team1_picksByPosition_bot_items_7_banCount,props_pageProps_match_team1_picksByPosition_bot_items_7_champion,props_pageProps_match_team1_picksByPosition_bot_items_7_pickCount,props_pageProps_match_team1_picksByPosition_bot_items_7_totalCount,props_pageProps_match_team1_picksByPosition_bot_items_7_winBanCount,props_pageProps_match_team1_picksByPosition_bot_items_7_winPickCount,props_pageProps_match_team1_picksByPosition_bot_total,props_pageProps_match_team1_picksByPosition_bot_totalPickCount,props_pageProps_match_team1_picksByPosition_jng___typename,props_pageProps_match_team1_picksByPosition_jng_items_0___typename,props_pageProps_match_team1_picksByPosition_jng_items_0_banCount,props_pageProps_match_team1_picksByPosition_jng_items_0_champion,props_pageProps_match_team1_picksByPosition_jng_items_0_pickCount,props_pageProps_match_team1_picksByPosition_jng_items_0_totalCount,props_pageProps_match_team1_picksByPosition_jng_items_0_winBanCount,props_pageProps_match_team1_picksByPosition_jng_items_0_winPickCount,props_pageProps_match_team1_picksByPosition_jng_items_1___typename,props_pageProps_match_team1_picksByPosition_jng_items_1_banCount,props_pageProps_match_team1_picksByPosition_jng_items_1_champion,props_pageProps_match_team1_picksByPosition_jng_items_1_pickCount,props_pageProps_match_team1_picksByPosition_jng_items_1_totalCount,props_pageProps_match_team1_picksByPosition_jng_items_1_winBanCount,props_pageProps_match_team1_picksByPosition_jng_items_1_winPickCount,props_pageProps_match_team1_picksByPosition_jng_items_2___typename,props_pageProps_match_team1_picksByPosition_jng_items_2_banCount,props_pageProps_match_team1_picksByPosition_jng_items_2_champion,props_pageProps_match_team1_picksByPosition_jng_items_2_pickCount,props_pageProps_match_team1_picksByPosition_jng_items_2_totalCount,props_pageProps_match_team1_picksByPosition_jng_items_2_winBanCount,props_pageProps_match_team1_picksByPosition_jng_items_2_winPickCount,props_pageProps_match_team1_picksByPosition_jng_items_3___typename,props_pageProps_match_team1_picksByPosition_jng_items_3_banCount,props_pageProps_match_team1_picksByPosition_jng_items_3_champion,props_pageProps_match_team1_picksByPosition_jng_items_3_pickCount,props_pageProps_match_team1_picksByPosition_jng_items_3_totalCount,props_pageProps_match_team1_picksByPosition_jng_items_3_winBanCount,props_pageProps_match_team1_picksByPosition_jng_items_3_winPickCount,props_pageProps_match_team1_picksByPosition_jng_items_4___typename,props_pageProps_match_team1_picksByPosition_jng_items_4_banCount,props_pageProps_match_team1_picksByPosition_jng_items_4_champion,props_pageProps_match_team1_picksByPosition_jng_items_4_pickCount,props_pageProps_match_team1_picksByPosition_jng_items_4_totalCount,props_pageProps_match_team1_picksByPosition_jng_items_4_winBanCount,props_pageProps_match_team1_picksByPosition_jng_items_4_winPickCount,props_pageProps_match_team1_picksByPosition_jng_items_5___typename,props_pageProps_match_team1_picksByPosition_jng_items_5_banCount,props_pageProps_match_team1_picksByPosition_jng_items_5_champion,props_pageProps_match_team1_picksByPosition_jng_items_5_pickCount,props_pageProps_match_team1_picksByPosition_jng_items_5_totalCount,props_pageProps_match_team1_picksByPosition_jng_items_5_winBanCount,props_pageProps_match_team1_picksByPosition_jng_items_5_winPickCount,props_pageProps_match_team1_picksByPosition_jng_total,props_pageProps_match_team1_picksByPosition_jng_totalPickCount,props_pageProps_match_team1_picksByPosition_mid___typename,props_pageProps_match_team1_picksByPosition_mid_items_0___typename,props_pageProps_match_team1_picksByPosition_mid_items_0_banCount,props_pageProps_match_team1_picksByPosition_mid_items_0_champion,props_pageProps_match_team1_picksByPosition_mid_items_0_pickCount,props_pageProps_match_team1_picksByPosition_mid_items_0_totalCount,props_pageProps_match_team1_picksByPosition_mid_items_0_winBanCount,props_pageProps_match_team1_picksByPosition_mid_items_0_winPickCount,props_pageProps_match_team1_picksByPosition_mid_items_1___typename,props_pageProps_match_team1_picksByPosition_mid_items_1_banCount,props_pageProps_match_team1_picksByPosition_mid_items_1_champion,props_pageProps_match_team1_picksByPosition_mid_items_1_pickCount,props_pageProps_match_team1_picksByPosition_mid_items_1_totalCount,props_pageProps_match_team1_picksByPosition_mid_items_1_winBanCount,props_pageProps_match_team1_picksByPosition_mid_items_1_winPickCount,props_pageProps_match_team1_picksByPosition_mid_items_2___typename,props_pageProps_match_team1_picksByPosition_mid_items_2_banCount,props_pageProps_match_team1_picksByPosition_mid_items_2_champion,props_pageProps_match_team1_picksByPosition_mid_items_2_pickCount,props_pageProps_match_team1_picksByPosition_mid_items_2_totalCount,props_pageProps_match_team1_picksByPosition_mid_items_2_winBanCount,props_pageProps_match_team1_picksByPosition_mid_items_2_winPickCount,props_pageProps_match_team1_picksByPosition_mid_items_3___typename,props_pageProps_match_team1_picksByPosition_mid_items_3_banCount,props_pageProps_match_team1_picksByPosition_mid_items_3_champion,props_pageProps_match_team1_picksByPosition_mid_items_3_pickCount,props_pageProps_match_team1_picksByPosition_mid_items_3_totalCount,props_pageProps_match_team1_picksByPosition_mid_items_3_winBanCount,props_pageProps_match_team1_picksByPosition_mid_items_3_winPickCount,props_pageProps_match_team1_picksByPosition_mid_items_4___typename,props_pageProps_match_team1_picksByPosition_mid_items_4_banCount,props_pageProps_match_team1_picksByPosition_mid_items_4_champion,props_pageProps_match_team1_picksByPosition_mid_items_4_pickCount,props_pageProps_match_team1_picksByPosition_mid_items_4_totalCount,props_pageProps_match_team1_picksByPosition_mid_items_4_winBanCount,props_pageProps_match_team1_picksByPosition_mid_items_4_winPickCount,props_pageProps_match_team1_picksByPosition_mid_items_5___typename,props_pageProps_match_team1_picksByPosition_mid_items_5_banCount,props_pageProps_match_team1_picksByPosition_mid_items_5_champion,props_pageProps_match_team1_picksByPosition_mid_items_5_pickCount,props_pageProps_match_team1_picksByPosition_mid_items_5_totalCount,props_pageProps_match_team1_picksByPosition_mid_items_5_winBanCount,props_pageProps_match_team1_picksByPosition_mid_items_5_winPickCount,props_pageProps_match_team1_picksByPosition_mid_items_6___typename,props_pageProps_match_team1_picksByPosition_mid_items_6_banCount,props_pageProps_match_team1_picksByPosition_mid_items_6_champion,props_pageProps_match_team1_picksByPosition_mid_items_6_pickCount,props_pageProps_match_team1_picksByPosition_mid_items_6_totalCount,props_pageProps_match_team1_picksByPosition_mid_items_6_winBanCount,props_pageProps_match_team1_picksByPosition_mid_items_6_winPickCount,props_pageProps_match_team1_picksByPosition_mid_items_7___typename,props_pageProps_match_team1_picksByPosition_mid_items_7_banCount,props_pageProps_match_team1_picksByPosition_mid_items_7_champion,props_pageProps_match_team1_picksByPosition_mid_items_7_pickCount,props_pageProps_match_team1_picksByPosition_mid_items_7_totalCount,props_pageProps_match_team1_picksByPosition_mid_items_7_winBanCount,props_pageProps_match_team1_picksByPosition_mid_items_7_winPickCount,props_pageProps_match_team1_picksByPosition_mid_items_8___typename,props_pageProps_match_team1_picksByPosition_mid_items_8_banCount,props_pageProps_match_team1_picksByPosition_mid_items_8_champion,props_pageProps_match_team1_picksByPosition_mid_items_8_pickCount,props_pageProps_match_team1_picksByPosition_mid_items_8_totalCount,props_pageProps_match_team1_picksByPosition_mid_items_8_winBanCount,props_pageProps_match_team1_picksByPosition_mid_items_8_winPickCount,props_pageProps_match_team1_picksByPosition_mid_total,props_pageProps_match_team1_picksByPosition_mid_totalPickCount,props_pageProps_match_team1_picksByPosition_sup___typename,props_pageProps_match_team1_picksByPosition_sup_items_0___typename,props_pageProps_match_team1_picksByPosition_sup_items_0_banCount,props_pageProps_match_team1_picksByPosition_sup_items_0_champion,props_pageProps_match_team1_picksByPosition_sup_items_0_pickCount,props_pageProps_match_team1_picksByPosition_sup_items_0_totalCount,props_pageProps_match_team1_picksByPosition_sup_items_0_winBanCount,props_pageProps_match_team1_picksByPosition_sup_items_0_winPickCount,props_pageProps_match_team1_picksByPosition_sup_items_1___typename,props_pageProps_match_team1_picksByPosition_sup_items_1_banCount,props_pageProps_match_team1_picksByPosition_sup_items_1_champion,props_pageProps_match_team1_picksByPosition_sup_items_1_pickCount,props_pageProps_match_team1_picksByPosition_sup_items_1_totalCount,props_pageProps_match_team1_picksByPosition_sup_items_1_winBanCount,props_pageProps_match_team1_picksByPosition_sup_items_1_winPickCount,props_pageProps_match_team1_picksByPosition_sup_items_2___typename,props_pageProps_match_team1_picksByPosition_sup_items_2_banCount,props_pageProps_match_team1_picksByPosition_sup_items_2_champion,props_pageProps_match_team1_picksByPosition_sup_items_2_pickCount,props_pageProps_match_team1_picksByPosition_sup_items_2_totalCount,props_pageProps_match_team1_picksByPosition_sup_items_2_winBanCount,props_pageProps_match_team1_picksByPosition_sup_items_2_winPickCount,props_pageProps_match_team1_picksByPosition_sup_items_3___typename,props_pageProps_match_team1_picksByPosition_sup_items_3_banCount,props_pageProps_match_team1_picksByPosition_sup_items_3_champion,props_pageProps_match_team1_picksByPosition_sup_items_3_pickCount,props_pageProps_match_team1_picksByPosition_sup_items_3_totalCount,props_pageProps_match_team1_picksByPosition_sup_items_3_winBanCount,props_pageProps_match_team1_picksByPosition_sup_items_3_winPickCount,props_pageProps_match_team1_picksByPosition_sup_items_4___typename,props_pageProps_match_team1_picksByPosition_sup_items_4_banCount,props_pageProps_match_team1_picksByPosition_sup_items_4_champion,props_pageProps_match_team1_picksByPosition_sup_items_4_pickCount,props_pageProps_match_team1_picksByPosition_sup_items_4_totalCount,props_pageProps_match_team1_picksByPosition_sup_items_4_winBanCount,props_pageProps_match_team1_picksByPosition_sup_items_4_winPickCount,props_pageProps_match_team1_picksByPosition_sup_items_5___typename,props_pageProps_match_team1_picksByPosition_sup_items_5_banCount,props_pageProps_match_team1_picksByPosition_sup_items_5_champion,props_pageProps_match_team1_picksByPosition_sup_items_5_pickCount,props_pageProps_match_team1_picksByPosition_sup_items_5_totalCount,props_pageProps_match_team1_picksByPosition_sup_items_5_winBanCount,props_pageProps_match_team1_picksByPosition_sup_items_5_winPickCount,props_pageProps_match_team1_picksByPosition_sup_items_6___typename,props_pageProps_match_team1_picksByPosition_sup_items_6_banCount,props_pageProps_match_team1_picksByPosition_sup_items_6_champion,props_pageProps_match_team1_picksByPosition_sup_items_6_pickCount,props_pageProps_match_team1_picksByPosition_sup_items_6_totalCount,props_pageProps_match_team1_picksByPosition_sup_items_6_winBanCount,props_pageProps_match_team1_picksByPosition_sup_items_6_winPickCount,props_pageProps_match_team1_picksByPosition_sup_items_7___typename,props_pageProps_match_team1_picksByPosition_sup_items_7_banCount,props_pageProps_match_team1_picksByPosition_sup_items_7_champion,props_pageProps_match_team1_picksByPosition_sup_items_7_pickCount,props_pageProps_match_team1_picksByPosition_sup_items_7_totalCount,props_pageProps_match_team1_picksByPosition_sup_items_7_winBanCount,props_pageProps_match_team1_picksByPosition_sup_items_7_winPickCount,props_pageProps_match_team1_picksByPosition_sup_items_8___typename,props_pageProps_match_team1_picksByPosition_sup_items_8_banCount,props_pageProps_match_team1_picksByPosition_sup_items_8_champion,props_pageProps_match_team1_picksByPosition_sup_items_8_pickCount,props_pageProps_match_team1_picksByPosition_sup_items_8_totalCount,props_pageProps_match_team1_picksByPosition_sup_items_8_winBanCount,props_pageProps_match_team1_picksByPosition_sup_items_8_winPickCount,props_pageProps_match_team1_picksByPosition_sup_total,props_pageProps_match_team1_picksByPosition_sup_totalPickCount,props_pageProps_match_team1_picksByPosition_top___typename,props_pageProps_match_team1_picksByPosition_top_items_0___typename,props_pageProps_match_team1_picksByPosition_top_items_0_banCount,props_pageProps_match_team1_picksByPosition_top_items_0_champion,props_pageProps_match_team1_picksByPosition_top_items_0_pickCount,props_pageProps_match_team1_picksByPosition_top_items_0_totalCount,props_pageProps_match_team1_picksByPosition_top_items_0_winBanCount,props_pageProps_match_team1_picksByPosition_top_items_0_winPickCount,props_pageProps_match_team1_picksByPosition_top_items_1___typename,props_pageProps_match_team1_picksByPosition_top_items_1_banCount,props_pageProps_match_team1_picksByPosition_top_items_1_champion,props_pageProps_match_team1_picksByPosition_top_items_1_pickCount,props_pageProps_match_team1_picksByPosition_top_items_1_totalCount,props_pageProps_match_team1_picksByPosition_top_items_1_winBanCount,props_pageProps_match_team1_picksByPosition_top_items_1_winPickCount,props_pageProps_match_team1_picksByPosition_top_items_2___typename,props_pageProps_match_team1_picksByPosition_top_items_2_banCount,props_pageProps_match_team1_picksByPosition_top_items_2_champion,props_pageProps_match_team1_picksByPosition_top_items_2_pickCount,props_pageProps_match_team1_picksByPosition_top_items_2_totalCount,props_pageProps_match_team1_picksByPosition_top_items_2_winBanCount,props_pageProps_match_team1_picksByPosition_top_items_2_winPickCount,props_pageProps_match_team1_picksByPosition_top_items_3___typename,props_pageProps_match_team1_picksByPosition_top_items_3_banCount,props_pageProps_match_team1_picksByPosition_top_items_3_champion,props_pageProps_match_team1_picksByPosition_top_items_3_pickCount,props_pageProps_match_team1_picksByPosition_top_items_3_totalCount,props_pageProps_match_team1_picksByPosition_top_items_3_winBanCount,props_pageProps_match_team1_picksByPosition_top_items_3_winPickCount,props_pageProps_match_team1_picksByPosition_top_items_4___typename,props_pageProps_match_team1_picksByPosition_top_items_4_banCount,props_pageProps_match_team1_picksByPosition_top_items_4_champion,props_pageProps_match_team1_picksByPosition_top_items_4_pickCount,props_pageProps_match_team1_picksByPosition_top_items_4_totalCount,props_pageProps_match_team1_picksByPosition_top_items_4_winBanCount,props_pageProps_match_team1_picksByPosition_top_items_4_winPickCount,props_pageProps_match_team1_picksByPosition_top_items_5___typename,props_pageProps_match_team1_picksByPosition_top_items_5_banCount,props_pageProps_match_team1_picksByPosition_top_items_5_champion,props_pageProps_match_team1_picksByPosition_top_items_5_pickCount,props_pageProps_match_team1_picksByPosition_top_items_5_totalCount,props_pageProps_match_team1_picksByPosition_top_items_5_winBanCount,props_pageProps_match_team1_picksByPosition_top_items_5_winPickCount,props_pageProps_match_team1_picksByPosition_top_items_6___typename,props_pageProps_match_team1_picksByPosition_top_items_6_banCount,props_pageProps_match_team1_picksByPosition_top_items_6_champion,props_pageProps_match_team1_picksByPosition_top_items_6_pickCount,props_pageProps_match_team1_picksByPosition_top_items_6_totalCount,props_pageProps_match_team1_picksByPosition_top_items_6_winBanCount,props_pageProps_match_team1_picksByPosition_top_items_6_winPickCount,props_pageProps_match_team1_picksByPosition_top_items_7___typename,props_pageProps_match_team1_picksByPosition_top_items_7_banCount,props_pageProps_match_team1_picksByPosition_top_items_7_champion,props_pageProps_match_team1_picksByPosition_top_items_7_pickCount,props_pageProps_match_team1_picksByPosition_top_items_7_totalCount,props_pageProps_match_team1_picksByPosition_top_items_7_winBanCount,props_pageProps_match_team1_picksByPosition_top_items_7_winPickCount,props_pageProps_match_team1_picksByPosition_top_total,props_pageProps_match_team1_picksByPosition_top_totalPickCount,props_pageProps_match_team1_playerSeasonStats_0___typename,props_pageProps_match_team1_playerSeasonStats_0_avgAssists,props_pageProps_match_team1_playerSeasonStats_0_avgDamagePerTeamfights,props_pageProps_match_team1_playerSeasonStats_0_avgDeaths,props_pageProps_match_team1_playerSeasonStats_0_avgDmgHealedOnTeamPerMin,props_pageProps_match_team1_playerSeasonStats_0_avgDmgToChampsPerMin,props_pageProps_match_team1_playerSeasonStats_0_avgGold,props_pageProps_match_team1_playerSeasonStats_0_avgGoldAtFifteen,props_pageProps_match_team1_playerSeasonStats_0_avgGoldDiffAtFifteen,props_pageProps_match_team1_playerSeasonStats_0_avgIsoDeaths,props_pageProps_match_team1_playerSeasonStats_0_avgKills,props_pageProps_match_team1_playerSeasonStats_0_avgMinionsKilled,props_pageProps_match_team1_playerSeasonStats_0_avgMinsBetweenDeaths,props_pageProps_match_team1_playerSeasonStats_0_avgMinsBetweenKills,props_pageProps_match_team1_playerSeasonStats_0_avgNeutralMinionKilled,props_pageProps_match_team1_playerSeasonStats_0_avgRecalls,props_pageProps_match_team1_playerSeasonStats_0_avgSoloKills,props_pageProps_match_team1_playerSeasonStats_0_avgVisionScore,props_pageProps_match_team1_playerSeasonStats_0_avgWardsKilled,props_pageProps_match_team1_playerSeasonStats_0_avgWardsPlaced,props_pageProps_match_team1_playerSeasonStats_0_firstBloodRate,props_pageProps_match_team1_playerSeasonStats_0_player,props_pageProps_match_team1_playerSeasonStats_0_playerPerid,props_pageProps_match_team1_playerSeasonStats_0_rank,props_pageProps_match_team1_playerSeasonStats_0_role,props_pageProps_match_team1_playerSeasonStats_0_seasonName,props_pageProps_match_team1_playerSeasonStats_0_tournamentName,props_pageProps_match_team1_playerSeasonStats_1___typename,props_pageProps_match_team1_playerSeasonStats_1_avgAssists,props_pageProps_match_team1_playerSeasonStats_1_avgDamagePerTeamfights,props_pageProps_match_team1_playerSeasonStats_1_avgDeaths,props_pageProps_match_team1_playerSeasonStats_1_avgDmgHealedOnTeamPerMin,props_pageProps_match_team1_playerSeasonStats_1_avgDmgToChampsPerMin,props_pageProps_match_team1_playerSeasonStats_1_avgGold,props_pageProps_match_team1_playerSeasonStats_1_avgGoldAtFifteen,props_pageProps_match_team1_playerSeasonStats_1_avgGoldDiffAtFifteen,props_pageProps_match_team1_playerSeasonStats_1_avgIsoDeaths,props_pageProps_match_team1_playerSeasonStats_1_avgKills,props_pageProps_match_team1_playerSeasonStats_1_avgMinionsKilled,props_pageProps_match_team1_playerSeasonStats_1_avgMinsBetweenDeaths,props_pageProps_match_team1_playerSeasonStats_1_avgMinsBetweenKills,props_pageProps_match_team1_playerSeasonStats_1_avgNeutralMinionKilled,props_pageProps_match_team1_playerSeasonStats_1_avgRecalls,props_pageProps_match_team1_playerSeasonStats_1_avgSoloKills,props_pageProps_match_team1_playerSeasonStats_1_avgVisionScore,props_pageProps_match_team1_playerSeasonStats_1_avgWardsKilled,props_pageProps_match_team1_playerSeasonStats_1_avgWardsPlaced,props_pageProps_match_team1_playerSeasonStats_1_firstBloodRate,props_pageProps_match_team1_playerSeasonStats_1_player,props_pageProps_match_team1_playerSeasonStats_1_playerPerid,props_pageProps_match_team1_playerSeasonStats_1_rank,props_pageProps_match_team1_playerSeasonStats_1_role,props_pageProps_match_team1_playerSeasonStats_1_seasonName,props_pageProps_match_team1_playerSeasonStats_1_tournamentName,props_pageProps_match_team1_playerSeasonStats_2___typename,props_pageProps_match_team1_playerSeasonStats_2_avgAssists,props_pageProps_match_team1_playerSeasonStats_2_avgDamagePerTeamfights,props_pageProps_match_team1_playerSeasonStats_2_avgDeaths,props_pageProps_match_team1_playerSeasonStats_2_avgDmgHealedOnTeamPerMin,props_pageProps_match_team1_playerSeasonStats_2_avgDmgToChampsPerMin,props_pageProps_match_team1_playerSeasonStats_2_avgGold,props_pageProps_match_team1_playerSeasonStats_2_avgGoldAtFifteen,props_pageProps_match_team1_playerSeasonStats_2_avgGoldDiffAtFifteen,props_pageProps_match_team1_playerSeasonStats_2_avgIsoDeaths,props_pageProps_match_team1_playerSeasonStats_2_avgKills,props_pageProps_match_team1_playerSeasonStats_2_avgMinionsKilled,props_pageProps_match_team1_playerSeasonStats_2_avgMinsBetweenDeaths,props_pageProps_match_team1_playerSeasonStats_2_avgMinsBetweenKills,props_pageProps_match_team1_playerSeasonStats_2_avgNeutralMinionKilled,props_pageProps_match_team1_playerSeasonStats_2_avgRecalls,props_pageProps_match_team1_playerSeasonStats_2_avgSoloKills,props_pageProps_match_team1_playerSeasonStats_2_avgVisionScore,props_pageProps_match_team1_playerSeasonStats_2_avgWardsKilled,props_pageProps_match_team1_playerSeasonStats_2_avgWardsPlaced,props_pageProps_match_team1_playerSeasonStats_2_firstBloodRate,props_pageProps_match_team1_playerSeasonStats_2_player,props_pageProps_match_team1_playerSeasonStats_2_playerPerid,props_pageProps_match_team1_playerSeasonStats_2_rank,props_pageProps_match_team1_playerSeasonStats_2_role,props_pageProps_match_team1_playerSeasonStats_2_seasonName,props_pageProps_match_team1_playerSeasonStats_2_tournamentName,props_pageProps_match_team1_playerSeasonStats_3___typename,props_pageProps_match_team1_playerSeasonStats_3_avgAssists,props_pageProps_match_team1_playerSeasonStats_3_avgDamagePerTeamfights,props_pageProps_match_team1_playerSeasonStats_3_avgDeaths,props_pageProps_match_team1_playerSeasonStats_3_avgDmgHealedOnTeamPerMin,props_pageProps_match_team1_playerSeasonStats_3_avgDmgToChampsPerMin,props_pageProps_match_team1_playerSeasonStats_3_avgGold,props_pageProps_match_team1_playerSeasonStats_3_avgGoldAtFifteen,props_pageProps_match_team1_playerSeasonStats_3_avgGoldDiffAtFifteen,props_pageProps_match_team1_playerSeasonStats_3_avgIsoDeaths,props_pageProps_match_team1_playerSeasonStats_3_avgKills,props_pageProps_match_team1_playerSeasonStats_3_avgMinionsKilled,props_pageProps_match_team1_playerSeasonStats_3_avgMinsBetweenDeaths,props_pageProps_match_team1_playerSeasonStats_3_avgMinsBetweenKills,props_pageProps_match_team1_playerSeasonStats_3_avgNeutralMinionKilled,props_pageProps_match_team1_playerSeasonStats_3_avgRecalls,props_pageProps_match_team1_playerSeasonStats_3_avgSoloKills,props_pageProps_match_team1_playerSeasonStats_3_avgVisionScore,props_pageProps_match_team1_playerSeasonStats_3_avgWardsKilled,props_pageProps_match_team1_playerSeasonStats_3_avgWardsPlaced,props_pageProps_match_team1_playerSeasonStats_3_firstBloodRate,props_pageProps_match_team1_playerSeasonStats_3_player,props_pageProps_match_team1_playerSeasonStats_3_playerPerid,props_pageProps_match_team1_playerSeasonStats_3_rank,props_pageProps_match_team1_playerSeasonStats_3_role,props_pageProps_match_team1_playerSeasonStats_3_seasonName,props_pageProps_match_team1_playerSeasonStats_3_tournamentName,props_pageProps_match_team1_playerSeasonStats_4___typename,props_pageProps_match_team1_playerSeasonStats_4_avgAssists,props_pageProps_match_team1_playerSeasonStats_4_avgDamagePerTeamfights,props_pageProps_match_team1_playerSeasonStats_4_avgDeaths,props_pageProps_match_team1_playerSeasonStats_4_avgDmgHealedOnTeamPerMin,props_pageProps_match_team1_playerSeasonStats_4_avgDmgToChampsPerMin,props_pageProps_match_team1_playerSeasonStats_4_avgGold,props_pageProps_match_team1_playerSeasonStats_4_avgGoldAtFifteen,props_pageProps_match_team1_playerSeasonStats_4_avgGoldDiffAtFifteen,props_pageProps_match_team1_playerSeasonStats_4_avgIsoDeaths,props_pageProps_match_team1_playerSeasonStats_4_avgKills,props_pageProps_match_team1_playerSeasonStats_4_avgMinionsKilled,props_pageProps_match_team1_playerSeasonStats_4_avgMinsBetweenDeaths,props_pageProps_match_team1_playerSeasonStats_4_avgMinsBetweenKills,props_pageProps_match_team1_playerSeasonStats_4_avgNeutralMinionKilled,props_pageProps_match_team1_playerSeasonStats_4_avgRecalls,props_pageProps_match_team1_playerSeasonStats_4_avgSoloKills,props_pageProps_match_team1_playerSeasonStats_4_avgVisionScore,props_pageProps_match_team1_playerSeasonStats_4_avgWardsKilled,props_pageProps_match_team1_playerSeasonStats_4_avgWardsPlaced,props_pageProps_match_team1_playerSeasonStats_4_firstBloodRate,props_pageProps_match_team1_playerSeasonStats_4_player,props_pageProps_match_team1_playerSeasonStats_4_playerPerid,props_pageProps_match_team1_playerSeasonStats_4_rank,props_pageProps_match_team1_playerSeasonStats_4_role,props_pageProps_match_team1_playerSeasonStats_4_seasonName,props_pageProps_match_team1_playerSeasonStats_4_tournamentName,props_pageProps_match_team1_powrRankings_0___typename,props_pageProps_match_team1_powrRankings_0_gamesPlayed,props_pageProps_match_team1_powrRankings_0_isPlayer,props_pageProps_match_team1_powrRankings_0_league,props_pageProps_match_team1_powrRankings_0_player,props_pageProps_match_team1_powrRankings_0_playerDetails___typename,props_pageProps_match_team1_powrRankings_0_playerDetails_factorId,props_pageProps_match_team1_powrRankings_0_playerDetails_fullName,props_pageProps_match_team1_powrRankings_0_playerDetails_headshotUrl,props_pageProps_match_team1_powrRankings_0_playerDetails_name,props_pageProps_match_team1_powrRankings_0_playerPerid,props_pageProps_match_team1_powrRankings_0_prevRanking,props_pageProps_match_team1_powrRankings_0_rank,props_pageProps_match_team1_powrRankings_0_ranking,props_pageProps_match_team1_powrRankings_0_role,props_pageProps_match_team1_powrRankings_0_team,props_pageProps_match_team1_powrRankings_0_teamDetails___typename,props_pageProps_match_team1_powrRankings_0_teamDetails_factorId,props_pageProps_match_team1_powrRankings_0_teamDetails_fullName,props_pageProps_match_team1_powrRankings_0_teamDetails_teamLogo___typename,props_pageProps_match_team1_powrRankings_0_teamDetails_teamLogo_darkFlip,props_pageProps_match_team1_powrRankings_0_teamDetails_teamLogo_darkShadow,props_pageProps_match_team1_powrRankings_0_teamDetails_teamLogo_logoUrl,props_pageProps_match_team1_powrRankings_0_teamDetails_teamUrn,props_pageProps_match_team1_powrRankings_0_teamPerid,props_pageProps_match_team1_powrRankings_1___typename,props_pageProps_match_team1_powrRankings_1_gamesPlayed,props_pageProps_match_team1_powrRankings_1_isPlayer,props_pageProps_match_team1_powrRankings_1_league,props_pageProps_match_team1_powrRankings_1_player,props_pageProps_match_team1_powrRankings_1_playerDetails___typename,props_pageProps_match_team1_powrRankings_1_playerDetails_factorId,props_pageProps_match_team1_powrRankings_1_playerDetails_fullName,props_pageProps_match_team1_powrRankings_1_playerDetails_headshotUrl,props_pageProps_match_team1_powrRankings_1_playerDetails_name,props_pageProps_match_team1_powrRankings_1_playerPerid,props_pageProps_match_team1_powrRankings_1_prevRanking,props_pageProps_match_team1_powrRankings_1_rank,props_pageProps_match_team1_powrRankings_1_ranking,props_pageProps_match_team1_powrRankings_1_role,props_pageProps_match_team1_powrRankings_1_team,props_pageProps_match_team1_powrRankings_1_teamDetails___typename,props_pageProps_match_team1_powrRankings_1_teamDetails_factorId,props_pageProps_match_team1_powrRankings_1_teamDetails_fullName,props_pageProps_match_team1_powrRankings_1_teamDetails_teamLogo___typename,props_pageProps_match_team1_powrRankings_1_teamDetails_teamLogo_darkFlip,props_pageProps_match_team1_powrRankings_1_teamDetails_teamLogo_darkShadow,props_pageProps_match_team1_powrRankings_1_teamDetails_teamLogo_logoUrl,props_pageProps_match_team1_powrRankings_1_teamDetails_teamUrn,props_pageProps_match_team1_powrRankings_1_teamPerid,props_pageProps_match_team1_powrRankings_2___typename,props_pageProps_match_team1_powrRankings_2_gamesPlayed,props_pageProps_match_team1_powrRankings_2_isPlayer,props_pageProps_match_team1_powrRankings_2_league,props_pageProps_match_team1_powrRankings_2_player,props_pageProps_match_team1_powrRankings_2_playerDetails___typename,props_pageProps_match_team1_powrRankings_2_playerDetails_factorId,props_pageProps_match_team1_powrRankings_2_playerDetails_fullName,props_pageProps_match_team1_powrRankings_2_playerDetails_headshotUrl,props_pageProps_match_team1_powrRankings_2_playerDetails_name,props_pageProps_match_team1_powrRankings_2_playerPerid,props_pageProps_match_team1_powrRankings_2_prevRanking,props_pageProps_match_team1_powrRankings_2_rank,props_pageProps_match_team1_powrRankings_2_ranking,props_pageProps_match_team1_powrRankings_2_role,props_pageProps_match_team1_powrRankings_2_team,props_pageProps_match_team1_powrRankings_2_teamDetails___typename,props_pageProps_match_team1_powrRankings_2_teamDetails_factorId,props_pageProps_match_team1_powrRankings_2_teamDetails_fullName,props_pageProps_match_team1_powrRankings_2_teamDetails_teamLogo___typename,props_pageProps_match_team1_powrRankings_2_teamDetails_teamLogo_darkFlip,props_pageProps_match_team1_powrRankings_2_teamDetails_teamLogo_darkShadow,props_pageProps_match_team1_powrRankings_2_teamDetails_teamLogo_logoUrl,props_pageProps_match_team1_powrRankings_2_teamDetails_teamUrn,props_pageProps_match_team1_powrRankings_2_teamPerid,props_pageProps_match_team1_powrRankings_3___typename,props_pageProps_match_team1_powrRankings_3_gamesPlayed,props_pageProps_match_team1_powrRankings_3_isPlayer,props_pageProps_match_team1_powrRankings_3_league,props_pageProps_match_team1_powrRankings_3_player,props_pageProps_match_team1_powrRankings_3_playerDetails___typename,props_pageProps_match_team1_powrRankings_3_playerDetails_factorId,props_pageProps_match_team1_powrRankings_3_playerDetails_fullName,props_pageProps_match_team1_powrRankings_3_playerDetails_headshotUrl,props_pageProps_match_team1_powrRankings_3_playerDetails_name,props_pageProps_match_team1_powrRankings_3_playerPerid,props_pageProps_match_team1_powrRankings_3_prevRanking,props_pageProps_match_team1_powrRankings_3_rank,props_pageProps_match_team1_powrRankings_3_ranking,props_pageProps_match_team1_powrRankings_3_role,props_pageProps_match_team1_powrRankings_3_team,props_pageProps_match_team1_powrRankings_3_teamDetails___typename,props_pageProps_match_team1_powrRankings_3_teamDetails_factorId,props_pageProps_match_team1_powrRankings_3_teamDetails_fullName,props_pageProps_match_team1_powrRankings_3_teamDetails_teamLogo___typename,props_pageProps_match_team1_powrRankings_3_teamDetails_teamLogo_darkFlip,props_pageProps_match_team1_powrRankings_3_teamDetails_teamLogo_darkShadow,props_pageProps_match_team1_powrRankings_3_teamDetails_teamLogo_logoUrl,props_pageProps_match_team1_powrRankings_3_teamDetails_teamUrn,props_pageProps_match_team1_powrRankings_3_teamPerid,props_pageProps_match_team1_powrRankings_4___typename,props_pageProps_match_team1_powrRankings_4_gamesPlayed,props_pageProps_match_team1_powrRankings_4_isPlayer,props_pageProps_match_team1_powrRankings_4_league,props_pageProps_match_team1_powrRankings_4_player,props_pageProps_match_team1_powrRankings_4_playerDetails___typename,props_pageProps_match_team1_powrRankings_4_playerDetails_factorId,props_pageProps_match_team1_powrRankings_4_playerDetails_fullName,props_pageProps_match_team1_powrRankings_4_playerDetails_headshotUrl,props_pageProps_match_team1_powrRankings_4_playerDetails_name,props_pageProps_match_team1_powrRankings_4_playerPerid,props_pageProps_match_team1_powrRankings_4_prevRanking,props_pageProps_match_team1_powrRankings_4_rank,props_pageProps_match_team1_powrRankings_4_ranking,props_pageProps_match_team1_powrRankings_4_role,props_pageProps_match_team1_powrRankings_4_team,props_pageProps_match_team1_powrRankings_4_teamDetails___typename,props_pageProps_match_team1_powrRankings_4_teamDetails_factorId,props_pageProps_match_team1_powrRankings_4_teamDetails_fullName,props_pageProps_match_team1_powrRankings_4_teamDetails_teamLogo___typename,props_pageProps_match_team1_powrRankings_4_teamDetails_teamLogo_darkFlip,props_pageProps_match_team1_powrRankings_4_teamDetails_teamLogo_darkShadow,props_pageProps_match_team1_powrRankings_4_teamDetails_teamLogo_logoUrl,props_pageProps_match_team1_powrRankings_4_teamDetails_teamUrn,props_pageProps_match_team1_powrRankings_4_teamPerid,props_pageProps_match_team1_teamStats_0___typename,props_pageProps_match_team1_teamStats_0_avgAssists,props_pageProps_match_team1_teamStats_0_avgBaronKills,props_pageProps_match_team1_teamStats_0_avgDamagePerTeamfights,props_pageProps_match_team1_teamStats_0_avgDeaths,props_pageProps_match_team1_teamStats_0_avgDmgHealedOnTeamPerMin,props_pageProps_match_team1_teamStats_0_avgDmgToChampsPerMin,props_pageProps_match_team1_teamStats_0_avgDragonKills,props_pageProps_match_team1_teamStats_0_avgDragonsAtFifteen,props_pageProps_match_team1_teamStats_0_avgGold,props_pageProps_match_team1_teamStats_0_avgGoldAtFifteen,props_pageProps_match_team1_teamStats_0_avgGoldDiffAtFifteen,props_pageProps_match_team1_teamStats_0_avgInhibKills,props_pageProps_match_team1_teamStats_0_avgIsoDeaths,props_pageProps_match_team1_teamStats_0_avgKills,props_pageProps_match_team1_teamStats_0_avgMinionsKilled,props_pageProps_match_team1_teamStats_0_avgMinsBetweenDeaths,props_pageProps_match_team1_teamStats_0_avgMinsBetweenKills,props_pageProps_match_team1_teamStats_0_avgNeutralMinionKilled,props_pageProps_match_team1_teamStats_0_avgRecalls,props_pageProps_match_team1_teamStats_0_avgSoloKills,props_pageProps_match_team1_teamStats_0_avgTowerDiffAtFifteen,props_pageProps_match_team1_teamStats_0_avgTowerKills,props_pageProps_match_team1_teamStats_0_avgTowersAtFifteen,props_pageProps_match_team1_teamStats_0_avgVisionScore,props_pageProps_match_team1_teamStats_0_avgWardsKilled,props_pageProps_match_team1_teamStats_0_avgWardsPlaced,props_pageProps_match_team1_teamStats_0_firstBloodRate,props_pageProps_match_team1_teamStats_0_firstDragonRate,props_pageProps_match_team1_teamStats_0_firstTowerRate,props_pageProps_match_team1_teamStats_0_rank,props_pageProps_match_team1_teamStats_0_seasonName,props_pageProps_match_team1_teamStats_0_selected,props_pageProps_match_team1_teamStats_0_team,props_pageProps_match_team1_teamStats_0_teamPerid,props_pageProps_match_team1_teamStats_0_tournamentName,props_pageProps_match_team1_teamStats_1___typename,props_pageProps_match_team1_teamStats_1_avgAssists,props_pageProps_match_team1_teamStats_1_avgBaronKills,props_pageProps_match_team1_teamStats_1_avgDamagePerTeamfights,props_pageProps_match_team1_teamStats_1_avgDeaths,props_pageProps_match_team1_teamStats_1_avgDmgHealedOnTeamPerMin,props_pageProps_match_team1_teamStats_1_avgDmgToChampsPerMin,props_pageProps_match_team1_teamStats_1_avgDragonKills,props_pageProps_match_team1_teamStats_1_avgDragonsAtFifteen,props_pageProps_match_team1_teamStats_1_avgGold,props_pageProps_match_team1_teamStats_1_avgGoldAtFifteen,props_pageProps_match_team1_teamStats_1_avgGoldDiffAtFifteen,props_pageProps_match_team1_teamStats_1_avgInhibKills,props_pageProps_match_team1_teamStats_1_avgIsoDeaths,props_pageProps_match_team1_teamStats_1_avgKills,props_pageProps_match_team1_teamStats_1_avgMinionsKilled,props_pageProps_match_team1_teamStats_1_avgMinsBetweenDeaths,props_pageProps_match_team1_teamStats_1_avgMinsBetweenKills,props_pageProps_match_team1_teamStats_1_avgNeutralMinionKilled,props_pageProps_match_team1_teamStats_1_avgRecalls,props_pageProps_match_team1_teamStats_1_avgSoloKills,props_pageProps_match_team1_teamStats_1_avgTowerDiffAtFifteen,props_pageProps_match_team1_teamStats_1_avgTowerKills,props_pageProps_match_team1_teamStats_1_avgTowersAtFifteen,props_pageProps_match_team1_teamStats_1_avgVisionScore,props_pageProps_match_team1_teamStats_1_avgWardsKilled,props_pageProps_match_team1_teamStats_1_avgWardsPlaced,props_pageProps_match_team1_teamStats_1_firstBloodRate,props_pageProps_match_team1_teamStats_1_firstDragonRate,props_pageProps_match_team1_teamStats_1_firstTowerRate,props_pageProps_match_team1_teamStats_1_rank,props_pageProps_match_team1_teamStats_1_seasonName,props_pageProps_match_team1_teamStats_1_selected,props_pageProps_match_team1_teamStats_1_team,props_pageProps_match_team1_teamStats_1_teamPerid,props_pageProps_match_team1_teamStats_1_tournamentName,props_pageProps_match_team1_teamStats_2___typename,props_pageProps_match_team1_teamStats_2_avgAssists,props_pageProps_match_team1_teamStats_2_avgBaronKills,props_pageProps_match_team1_teamStats_2_avgDamagePerTeamfights,props_pageProps_match_team1_teamStats_2_avgDeaths,props_pageProps_match_team1_teamStats_2_avgDmgHealedOnTeamPerMin,props_pageProps_match_team1_teamStats_2_avgDmgToChampsPerMin,props_pageProps_match_team1_teamStats_2_avgDragonKills,props_pageProps_match_team1_teamStats_2_avgDragonsAtFifteen,props_pageProps_match_team1_teamStats_2_avgGold,props_pageProps_match_team1_teamStats_2_avgGoldAtFifteen,props_pageProps_match_team1_teamStats_2_avgGoldDiffAtFifteen,props_pageProps_match_team1_teamStats_2_avgInhibKills,props_pageProps_match_team1_teamStats_2_avgIsoDeaths,props_pageProps_match_team1_teamStats_2_avgKills,props_pageProps_match_team1_teamStats_2_avgMinionsKilled,props_pageProps_match_team1_teamStats_2_avgMinsBetweenDeaths,props_pageProps_match_team1_teamStats_2_avgMinsBetweenKills,props_pageProps_match_team1_teamStats_2_avgNeutralMinionKilled,props_pageProps_match_team1_teamStats_2_avgRecalls,props_pageProps_match_team1_teamStats_2_avgSoloKills,props_pageProps_match_team1_teamStats_2_avgTowerDiffAtFifteen,props_pageProps_match_team1_teamStats_2_avgTowerKills,props_pageProps_match_team1_teamStats_2_avgTowersAtFifteen,props_pageProps_match_team1_teamStats_2_avgVisionScore,props_pageProps_match_team1_teamStats_2_avgWardsKilled,props_pageProps_match_team1_teamStats_2_avgWardsPlaced,props_pageProps_match_team1_teamStats_2_firstBloodRate,props_pageProps_match_team1_teamStats_2_firstDragonRate,props_pageProps_match_team1_teamStats_2_firstTowerRate,props_pageProps_match_team1_teamStats_2_rank,props_pageProps_match_team1_teamStats_2_seasonName,props_pageProps_match_team1_teamStats_2_selected,props_pageProps_match_team1_teamStats_2_team,props_pageProps_match_team1_teamStats_2_teamPerid,props_pageProps_match_team1_teamStats_2_tournamentName,props_pageProps_match_team1_teamStats_3___typename,props_pageProps_match_team1_teamStats_3_avgAssists,props_pageProps_match_team1_teamStats_3_avgBaronKills,props_pageProps_match_team1_teamStats_3_avgDamagePerTeamfights,props_pageProps_match_team1_teamStats_3_avgDeaths,props_pageProps_match_team1_teamStats_3_avgDmgHealedOnTeamPerMin,props_pageProps_match_team1_teamStats_3_avgDmgToChampsPerMin,props_pageProps_match_team1_teamStats_3_avgDragonKills,props_pageProps_match_team1_teamStats_3_avgDragonsAtFifteen,props_pageProps_match_team1_teamStats_3_avgGold,props_pageProps_match_team1_teamStats_3_avgGoldAtFifteen,props_pageProps_match_team1_teamStats_3_avgGoldDiffAtFifteen,props_pageProps_match_team1_teamStats_3_avgInhibKills,props_pageProps_match_team1_teamStats_3_avgIsoDeaths,props_pageProps_match_team1_teamStats_3_avgKills,props_pageProps_match_team1_teamStats_3_avgMinionsKilled,props_pageProps_match_team1_teamStats_3_avgMinsBetweenDeaths,props_pageProps_match_team1_teamStats_3_avgMinsBetweenKills,props_pageProps_match_team1_teamStats_3_avgNeutralMinionKilled,props_pageProps_match_team1_teamStats_3_avgRecalls,props_pageProps_match_team1_teamStats_3_avgSoloKills,props_pageProps_match_team1_teamStats_3_avgTowerDiffAtFifteen,props_pageProps_match_team1_teamStats_3_avgTowerKills,props_pageProps_match_team1_teamStats_3_avgTowersAtFifteen,props_pageProps_match_team1_teamStats_3_avgVisionScore,props_pageProps_match_team1_teamStats_3_avgWardsKilled,props_pageProps_match_team1_teamStats_3_avgWardsPlaced,props_pageProps_match_team1_teamStats_3_firstBloodRate,props_pageProps_match_team1_teamStats_3_firstDragonRate,props_pageProps_match_team1_teamStats_3_firstTowerRate,props_pageProps_match_team1_teamStats_3_rank,props_pageProps_match_team1_teamStats_3_seasonName,props_pageProps_match_team1_teamStats_3_selected,props_pageProps_match_team1_teamStats_3_team,props_pageProps_match_team1_teamStats_3_teamPerid,props_pageProps_match_team1_teamStats_3_tournamentName,props_pageProps_match_team1_teamStats_4___typename,props_pageProps_match_team1_teamStats_4_avgAssists,props_pageProps_match_team1_teamStats_4_avgBaronKills,props_pageProps_match_team1_teamStats_4_avgDamagePerTeamfights,props_pageProps_match_team1_teamStats_4_avgDeaths,props_pageProps_match_team1_teamStats_4_avgDmgHealedOnTeamPerMin,props_pageProps_match_team1_teamStats_4_avgDmgToChampsPerMin,props_pageProps_match_team1_teamStats_4_avgDragonKills,props_pageProps_match_team1_teamStats_4_avgDragonsAtFifteen,props_pageProps_match_team1_teamStats_4_avgGold,props_pageProps_match_team1_teamStats_4_avgGoldAtFifteen,props_pageProps_match_team1_teamStats_4_avgGoldDiffAtFifteen,props_pageProps_match_team1_teamStats_4_avgInhibKills,props_pageProps_match_team1_teamStats_4_avgIsoDeaths,props_pageProps_match_team1_teamStats_4_avgKills,props_pageProps_match_team1_teamStats_4_avgMinionsKilled,props_pageProps_match_team1_teamStats_4_avgMinsBetweenDeaths,props_pageProps_match_team1_teamStats_4_avgMinsBetweenKills,props_pageProps_match_team1_teamStats_4_avgNeutralMinionKilled,props_pageProps_match_team1_teamStats_4_avgRecalls,props_pageProps_match_team1_teamStats_4_avgSoloKills,props_pageProps_match_team1_teamStats_4_avgTowerDiffAtFifteen,props_pageProps_match_team1_teamStats_4_avgTowerKills,props_pageProps_match_team1_teamStats_4_avgTowersAtFifteen,props_pageProps_match_team1_teamStats_4_avgVisionScore,props_pageProps_match_team1_teamStats_4_avgWardsKilled,props_pageProps_match_team1_teamStats_4_avgWardsPlaced,props_pageProps_match_team1_teamStats_4_firstBloodRate,props_pageProps_match_team1_teamStats_4_firstDragonRate,props_pageProps_match_team1_teamStats_4_firstTowerRate,props_pageProps_match_team1_teamStats_4_rank,props_pageProps_match_team1_teamStats_4_seasonName,props_pageProps_match_team1_teamStats_4_selected,props_pageProps_match_team1_teamStats_4_team,props_pageProps_match_team1_teamStats_4_teamPerid,props_pageProps_match_team1_teamStats_4_tournamentName,props_pageProps_match_team1_teamStats_5___typename,props_pageProps_match_team1_teamStats_5_avgAssists,props_pageProps_match_team1_teamStats_5_avgBaronKills,props_pageProps_match_team1_teamStats_5_avgDamagePerTeamfights,props_pageProps_match_team1_teamStats_5_avgDeaths,props_pageProps_match_team1_teamStats_5_avgDmgHealedOnTeamPerMin,props_pageProps_match_team1_teamStats_5_avgDmgToChampsPerMin,props_pageProps_match_team1_teamStats_5_avgDragonKills,props_pageProps_match_team1_teamStats_5_avgDragonsAtFifteen,props_pageProps_match_team1_teamStats_5_avgGold,props_pageProps_match_team1_teamStats_5_avgGoldAtFifteen,props_pageProps_match_team1_teamStats_5_avgGoldDiffAtFifteen,props_pageProps_match_team1_teamStats_5_avgInhibKills,props_pageProps_match_team1_teamStats_5_avgIsoDeaths,props_pageProps_match_team1_teamStats_5_avgKills,props_pageProps_match_team1_teamStats_5_avgMinionsKilled,props_pageProps_match_team1_teamStats_5_avgMinsBetweenDeaths,props_pageProps_match_team1_teamStats_5_avgMinsBetweenKills,props_pageProps_match_team1_teamStats_5_avgNeutralMinionKilled,props_pageProps_match_team1_teamStats_5_avgRecalls,props_pageProps_match_team1_teamStats_5_avgSoloKills,props_pageProps_match_team1_teamStats_5_avgTowerDiffAtFifteen,props_pageProps_match_team1_teamStats_5_avgTowerKills,props_pageProps_match_team1_teamStats_5_avgTowersAtFifteen,props_pageProps_match_team1_teamStats_5_avgVisionScore,props_pageProps_match_team1_teamStats_5_avgWardsKilled,props_pageProps_match_team1_teamStats_5_avgWardsPlaced,props_pageProps_match_team1_teamStats_5_firstBloodRate,props_pageProps_match_team1_teamStats_5_firstDragonRate,props_pageProps_match_team1_teamStats_5_firstTowerRate,props_pageProps_match_team1_teamStats_5_rank,props_pageProps_match_team1_teamStats_5_seasonName,props_pageProps_match_team1_teamStats_5_selected,props_pageProps_match_team1_teamStats_5_team,props_pageProps_match_team1_teamStats_5_teamPerid,props_pageProps_match_team1_teamStats_5_tournamentName,props_pageProps_match_team1_teamStats_6___typename,props_pageProps_match_team1_teamStats_6_avgAssists,props_pageProps_match_team1_teamStats_6_avgBaronKills,props_pageProps_match_team1_teamStats_6_avgDamagePerTeamfights,props_pageProps_match_team1_teamStats_6_avgDeaths,props_pageProps_match_team1_teamStats_6_avgDmgHealedOnTeamPerMin,props_pageProps_match_team1_teamStats_6_avgDmgToChampsPerMin,props_pageProps_match_team1_teamStats_6_avgDragonKills,props_pageProps_match_team1_teamStats_6_avgDragonsAtFifteen,props_pageProps_match_team1_teamStats_6_avgGold,props_pageProps_match_team1_teamStats_6_avgGoldAtFifteen,props_pageProps_match_team1_teamStats_6_avgGoldDiffAtFifteen,props_pageProps_match_team1_teamStats_6_avgInhibKills,props_pageProps_match_team1_teamStats_6_avgIsoDeaths,props_pageProps_match_team1_teamStats_6_avgKills,props_pageProps_match_team1_teamStats_6_avgMinionsKilled,props_pageProps_match_team1_teamStats_6_avgMinsBetweenDeaths,props_pageProps_match_team1_teamStats_6_avgMinsBetweenKills,props_pageProps_match_team1_teamStats_6_avgNeutralMinionKilled,props_pageProps_match_team1_teamStats_6_avgRecalls,props_pageProps_match_team1_teamStats_6_avgSoloKills,props_pageProps_match_team1_teamStats_6_avgTowerDiffAtFifteen,props_pageProps_match_team1_teamStats_6_avgTowerKills,props_pageProps_match_team1_teamStats_6_avgTowersAtFifteen,props_pageProps_match_team1_teamStats_6_avgVisionScore,props_pageProps_match_team1_teamStats_6_avgWardsKilled,props_pageProps_match_team1_teamStats_6_avgWardsPlaced,props_pageProps_match_team1_teamStats_6_firstBloodRate,props_pageProps_match_team1_teamStats_6_firstDragonRate,props_pageProps_match_team1_teamStats_6_firstTowerRate,props_pageProps_match_team1_teamStats_6_rank,props_pageProps_match_team1_teamStats_6_seasonName,props_pageProps_match_team1_teamStats_6_selected,props_pageProps_match_team1_teamStats_6_team,props_pageProps_match_team1_teamStats_6_teamPerid,props_pageProps_match_team1_teamStats_6_tournamentName,props_pageProps_match_team1_teamStats_7___typename,props_pageProps_match_team1_teamStats_7_avgAssists,props_pageProps_match_team1_teamStats_7_avgBaronKills,props_pageProps_match_team1_teamStats_7_avgDamagePerTeamfights,props_pageProps_match_team1_teamStats_7_avgDeaths,props_pageProps_match_team1_teamStats_7_avgDmgHealedOnTeamPerMin,props_pageProps_match_team1_teamStats_7_avgDmgToChampsPerMin,props_pageProps_match_team1_teamStats_7_avgDragonKills,props_pageProps_match_team1_teamStats_7_avgDragonsAtFifteen,props_pageProps_match_team1_teamStats_7_avgGold,props_pageProps_match_team1_teamStats_7_avgGoldAtFifteen,props_pageProps_match_team1_teamStats_7_avgGoldDiffAtFifteen,props_pageProps_match_team1_teamStats_7_avgInhibKills,props_pageProps_match_team1_teamStats_7_avgIsoDeaths,props_pageProps_match_team1_teamStats_7_avgKills,props_pageProps_match_team1_teamStats_7_avgMinionsKilled,props_pageProps_match_team1_teamStats_7_avgMinsBetweenDeaths,props_pageProps_match_team1_teamStats_7_avgMinsBetweenKills,props_pageProps_match_team1_teamStats_7_avgNeutralMinionKilled,props_pageProps_match_team1_teamStats_7_avgRecalls,props_pageProps_match_team1_teamStats_7_avgSoloKills,props_pageProps_match_team1_teamStats_7_avgTowerDiffAtFifteen,props_pageProps_match_team1_teamStats_7_avgTowerKills,props_pageProps_match_team1_teamStats_7_avgTowersAtFifteen,props_pageProps_match_team1_teamStats_7_avgVisionScore,props_pageProps_match_team1_teamStats_7_avgWardsKilled,props_pageProps_match_team1_teamStats_7_avgWardsPlaced,props_pageProps_match_team1_teamStats_7_firstBloodRate,props_pageProps_match_team1_teamStats_7_firstDragonRate,props_pageProps_match_team1_teamStats_7_firstTowerRate,props_pageProps_match_team1_teamStats_7_rank,props_pageProps_match_team1_teamStats_7_seasonName,props_pageProps_match_team1_teamStats_7_selected,props_pageProps_match_team1_teamStats_7_team,props_pageProps_match_team1_teamStats_7_teamPerid,props_pageProps_match_team1_teamStats_7_tournamentName,props_pageProps_match_team1_teamStats_8_avgAssists,props_pageProps_match_team1_teamStats_8_avgBaronKills,props_pageProps_match_team1_teamStats_8_avgDamagePerTeamfights,props_pageProps_match_team1_teamStats_8_avgDeaths,props_pageProps_match_team1_teamStats_8_avgDmgHealedOnTeamPerMin,props_pageProps_match_team1_teamStats_8_avgDmgToChampsPerMin,props_pageProps_match_team1_teamStats_8_avgDragonKills,props_pageProps_match_team1_teamStats_8_avgDragonsAtFifteen,props_pageProps_match_team1_teamStats_8_avgGold,props_pageProps_match_team1_teamStats_8_avgGoldAtFifteen,props_pageProps_match_team1_teamStats_8_avgGoldDiffAtFifteen,props_pageProps_match_team1_teamStats_8_avgInhibKills,props_pageProps_match_team1_teamStats_8_avgIsoDeaths,props_pageProps_match_team1_teamStats_8_avgKills,props_pageProps_match_team1_teamStats_8_avgMinionsKilled,props_pageProps_match_team1_teamStats_8_avgMinsBetweenDeaths,props_pageProps_match_team1_teamStats_8_avgMinsBetweenKills,props_pageProps_match_team1_teamStats_8_avgNeutralMinionKilled,props_pageProps_match_team1_teamStats_8_avgRecalls,props_pageProps_match_team1_teamStats_8_avgSoloKills,props_pageProps_match_team1_teamStats_8_avgTowerDiffAtFifteen,props_pageProps_match_team1_teamStats_8_avgTowerKills,props_pageProps_match_team1_teamStats_8_avgTowersAtFifteen,props_pageProps_match_team1_teamStats_8_avgVisionScore,props_pageProps_match_team1_teamStats_8_avgWardsKilled,props_pageProps_match_team1_teamStats_8_avgWardsPlaced,props_pageProps_match_team1_teamStats_8_firstBloodRate,props_pageProps_match_team1_teamStats_8_firstDragonRate,props_pageProps_match_team1_teamStats_8_firstTowerRate,props_pageProps_match_team1_teamStats_8_rank,props_pageProps_match_team1_teamStats_8_tournamentName,props_pageProps_match_team1_topPlayers_0___typename,props_pageProps_match_team1_topPlayers_0_avgDamage,props_pageProps_match_team1_topPlayers_0_avgDamageHealed,props_pageProps_match_team1_topPlayers_0_avgDamagePerTeamfight,props_pageProps_match_team1_topPlayers_0_avgGold,props_pageProps_match_team1_topPlayers_0_avgGoldAtFifteen,props_pageProps_match_team1_topPlayers_0_avgGoldDiffAtFifteen,props_pageProps_match_team1_topPlayers_0_gamesPlayed,props_pageProps_match_team1_topPlayers_0_player,props_pageProps_match_team1_topPlayers_0_playerDetails___typename,props_pageProps_match_team1_topPlayers_0_playerDetails_factorId,props_pageProps_match_team1_topPlayers_0_playerDetails_headshotUrl,props_pageProps_match_team1_topPlayers_0_playerDetails_name,props_pageProps_match_team1_topPlayers_0_playerDetails_perid,props_pageProps_match_team1_topPlayers_0_playerPerid,props_pageProps_match_team1_topPlayers_0_rank,props_pageProps_match_team1_topPlayers_0_role,props_pageProps_match_team1_topPlayers_0_totalAssists,props_pageProps_match_team1_topPlayers_0_totalDamageTeamfights,props_pageProps_match_team1_topPlayers_0_totalDeaths,props_pageProps_match_team1_topPlayers_0_totalFirstBloods,props_pageProps_match_team1_topPlayers_0_totalKills,props_pageProps_match_team1_topPlayers_0_totalMinionKills,props_pageProps_match_team1_topPlayers_0_totalSoloKills,props_pageProps_match_team1_topPlayers_0_totalWorthlessDeaths,props_pageProps_match_team1_topPlayers_1___typename,props_pageProps_match_team1_topPlayers_1_avgDamage,props_pageProps_match_team1_topPlayers_1_avgDamageHealed,props_pageProps_match_team1_topPlayers_1_avgDamagePerTeamfight,props_pageProps_match_team1_topPlayers_1_avgGold,props_pageProps_match_team1_topPlayers_1_avgGoldAtFifteen,props_pageProps_match_team1_topPlayers_1_avgGoldDiffAtFifteen,props_pageProps_match_team1_topPlayers_1_gamesPlayed,props_pageProps_match_team1_topPlayers_1_player,props_pageProps_match_team1_topPlayers_1_playerDetails___typename,props_pageProps_match_team1_topPlayers_1_playerDetails_factorId,props_pageProps_match_team1_topPlayers_1_playerDetails_headshotUrl,props_pageProps_match_team1_topPlayers_1_playerDetails_name,props_pageProps_match_team1_topPlayers_1_playerDetails_perid,props_pageProps_match_team1_topPlayers_1_playerPerid,props_pageProps_match_team1_topPlayers_1_rank,props_pageProps_match_team1_topPlayers_1_role,props_pageProps_match_team1_topPlayers_1_totalAssists,props_pageProps_match_team1_topPlayers_1_totalDamageTeamfights,props_pageProps_match_team1_topPlayers_1_totalDeaths,props_pageProps_match_team1_topPlayers_1_totalFirstBloods,props_pageProps_match_team1_topPlayers_1_totalKills,props_pageProps_match_team1_topPlayers_1_totalMinionKills,props_pageProps_match_team1_topPlayers_1_totalSoloKills,props_pageProps_match_team1_topPlayers_1_totalWorthlessDeaths,props_pageProps_match_team1_topPlayers_2___typename,props_pageProps_match_team1_topPlayers_2_avgDamage,props_pageProps_match_team1_topPlayers_2_avgDamageHealed,props_pageProps_match_team1_topPlayers_2_avgDamagePerTeamfight,props_pageProps_match_team1_topPlayers_2_avgGold,props_pageProps_match_team1_topPlayers_2_avgGoldAtFifteen,props_pageProps_match_team1_topPlayers_2_avgGoldDiffAtFifteen,props_pageProps_match_team1_topPlayers_2_gamesPlayed,props_pageProps_match_team1_topPlayers_2_player,props_pageProps_match_team1_topPlayers_2_playerDetails___typename,props_pageProps_match_team1_topPlayers_2_playerDetails_factorId,props_pageProps_match_team1_topPlayers_2_playerDetails_headshotUrl,props_pageProps_match_team1_topPlayers_2_playerDetails_name,props_pageProps_match_team1_topPlayers_2_playerDetails_perid,props_pageProps_match_team1_topPlayers_2_playerPerid,props_pageProps_match_team1_topPlayers_2_rank,props_pageProps_match_team1_topPlayers_2_role,props_pageProps_match_team1_topPlayers_2_totalAssists,props_pageProps_match_team1_topPlayers_2_totalDamageTeamfights,props_pageProps_match_team1_topPlayers_2_totalDeaths,props_pageProps_match_team1_topPlayers_2_totalFirstBloods,props_pageProps_match_team1_topPlayers_2_totalKills,props_pageProps_match_team1_topPlayers_2_totalMinionKills,props_pageProps_match_team1_topPlayers_2_totalSoloKills,props_pageProps_match_team1_topPlayers_2_totalWorthlessDeaths,props_pageProps_match_team1_topPlayers_3___typename,props_pageProps_match_team1_topPlayers_3_avgDamage,props_pageProps_match_team1_topPlayers_3_avgDamageHealed,props_pageProps_match_team1_topPlayers_3_avgDamagePerTeamfight,props_pageProps_match_team1_topPlayers_3_avgGold,props_pageProps_match_team1_topPlayers_3_avgGoldAtFifteen,props_pageProps_match_team1_topPlayers_3_avgGoldDiffAtFifteen,props_pageProps_match_team1_topPlayers_3_gamesPlayed,props_pageProps_match_team1_topPlayers_3_player,props_pageProps_match_team1_topPlayers_3_playerDetails___typename,props_pageProps_match_team1_topPlayers_3_playerDetails_factorId,props_pageProps_match_team1_topPlayers_3_playerDetails_headshotUrl,props_pageProps_match_team1_topPlayers_3_playerDetails_name,props_pageProps_match_team1_topPlayers_3_playerDetails_perid,props_pageProps_match_team1_topPlayers_3_playerPerid,props_pageProps_match_team1_topPlayers_3_rank,props_pageProps_match_team1_topPlayers_3_role,props_pageProps_match_team1_topPlayers_3_totalAssists,props_pageProps_match_team1_topPlayers_3_totalDamageTeamfights,props_pageProps_match_team1_topPlayers_3_totalDeaths,props_pageProps_match_team1_topPlayers_3_totalFirstBloods,props_pageProps_match_team1_topPlayers_3_totalKills,props_pageProps_match_team1_topPlayers_3_totalMinionKills,props_pageProps_match_team1_topPlayers_3_totalSoloKills,props_pageProps_match_team1_topPlayers_3_totalWorthlessDeaths,props_pageProps_match_team1_topPlayers_4___typename,props_pageProps_match_team1_topPlayers_4_avgDamage,props_pageProps_match_team1_topPlayers_4_avgDamageHealed,props_pageProps_match_team1_topPlayers_4_avgDamagePerTeamfight,props_pageProps_match_team1_topPlayers_4_avgGold,props_pageProps_match_team1_topPlayers_4_avgGoldAtFifteen,props_pageProps_match_team1_topPlayers_4_avgGoldDiffAtFifteen,props_pageProps_match_team1_topPlayers_4_gamesPlayed,props_pageProps_match_team1_topPlayers_4_player,props_pageProps_match_team1_topPlayers_4_playerDetails___typename,props_pageProps_match_team1_topPlayers_4_playerDetails_factorId,props_pageProps_match_team1_topPlayers_4_playerDetails_headshotUrl,props_pageProps_match_team1_topPlayers_4_playerDetails_name,props_pageProps_match_team1_topPlayers_4_playerDetails_perid,props_pageProps_match_team1_topPlayers_4_playerPerid,props_pageProps_match_team1_topPlayers_4_rank,props_pageProps_match_team1_topPlayers_4_role,props_pageProps_match_team1_topPlayers_4_totalAssists,props_pageProps_match_team1_topPlayers_4_totalDamageTeamfights,props_pageProps_match_team1_topPlayers_4_totalDeaths,props_pageProps_match_team1_topPlayers_4_totalFirstBloods,props_pageProps_match_team1_topPlayers_4_totalKills,props_pageProps_match_team1_topPlayers_4_totalMinionKills,props_pageProps_match_team1_topPlayers_4_totalSoloKills,props_pageProps_match_team1_topPlayers_4_totalWorthlessDeaths,props_pageProps_match_team2_championPicks___typename,props_pageProps_match_team2_championPicks_items_0___typename,props_pageProps_match_team2_championPicks_items_0_banCount,props_pageProps_match_team2_championPicks_items_0_champion,props_pageProps_match_team2_championPicks_items_0_pickCount,props_pageProps_match_team2_championPicks_items_0_totalCount,props_pageProps_match_team2_championPicks_items_0_winBanCount,props_pageProps_match_team2_championPicks_items_0_winPickCount,props_pageProps_match_team2_championPicks_items_1___typename,props_pageProps_match_team2_championPicks_items_1_banCount,props_pageProps_match_team2_championPicks_items_1_champion,props_pageProps_match_team2_championPicks_items_1_pickCount,props_pageProps_match_team2_championPicks_items_1_totalCount,props_pageProps_match_team2_championPicks_items_1_winBanCount,props_pageProps_match_team2_championPicks_items_1_winPickCount,props_pageProps_match_team2_championPicks_items_2___typename,props_pageProps_match_team2_championPicks_items_2_banCount,props_pageProps_match_team2_championPicks_items_2_champion,props_pageProps_match_team2_championPicks_items_2_pickCount,props_pageProps_match_team2_championPicks_items_2_totalCount,props_pageProps_match_team2_championPicks_items_2_winBanCount,props_pageProps_match_team2_championPicks_items_2_winPickCount,props_pageProps_match_team2_championPicks_items_3___typename,props_pageProps_match_team2_championPicks_items_3_banCount,props_pageProps_match_team2_championPicks_items_3_champion,props_pageProps_match_team2_championPicks_items_3_pickCount,props_pageProps_match_team2_championPicks_items_3_totalCount,props_pageProps_match_team2_championPicks_items_3_winBanCount,props_pageProps_match_team2_championPicks_items_3_winPickCount,props_pageProps_match_team2_championPicks_items_4___typename,props_pageProps_match_team2_championPicks_items_4_banCount,props_pageProps_match_team2_championPicks_items_4_champion,props_pageProps_match_team2_championPicks_items_4_pickCount,props_pageProps_match_team2_championPicks_items_4_totalCount,props_pageProps_match_team2_championPicks_items_4_winBanCount,props_pageProps_match_team2_championPicks_items_4_winPickCount,props_pageProps_match_team2_championPicks_items_5___typename,props_pageProps_match_team2_championPicks_items_5_banCount,props_pageProps_match_team2_championPicks_items_5_champion,props_pageProps_match_team2_championPicks_items_5_pickCount,props_pageProps_match_team2_championPicks_items_5_totalCount,props_pageProps_match_team2_championPicks_items_5_winBanCount,props_pageProps_match_team2_championPicks_items_5_winPickCount,props_pageProps_match_team2_championPicks_items_6___typename,props_pageProps_match_team2_championPicks_items_6_banCount,props_pageProps_match_team2_championPicks_items_6_champion,props_pageProps_match_team2_championPicks_items_6_pickCount,props_pageProps_match_team2_championPicks_items_6_totalCount,props_pageProps_match_team2_championPicks_items_6_winBanCount,props_pageProps_match_team2_championPicks_items_6_winPickCount,props_pageProps_match_team2_championPicks_items_7___typename,props_pageProps_match_team2_championPicks_items_7_banCount,props_pageProps_match_team2_championPicks_items_7_champion,props_pageProps_match_team2_championPicks_items_7_pickCount,props_pageProps_match_team2_championPicks_items_7_totalCount,props_pageProps_match_team2_championPicks_items_7_winBanCount,props_pageProps_match_team2_championPicks_items_7_winPickCount,props_pageProps_match_team2_championPicks_items_8___typename,props_pageProps_match_team2_championPicks_items_8_banCount,props_pageProps_match_team2_championPicks_items_8_champion,props_pageProps_match_team2_championPicks_items_8_pickCount,props_pageProps_match_team2_championPicks_items_8_totalCount,props_pageProps_match_team2_championPicks_items_8_winBanCount,props_pageProps_match_team2_championPicks_items_8_winPickCount,props_pageProps_match_team2_championPicks_items_9___typename,props_pageProps_match_team2_championPicks_items_9_banCount,props_pageProps_match_team2_championPicks_items_9_champion,props_pageProps_match_team2_championPicks_items_9_pickCount,props_pageProps_match_team2_championPicks_items_9_totalCount,props_pageProps_match_team2_championPicks_items_9_winBanCount,props_pageProps_match_team2_championPicks_items_9_winPickCount,props_pageProps_match_team2_championPicks_items_10___typename,props_pageProps_match_team2_championPicks_items_10_banCount,props_pageProps_match_team2_championPicks_items_10_champion,props_pageProps_match_team2_championPicks_items_10_pickCount,props_pageProps_match_team2_championPicks_items_10_totalCount,props_pageProps_match_team2_championPicks_items_10_winBanCount,props_pageProps_match_team2_championPicks_items_10_winPickCount,props_pageProps_match_team2_championPicks_items_11___typename,props_pageProps_match_team2_championPicks_items_11_banCount,props_pageProps_match_team2_championPicks_items_11_champion,props_pageProps_match_team2_championPicks_items_11_pickCount,props_pageProps_match_team2_championPicks_items_11_totalCount,props_pageProps_match_team2_championPicks_items_11_winBanCount,props_pageProps_match_team2_championPicks_items_11_winPickCount,props_pageProps_match_team2_championPicks_items_12___typename,props_pageProps_match_team2_championPicks_items_12_banCount,props_pageProps_match_team2_championPicks_items_12_champion,props_pageProps_match_team2_championPicks_items_12_pickCount,props_pageProps_match_team2_championPicks_items_12_totalCount,props_pageProps_match_team2_championPicks_items_12_winBanCount,props_pageProps_match_team2_championPicks_items_12_winPickCount,props_pageProps_match_team2_championPicks_items_13___typename,props_pageProps_match_team2_championPicks_items_13_banCount,props_pageProps_match_team2_championPicks_items_13_champion,props_pageProps_match_team2_championPicks_items_13_pickCount,props_pageProps_match_team2_championPicks_items_13_totalCount,props_pageProps_match_team2_championPicks_items_13_winBanCount,props_pageProps_match_team2_championPicks_items_13_winPickCount,props_pageProps_match_team2_championPicks_items_14___typename,props_pageProps_match_team2_championPicks_items_14_banCount,props_pageProps_match_team2_championPicks_items_14_champion,props_pageProps_match_team2_championPicks_items_14_pickCount,props_pageProps_match_team2_championPicks_items_14_totalCount,props_pageProps_match_team2_championPicks_items_14_winBanCount,props_pageProps_match_team2_championPicks_items_14_winPickCount,props_pageProps_match_team2_championPicks_items_15___typename,props_pageProps_match_team2_championPicks_items_15_banCount,props_pageProps_match_team2_championPicks_items_15_champion,props_pageProps_match_team2_championPicks_items_15_pickCount,props_pageProps_match_team2_championPicks_items_15_totalCount,props_pageProps_match_team2_championPicks_items_15_winBanCount,props_pageProps_match_team2_championPicks_items_15_winPickCount,props_pageProps_match_team2_championPicks_items_16___typename,props_pageProps_match_team2_championPicks_items_16_banCount,props_pageProps_match_team2_championPicks_items_16_champion,props_pageProps_match_team2_championPicks_items_16_pickCount,props_pageProps_match_team2_championPicks_items_16_totalCount,props_pageProps_match_team2_championPicks_items_16_winBanCount,props_pageProps_match_team2_championPicks_items_16_winPickCount,props_pageProps_match_team2_championPicks_items_17___typename,props_pageProps_match_team2_championPicks_items_17_banCount,props_pageProps_match_team2_championPicks_items_17_champion,props_pageProps_match_team2_championPicks_items_17_pickCount,props_pageProps_match_team2_championPicks_items_17_totalCount,props_pageProps_match_team2_championPicks_items_17_winBanCount,props_pageProps_match_team2_championPicks_items_17_winPickCount,props_pageProps_match_team2_championPicks_items_18___typename,props_pageProps_match_team2_championPicks_items_18_banCount,props_pageProps_match_team2_championPicks_items_18_champion,props_pageProps_match_team2_championPicks_items_18_pickCount,props_pageProps_match_team2_championPicks_items_18_totalCount,props_pageProps_match_team2_championPicks_items_18_winBanCount,props_pageProps_match_team2_championPicks_items_18_winPickCount,props_pageProps_match_team2_championPicks_items_19___typename,props_pageProps_match_team2_championPicks_items_19_banCount,props_pageProps_match_team2_championPicks_items_19_champion,props_pageProps_match_team2_championPicks_items_19_pickCount,props_pageProps_match_team2_championPicks_items_19_totalCount,props_pageProps_match_team2_championPicks_items_19_winBanCount,props_pageProps_match_team2_championPicks_items_19_winPickCount,props_pageProps_match_team2_championPicks_items_20___typename,props_pageProps_match_team2_championPicks_items_20_banCount,props_pageProps_match_team2_championPicks_items_20_champion,props_pageProps_match_team2_championPicks_items_20_pickCount,props_pageProps_match_team2_championPicks_items_20_totalCount,props_pageProps_match_team2_championPicks_items_20_winBanCount,props_pageProps_match_team2_championPicks_items_20_winPickCount,props_pageProps_match_team2_championPicks_items_21___typename,props_pageProps_match_team2_championPicks_items_21_banCount,props_pageProps_match_team2_championPicks_items_21_champion,props_pageProps_match_team2_championPicks_items_21_pickCount,props_pageProps_match_team2_championPicks_items_21_totalCount,props_pageProps_match_team2_championPicks_items_21_winBanCount,props_pageProps_match_team2_championPicks_items_21_winPickCount,props_pageProps_match_team2_championPicks_items_22___typename,props_pageProps_match_team2_championPicks_items_22_banCount,props_pageProps_match_team2_championPicks_items_22_champion,props_pageProps_match_team2_championPicks_items_22_pickCount,props_pageProps_match_team2_championPicks_items_22_totalCount,props_pageProps_match_team2_championPicks_items_22_winBanCount,props_pageProps_match_team2_championPicks_items_22_winPickCount,props_pageProps_match_team2_championPicks_items_23___typename,props_pageProps_match_team2_championPicks_items_23_banCount,props_pageProps_match_team2_championPicks_items_23_champion,props_pageProps_match_team2_championPicks_items_23_pickCount,props_pageProps_match_team2_championPicks_items_23_totalCount,props_pageProps_match_team2_championPicks_items_23_winBanCount,props_pageProps_match_team2_championPicks_items_23_winPickCount,props_pageProps_match_team2_championPicks_items_24___typename,props_pageProps_match_team2_championPicks_items_24_banCount,props_pageProps_match_team2_championPicks_items_24_champion,props_pageProps_match_team2_championPicks_items_24_pickCount,props_pageProps_match_team2_championPicks_items_24_totalCount,props_pageProps_match_team2_championPicks_items_24_winBanCount,props_pageProps_match_team2_championPicks_items_24_winPickCount,props_pageProps_match_team2_championPicks_items_25___typename,props_pageProps_match_team2_championPicks_items_25_banCount,props_pageProps_match_team2_championPicks_items_25_champion,props_pageProps_match_team2_championPicks_items_25_pickCount,props_pageProps_match_team2_championPicks_items_25_totalCount,props_pageProps_match_team2_championPicks_items_25_winBanCount,props_pageProps_match_team2_championPicks_items_25_winPickCount,props_pageProps_match_team2_championPicks_items_26___typename,props_pageProps_match_team2_championPicks_items_26_banCount,props_pageProps_match_team2_championPicks_items_26_champion,props_pageProps_match_team2_championPicks_items_26_pickCount,props_pageProps_match_team2_championPicks_items_26_totalCount,props_pageProps_match_team2_championPicks_items_26_winBanCount,props_pageProps_match_team2_championPicks_items_26_winPickCount,props_pageProps_match_team2_championPicks_items_27___typename,props_pageProps_match_team2_championPicks_items_27_banCount,props_pageProps_match_team2_championPicks_items_27_champion,props_pageProps_match_team2_championPicks_items_27_pickCount,props_pageProps_match_team2_championPicks_items_27_totalCount,props_pageProps_match_team2_championPicks_items_27_winBanCount,props_pageProps_match_team2_championPicks_items_27_winPickCount,props_pageProps_match_team2_championPicks_items_28___typename,props_pageProps_match_team2_championPicks_items_28_banCount,props_pageProps_match_team2_championPicks_items_28_champion,props_pageProps_match_team2_championPicks_items_28_pickCount,props_pageProps_match_team2_championPicks_items_28_totalCount,props_pageProps_match_team2_championPicks_items_28_winBanCount,props_pageProps_match_team2_championPicks_items_28_winPickCount,props_pageProps_match_team2_championPicks_items_29___typename,props_pageProps_match_team2_championPicks_items_29_banCount,props_pageProps_match_team2_championPicks_items_29_champion,props_pageProps_match_team2_championPicks_items_29_pickCount,props_pageProps_match_team2_championPicks_items_29_totalCount,props_pageProps_match_team2_championPicks_items_29_winBanCount,props_pageProps_match_team2_championPicks_items_29_winPickCount,props_pageProps_match_team2_championPicks_items_30___typename,props_pageProps_match_team2_championPicks_items_30_banCount,props_pageProps_match_team2_championPicks_items_30_champion,props_pageProps_match_team2_championPicks_items_30_pickCount,props_pageProps_match_team2_championPicks_items_30_totalCount,props_pageProps_match_team2_championPicks_items_30_winBanCount,props_pageProps_match_team2_championPicks_items_30_winPickCount,props_pageProps_match_team2_championPicks_items_31___typename,props_pageProps_match_team2_championPicks_items_31_banCount,props_pageProps_match_team2_championPicks_items_31_champion,props_pageProps_match_team2_championPicks_items_31_pickCount,props_pageProps_match_team2_championPicks_items_31_totalCount,props_pageProps_match_team2_championPicks_items_31_winBanCount,props_pageProps_match_team2_championPicks_items_31_winPickCount,props_pageProps_match_team2_championPicks_items_32___typename,props_pageProps_match_team2_championPicks_items_32_banCount,props_pageProps_match_team2_championPicks_items_32_champion,props_pageProps_match_team2_championPicks_items_32_pickCount,props_pageProps_match_team2_championPicks_items_32_totalCount,props_pageProps_match_team2_championPicks_items_32_winBanCount,props_pageProps_match_team2_championPicks_items_32_winPickCount,props_pageProps_match_team2_championPicks_items_33___typename,props_pageProps_match_team2_championPicks_items_33_banCount,props_pageProps_match_team2_championPicks_items_33_champion,props_pageProps_match_team2_championPicks_items_33_pickCount,props_pageProps_match_team2_championPicks_items_33_totalCount,props_pageProps_match_team2_championPicks_items_33_winBanCount,props_pageProps_match_team2_championPicks_items_33_winPickCount,props_pageProps_match_team2_championPicks_items_34___typename,props_pageProps_match_team2_championPicks_items_34_banCount,props_pageProps_match_team2_championPicks_items_34_champion,props_pageProps_match_team2_championPicks_items_34_pickCount,props_pageProps_match_team2_championPicks_items_34_totalCount,props_pageProps_match_team2_championPicks_items_34_winBanCount,props_pageProps_match_team2_championPicks_items_34_winPickCount,props_pageProps_match_team2_championPicks_items_35___typename,props_pageProps_match_team2_championPicks_items_35_banCount,props_pageProps_match_team2_championPicks_items_35_champion,props_pageProps_match_team2_championPicks_items_35_pickCount,props_pageProps_match_team2_championPicks_items_35_totalCount,props_pageProps_match_team2_championPicks_items_35_winBanCount,props_pageProps_match_team2_championPicks_items_35_winPickCount,props_pageProps_match_team2_championPicks_items_36___typename,props_pageProps_match_team2_championPicks_items_36_banCount,props_pageProps_match_team2_championPicks_items_36_champion,props_pageProps_match_team2_championPicks_items_36_pickCount,props_pageProps_match_team2_championPicks_items_36_totalCount,props_pageProps_match_team2_championPicks_items_36_winBanCount,props_pageProps_match_team2_championPicks_items_36_winPickCount,props_pageProps_match_team2_championPicks_items_37___typename,props_pageProps_match_team2_championPicks_items_37_banCount,props_pageProps_match_team2_championPicks_items_37_champion,props_pageProps_match_team2_championPicks_items_37_pickCount,props_pageProps_match_team2_championPicks_items_37_totalCount,props_pageProps_match_team2_championPicks_items_37_winBanCount,props_pageProps_match_team2_championPicks_items_37_winPickCount,props_pageProps_match_team2_championPicks_items_38___typename,props_pageProps_match_team2_championPicks_items_38_banCount,props_pageProps_match_team2_championPicks_items_38_champion,props_pageProps_match_team2_championPicks_items_38_pickCount,props_pageProps_match_team2_championPicks_items_38_totalCount,props_pageProps_match_team2_championPicks_items_38_winBanCount,props_pageProps_match_team2_championPicks_items_38_winPickCount,props_pageProps_match_team2_championPicks_items_39___typename,props_pageProps_match_team2_championPicks_items_39_banCount,props_pageProps_match_team2_championPicks_items_39_champion,props_pageProps_match_team2_championPicks_items_39_pickCount,props_pageProps_match_team2_championPicks_items_39_totalCount,props_pageProps_match_team2_championPicks_items_39_winBanCount,props_pageProps_match_team2_championPicks_items_39_winPickCount,props_pageProps_match_team2_championPicks_total,props_pageProps_match_team2_championPicks_totalPickCount,props_pageProps_match_team2_picksByPosition_bot___typename,props_pageProps_match_team2_picksByPosition_bot_items_0___typename,props_pageProps_match_team2_picksByPosition_bot_items_0_banCount,props_pageProps_match_team2_picksByPosition_bot_items_0_champion,props_pageProps_match_team2_picksByPosition_bot_items_0_pickCount,props_pageProps_match_team2_picksByPosition_bot_items_0_totalCount,props_pageProps_match_team2_picksByPosition_bot_items_0_winBanCount,props_pageProps_match_team2_picksByPosition_bot_items_0_winPickCount,props_pageProps_match_team2_picksByPosition_bot_items_1___typename,props_pageProps_match_team2_picksByPosition_bot_items_1_banCount,props_pageProps_match_team2_picksByPosition_bot_items_1_champion,props_pageProps_match_team2_picksByPosition_bot_items_1_pickCount,props_pageProps_match_team2_picksByPosition_bot_items_1_totalCount,props_pageProps_match_team2_picksByPosition_bot_items_1_winBanCount,props_pageProps_match_team2_picksByPosition_bot_items_1_winPickCount,props_pageProps_match_team2_picksByPosition_bot_items_2___typename,props_pageProps_match_team2_picksByPosition_bot_items_2_banCount,props_pageProps_match_team2_picksByPosition_bot_items_2_champion,props_pageProps_match_team2_picksByPosition_bot_items_2_pickCount,props_pageProps_match_team2_picksByPosition_bot_items_2_totalCount,props_pageProps_match_team2_picksByPosition_bot_items_2_winBanCount,props_pageProps_match_team2_picksByPosition_bot_items_2_winPickCount,props_pageProps_match_team2_picksByPosition_bot_items_3___typename,props_pageProps_match_team2_picksByPosition_bot_items_3_banCount,props_pageProps_match_team2_picksByPosition_bot_items_3_champion,props_pageProps_match_team2_picksByPosition_bot_items_3_pickCount,props_pageProps_match_team2_picksByPosition_bot_items_3_totalCount,props_pageProps_match_team2_picksByPosition_bot_items_3_winBanCount,props_pageProps_match_team2_picksByPosition_bot_items_3_winPickCount,props_pageProps_match_team2_picksByPosition_bot_items_4___typename,props_pageProps_match_team2_picksByPosition_bot_items_4_banCount,props_pageProps_match_team2_picksByPosition_bot_items_4_champion,props_pageProps_match_team2_picksByPosition_bot_items_4_pickCount,props_pageProps_match_team2_picksByPosition_bot_items_4_totalCount,props_pageProps_match_team2_picksByPosition_bot_items_4_winBanCount,props_pageProps_match_team2_picksByPosition_bot_items_4_winPickCount,props_pageProps_match_team2_picksByPosition_bot_items_5___typename,props_pageProps_match_team2_picksByPosition_bot_items_5_banCount,props_pageProps_match_team2_picksByPosition_bot_items_5_champion,props_pageProps_match_team2_picksByPosition_bot_items_5_pickCount,props_pageProps_match_team2_picksByPosition_bot_items_5_totalCount,props_pageProps_match_team2_picksByPosition_bot_items_5_winBanCount,props_pageProps_match_team2_picksByPosition_bot_items_5_winPickCount,props_pageProps_match_team2_picksByPosition_bot_items_6___typename,props_pageProps_match_team2_picksByPosition_bot_items_6_banCount,props_pageProps_match_team2_picksByPosition_bot_items_6_champion,props_pageProps_match_team2_picksByPosition_bot_items_6_pickCount,props_pageProps_match_team2_picksByPosition_bot_items_6_totalCount,props_pageProps_match_team2_picksByPosition_bot_items_6_winBanCount,props_pageProps_match_team2_picksByPosition_bot_items_6_winPickCount,props_pageProps_match_team2_picksByPosition_bot_total,props_pageProps_match_team2_picksByPosition_bot_totalPickCount,props_pageProps_match_team2_picksByPosition_jng___typename,props_pageProps_match_team2_picksByPosition_jng_items_0___typename,props_pageProps_match_team2_picksByPosition_jng_items_0_banCount,props_pageProps_match_team2_picksByPosition_jng_items_0_champion,props_pageProps_match_team2_picksByPosition_jng_items_0_pickCount,props_pageProps_match_team2_picksByPosition_jng_items_0_totalCount,props_pageProps_match_team2_picksByPosition_jng_items_0_winBanCount,props_pageProps_match_team2_picksByPosition_jng_items_0_winPickCount,props_pageProps_match_team2_picksByPosition_jng_items_1___typename,props_pageProps_match_team2_picksByPosition_jng_items_1_banCount,props_pageProps_match_team2_picksByPosition_jng_items_1_champion,props_pageProps_match_team2_picksByPosition_jng_items_1_pickCount,props_pageProps_match_team2_picksByPosition_jng_items_1_totalCount,props_pageProps_match_team2_picksByPosition_jng_items_1_winBanCount,props_pageProps_match_team2_picksByPosition_jng_items_1_winPickCount,props_pageProps_match_team2_picksByPosition_jng_items_2___typename,props_pageProps_match_team2_picksByPosition_jng_items_2_banCount,props_pageProps_match_team2_picksByPosition_jng_items_2_champion,props_pageProps_match_team2_picksByPosition_jng_items_2_pickCount,props_pageProps_match_team2_picksByPosition_jng_items_2_totalCount,props_pageProps_match_team2_picksByPosition_jng_items_2_winBanCount,props_pageProps_match_team2_picksByPosition_jng_items_2_winPickCount,props_pageProps_match_team2_picksByPosition_jng_items_3___typename,props_pageProps_match_team2_picksByPosition_jng_items_3_banCount,props_pageProps_match_team2_picksByPosition_jng_items_3_champion,props_pageProps_match_team2_picksByPosition_jng_items_3_pickCount,props_pageProps_match_team2_picksByPosition_jng_items_3_totalCount,props_pageProps_match_team2_picksByPosition_jng_items_3_winBanCount,props_pageProps_match_team2_picksByPosition_jng_items_3_winPickCount,props_pageProps_match_team2_picksByPosition_jng_items_4___typename,props_pageProps_match_team2_picksByPosition_jng_items_4_banCount,props_pageProps_match_team2_picksByPosition_jng_items_4_champion,props_pageProps_match_team2_picksByPosition_jng_items_4_pickCount,props_pageProps_match_team2_picksByPosition_jng_items_4_totalCount,props_pageProps_match_team2_picksByPosition_jng_items_4_winBanCount,props_pageProps_match_team2_picksByPosition_jng_items_4_winPickCount,props_pageProps_match_team2_picksByPosition_jng_items_5___typename,props_pageProps_match_team2_picksByPosition_jng_items_5_banCount,props_pageProps_match_team2_picksByPosition_jng_items_5_champion,props_pageProps_match_team2_picksByPosition_jng_items_5_pickCount,props_pageProps_match_team2_picksByPosition_jng_items_5_totalCount,props_pageProps_match_team2_picksByPosition_jng_items_5_winBanCount,props_pageProps_match_team2_picksByPosition_jng_items_5_winPickCount,props_pageProps_match_team2_picksByPosition_jng_total,props_pageProps_match_team2_picksByPosition_jng_totalPickCount,props_pageProps_match_team2_picksByPosition_mid___typename,props_pageProps_match_team2_picksByPosition_mid_items_0___typename,props_pageProps_match_team2_picksByPosition_mid_items_0_banCount,props_pageProps_match_team2_picksByPosition_mid_items_0_champion,props_pageProps_match_team2_picksByPosition_mid_items_0_pickCount,props_pageProps_match_team2_picksByPosition_mid_items_0_totalCount,props_pageProps_match_team2_picksByPosition_mid_items_0_winBanCount,props_pageProps_match_team2_picksByPosition_mid_items_0_winPickCount,props_pageProps_match_team2_picksByPosition_mid_items_1___typename,props_pageProps_match_team2_picksByPosition_mid_items_1_banCount,props_pageProps_match_team2_picksByPosition_mid_items_1_champion,props_pageProps_match_team2_picksByPosition_mid_items_1_pickCount,props_pageProps_match_team2_picksByPosition_mid_items_1_totalCount,props_pageProps_match_team2_picksByPosition_mid_items_1_winBanCount,props_pageProps_match_team2_picksByPosition_mid_items_1_winPickCount,props_pageProps_match_team2_picksByPosition_mid_items_2___typename,props_pageProps_match_team2_picksByPosition_mid_items_2_banCount,props_pageProps_match_team2_picksByPosition_mid_items_2_champion,props_pageProps_match_team2_picksByPosition_mid_items_2_pickCount,props_pageProps_match_team2_picksByPosition_mid_items_2_totalCount,props_pageProps_match_team2_picksByPosition_mid_items_2_winBanCount,props_pageProps_match_team2_picksByPosition_mid_items_2_winPickCount,props_pageProps_match_team2_picksByPosition_mid_items_3___typename,props_pageProps_match_team2_picksByPosition_mid_items_3_banCount,props_pageProps_match_team2_picksByPosition_mid_items_3_champion,props_pageProps_match_team2_picksByPosition_mid_items_3_pickCount,props_pageProps_match_team2_picksByPosition_mid_items_3_totalCount,props_pageProps_match_team2_picksByPosition_mid_items_3_winBanCount,props_pageProps_match_team2_picksByPosition_mid_items_3_winPickCount,props_pageProps_match_team2_picksByPosition_mid_items_4___typename,props_pageProps_match_team2_picksByPosition_mid_items_4_banCount,props_pageProps_match_team2_picksByPosition_mid_items_4_champion,props_pageProps_match_team2_picksByPosition_mid_items_4_pickCount,props_pageProps_match_team2_picksByPosition_mid_items_4_totalCount,props_pageProps_match_team2_picksByPosition_mid_items_4_winBanCount,props_pageProps_match_team2_picksByPosition_mid_items_4_winPickCount,props_pageProps_match_team2_picksByPosition_mid_items_5___typename,props_pageProps_match_team2_picksByPosition_mid_items_5_banCount,props_pageProps_match_team2_picksByPosition_mid_items_5_champion,props_pageProps_match_team2_picksByPosition_mid_items_5_pickCount,props_pageProps_match_team2_picksByPosition_mid_items_5_totalCount,props_pageProps_match_team2_picksByPosition_mid_items_5_winBanCount,props_pageProps_match_team2_picksByPosition_mid_items_5_winPickCount,props_pageProps_match_team2_picksByPosition_mid_items_6___typename,props_pageProps_match_team2_picksByPosition_mid_items_6_banCount,props_pageProps_match_team2_picksByPosition_mid_items_6_champion,props_pageProps_match_team2_picksByPosition_mid_items_6_pickCount,props_pageProps_match_team2_picksByPosition_mid_items_6_totalCount,props_pageProps_match_team2_picksByPosition_mid_items_6_winBanCount,props_pageProps_match_team2_picksByPosition_mid_items_6_winPickCount,props_pageProps_match_team2_picksByPosition_mid_items_7___typename,props_pageProps_match_team2_picksByPosition_mid_items_7_banCount,props_pageProps_match_team2_picksByPosition_mid_items_7_champion,props_pageProps_match_team2_picksByPosition_mid_items_7_pickCount,props_pageProps_match_team2_picksByPosition_mid_items_7_totalCount,props_pageProps_match_team2_picksByPosition_mid_items_7_winBanCount,props_pageProps_match_team2_picksByPosition_mid_items_7_winPickCount,props_pageProps_match_team2_picksByPosition_mid_items_8___typename,props_pageProps_match_team2_picksByPosition_mid_items_8_banCount,props_pageProps_match_team2_picksByPosition_mid_items_8_champion,props_pageProps_match_team2_picksByPosition_mid_items_8_pickCount,props_pageProps_match_team2_picksByPosition_mid_items_8_totalCount,props_pageProps_match_team2_picksByPosition_mid_items_8_winBanCount,props_pageProps_match_team2_picksByPosition_mid_items_8_winPickCount,props_pageProps_match_team2_picksByPosition_mid_total,props_pageProps_match_team2_picksByPosition_mid_totalPickCount,props_pageProps_match_team2_picksByPosition_sup___typename,props_pageProps_match_team2_picksByPosition_sup_items_0___typename,props_pageProps_match_team2_picksByPosition_sup_items_0_banCount,props_pageProps_match_team2_picksByPosition_sup_items_0_champion,props_pageProps_match_team2_picksByPosition_sup_items_0_pickCount,props_pageProps_match_team2_picksByPosition_sup_items_0_totalCount,props_pageProps_match_team2_picksByPosition_sup_items_0_winBanCount,props_pageProps_match_team2_picksByPosition_sup_items_0_winPickCount,props_pageProps_match_team2_picksByPosition_sup_items_1___typename,props_pageProps_match_team2_picksByPosition_sup_items_1_banCount,props_pageProps_match_team2_picksByPosition_sup_items_1_champion,props_pageProps_match_team2_picksByPosition_sup_items_1_pickCount,props_pageProps_match_team2_picksByPosition_sup_items_1_totalCount,props_pageProps_match_team2_picksByPosition_sup_items_1_winBanCount,props_pageProps_match_team2_picksByPosition_sup_items_1_winPickCount,props_pageProps_match_team2_picksByPosition_sup_items_2___typename,props_pageProps_match_team2_picksByPosition_sup_items_2_banCount,props_pageProps_match_team2_picksByPosition_sup_items_2_champion,props_pageProps_match_team2_picksByPosition_sup_items_2_pickCount,props_pageProps_match_team2_picksByPosition_sup_items_2_totalCount,props_pageProps_match_team2_picksByPosition_sup_items_2_winBanCount,props_pageProps_match_team2_picksByPosition_sup_items_2_winPickCount,props_pageProps_match_team2_picksByPosition_sup_items_3___typename,props_pageProps_match_team2_picksByPosition_sup_items_3_banCount,props_pageProps_match_team2_picksByPosition_sup_items_3_champion,props_pageProps_match_team2_picksByPosition_sup_items_3_pickCount,props_pageProps_match_team2_picksByPosition_sup_items_3_totalCount,props_pageProps_match_team2_picksByPosition_sup_items_3_winBanCount,props_pageProps_match_team2_picksByPosition_sup_items_3_winPickCount,props_pageProps_match_team2_picksByPosition_sup_items_4___typename,props_pageProps_match_team2_picksByPosition_sup_items_4_banCount,props_pageProps_match_team2_picksByPosition_sup_items_4_champion,props_pageProps_match_team2_picksByPosition_sup_items_4_pickCount,props_pageProps_match_team2_picksByPosition_sup_items_4_totalCount,props_pageProps_match_team2_picksByPosition_sup_items_4_winBanCount,props_pageProps_match_team2_picksByPosition_sup_items_4_winPickCount,props_pageProps_match_team2_picksByPosition_sup_items_5___typename,props_pageProps_match_team2_picksByPosition_sup_items_5_banCount,props_pageProps_match_team2_picksByPosition_sup_items_5_champion,props_pageProps_match_team2_picksByPosition_sup_items_5_pickCount,props_pageProps_match_team2_picksByPosition_sup_items_5_totalCount,props_pageProps_match_team2_picksByPosition_sup_items_5_winBanCount,props_pageProps_match_team2_picksByPosition_sup_items_5_winPickCount,props_pageProps_match_team2_picksByPosition_sup_items_6___typename,props_pageProps_match_team2_picksByPosition_sup_items_6_banCount,props_pageProps_match_team2_picksByPosition_sup_items_6_champion,props_pageProps_match_team2_picksByPosition_sup_items_6_pickCount,props_pageProps_match_team2_picksByPosition_sup_items_6_totalCount,props_pageProps_match_team2_picksByPosition_sup_items_6_winBanCount,props_pageProps_match_team2_picksByPosition_sup_items_6_winPickCount,props_pageProps_match_team2_picksByPosition_sup_items_7___typename,props_pageProps_match_team2_picksByPosition_sup_items_7_banCount,props_pageProps_match_team2_picksByPosition_sup_items_7_champion,props_pageProps_match_team2_picksByPosition_sup_items_7_pickCount,props_pageProps_match_team2_picksByPosition_sup_items_7_totalCount,props_pageProps_match_team2_picksByPosition_sup_items_7_winBanCount,props_pageProps_match_team2_picksByPosition_sup_items_7_winPickCount,props_pageProps_match_team2_picksByPosition_sup_items_8___typename,props_pageProps_match_team2_picksByPosition_sup_items_8_banCount,props_pageProps_match_team2_picksByPosition_sup_items_8_champion,props_pageProps_match_team2_picksByPosition_sup_items_8_pickCount,props_pageProps_match_team2_picksByPosition_sup_items_8_totalCount,props_pageProps_match_team2_picksByPosition_sup_items_8_winBanCount,props_pageProps_match_team2_picksByPosition_sup_items_8_winPickCount,props_pageProps_match_team2_picksByPosition_sup_total,props_pageProps_match_team2_picksByPosition_sup_totalPickCount,props_pageProps_match_team2_picksByPosition_top___typename,props_pageProps_match_team2_picksByPosition_top_items_0___typename,props_pageProps_match_team2_picksByPosition_top_items_0_banCount,props_pageProps_match_team2_picksByPosition_top_items_0_champion,props_pageProps_match_team2_picksByPosition_top_items_0_pickCount,props_pageProps_match_team2_picksByPosition_top_items_0_totalCount,props_pageProps_match_team2_picksByPosition_top_items_0_winBanCount,props_pageProps_match_team2_picksByPosition_top_items_0_winPickCount,props_pageProps_match_team2_picksByPosition_top_items_1___typename,props_pageProps_match_team2_picksByPosition_top_items_1_banCount,props_pageProps_match_team2_picksByPosition_top_items_1_champion,props_pageProps_match_team2_picksByPosition_top_items_1_pickCount,props_pageProps_match_team2_picksByPosition_top_items_1_totalCount,props_pageProps_match_team2_picksByPosition_top_items_1_winBanCount,props_pageProps_match_team2_picksByPosition_top_items_1_winPickCount,props_pageProps_match_team2_picksByPosition_top_items_2___typename,props_pageProps_match_team2_picksByPosition_top_items_2_banCount,props_pageProps_match_team2_picksByPosition_top_items_2_champion,props_pageProps_match_team2_picksByPosition_top_items_2_pickCount,props_pageProps_match_team2_picksByPosition_top_items_2_totalCount,props_pageProps_match_team2_picksByPosition_top_items_2_winBanCount,props_pageProps_match_team2_picksByPosition_top_items_2_winPickCount,props_pageProps_match_team2_picksByPosition_top_items_3___typename,props_pageProps_match_team2_picksByPosition_top_items_3_banCount,props_pageProps_match_team2_picksByPosition_top_items_3_champion,props_pageProps_match_team2_picksByPosition_top_items_3_pickCount,props_pageProps_match_team2_picksByPosition_top_items_3_totalCount,props_pageProps_match_team2_picksByPosition_top_items_3_winBanCount,props_pageProps_match_team2_picksByPosition_top_items_3_winPickCount,props_pageProps_match_team2_picksByPosition_top_items_4___typename,props_pageProps_match_team2_picksByPosition_top_items_4_banCount,props_pageProps_match_team2_picksByPosition_top_items_4_champion,props_pageProps_match_team2_picksByPosition_top_items_4_pickCount,props_pageProps_match_team2_picksByPosition_top_items_4_totalCount,props_pageProps_match_team2_picksByPosition_top_items_4_winBanCount,props_pageProps_match_team2_picksByPosition_top_items_4_winPickCount,props_pageProps_match_team2_picksByPosition_top_items_5___typename,props_pageProps_match_team2_picksByPosition_top_items_5_banCount,props_pageProps_match_team2_picksByPosition_top_items_5_champion,props_pageProps_match_team2_picksByPosition_top_items_5_pickCount,props_pageProps_match_team2_picksByPosition_top_items_5_totalCount,props_pageProps_match_team2_picksByPosition_top_items_5_winBanCount,props_pageProps_match_team2_picksByPosition_top_items_5_winPickCount,props_pageProps_match_team2_picksByPosition_top_items_6___typename,props_pageProps_match_team2_picksByPosition_top_items_6_banCount,props_pageProps_match_team2_picksByPosition_top_items_6_champion,props_pageProps_match_team2_picksByPosition_top_items_6_pickCount,props_pageProps_match_team2_picksByPosition_top_items_6_totalCount,props_pageProps_match_team2_picksByPosition_top_items_6_winBanCount,props_pageProps_match_team2_picksByPosition_top_items_6_winPickCount,props_pageProps_match_team2_picksByPosition_top_items_7___typename,props_pageProps_match_team2_picksByPosition_top_items_7_banCount,props_pageProps_match_team2_picksByPosition_top_items_7_champion,props_pageProps_match_team2_picksByPosition_top_items_7_pickCount,props_pageProps_match_team2_picksByPosition_top_items_7_totalCount,props_pageProps_match_team2_picksByPosition_top_items_7_winBanCount,props_pageProps_match_team2_picksByPosition_top_items_7_winPickCount,props_pageProps_match_team2_picksByPosition_top_items_8___typename,props_pageProps_match_team2_picksByPosition_top_items_8_banCount,props_pageProps_match_team2_picksByPosition_top_items_8_champion,props_pageProps_match_team2_picksByPosition_top_items_8_pickCount,props_pageProps_match_team2_picksByPosition_top_items_8_totalCount,props_pageProps_match_team2_picksByPosition_top_items_8_winBanCount,props_pageProps_match_team2_picksByPosition_top_items_8_winPickCount,props_pageProps_match_team2_picksByPosition_top_items_9___typename,props_pageProps_match_team2_picksByPosition_top_items_9_banCount,props_pageProps_match_team2_picksByPosition_top_items_9_champion,props_pageProps_match_team2_picksByPosition_top_items_9_pickCount,props_pageProps_match_team2_picksByPosition_top_items_9_totalCount,props_pageProps_match_team2_picksByPosition_top_items_9_winBanCount,props_pageProps_match_team2_picksByPosition_top_items_9_winPickCount,props_pageProps_match_team2_picksByPosition_top_total,props_pageProps_match_team2_picksByPosition_top_totalPickCount,props_pageProps_match_team2_playerSeasonStats_0___typename,props_pageProps_match_team2_playerSeasonStats_0_avgAssists,props_pageProps_match_team2_playerSeasonStats_0_avgDamagePerTeamfights,props_pageProps_match_team2_playerSeasonStats_0_avgDeaths,props_pageProps_match_team2_playerSeasonStats_0_avgDmgHealedOnTeamPerMin,props_pageProps_match_team2_playerSeasonStats_0_avgDmgToChampsPerMin,props_pageProps_match_team2_playerSeasonStats_0_avgGold,props_pageProps_match_team2_playerSeasonStats_0_avgGoldAtFifteen,props_pageProps_match_team2_playerSeasonStats_0_avgGoldDiffAtFifteen,props_pageProps_match_team2_playerSeasonStats_0_avgIsoDeaths,props_pageProps_match_team2_playerSeasonStats_0_avgKills,props_pageProps_match_team2_playerSeasonStats_0_avgMinionsKilled,props_pageProps_match_team2_playerSeasonStats_0_avgMinsBetweenDeaths,props_pageProps_match_team2_playerSeasonStats_0_avgMinsBetweenKills,props_pageProps_match_team2_playerSeasonStats_0_avgNeutralMinionKilled,props_pageProps_match_team2_playerSeasonStats_0_avgRecalls,props_pageProps_match_team2_playerSeasonStats_0_avgSoloKills,props_pageProps_match_team2_playerSeasonStats_0_avgVisionScore,props_pageProps_match_team2_playerSeasonStats_0_avgWardsKilled,props_pageProps_match_team2_playerSeasonStats_0_avgWardsPlaced,props_pageProps_match_team2_playerSeasonStats_0_firstBloodRate,props_pageProps_match_team2_playerSeasonStats_0_player,props_pageProps_match_team2_playerSeasonStats_0_playerPerid,props_pageProps_match_team2_playerSeasonStats_0_rank,props_pageProps_match_team2_playerSeasonStats_0_role,props_pageProps_match_team2_playerSeasonStats_0_seasonName,props_pageProps_match_team2_playerSeasonStats_0_tournamentName,props_pageProps_match_team2_playerSeasonStats_1___typename,props_pageProps_match_team2_playerSeasonStats_1_avgAssists,props_pageProps_match_team2_playerSeasonStats_1_avgDamagePerTeamfights,props_pageProps_match_team2_playerSeasonStats_1_avgDeaths,props_pageProps_match_team2_playerSeasonStats_1_avgDmgHealedOnTeamPerMin,props_pageProps_match_team2_playerSeasonStats_1_avgDmgToChampsPerMin,props_pageProps_match_team2_playerSeasonStats_1_avgGold,props_pageProps_match_team2_playerSeasonStats_1_avgGoldAtFifteen,props_pageProps_match_team2_playerSeasonStats_1_avgGoldDiffAtFifteen,props_pageProps_match_team2_playerSeasonStats_1_avgIsoDeaths,props_pageProps_match_team2_playerSeasonStats_1_avgKills,props_pageProps_match_team2_playerSeasonStats_1_avgMinionsKilled,props_pageProps_match_team2_playerSeasonStats_1_avgMinsBetweenDeaths,props_pageProps_match_team2_playerSeasonStats_1_avgMinsBetweenKills,props_pageProps_match_team2_playerSeasonStats_1_avgNeutralMinionKilled,props_pageProps_match_team2_playerSeasonStats_1_avgRecalls,props_pageProps_match_team2_playerSeasonStats_1_avgSoloKills,props_pageProps_match_team2_playerSeasonStats_1_avgVisionScore,props_pageProps_match_team2_playerSeasonStats_1_avgWardsKilled,props_pageProps_match_team2_playerSeasonStats_1_avgWardsPlaced,props_pageProps_match_team2_playerSeasonStats_1_firstBloodRate,props_pageProps_match_team2_playerSeasonStats_1_player,props_pageProps_match_team2_playerSeasonStats_1_playerPerid,props_pageProps_match_team2_playerSeasonStats_1_rank,props_pageProps_match_team2_playerSeasonStats_1_role,props_pageProps_match_team2_playerSeasonStats_1_seasonName,props_pageProps_match_team2_playerSeasonStats_1_tournamentName,props_pageProps_match_team2_playerSeasonStats_2___typename,props_pageProps_match_team2_playerSeasonStats_2_avgAssists,props_pageProps_match_team2_playerSeasonStats_2_avgDamagePerTeamfights,props_pageProps_match_team2_playerSeasonStats_2_avgDeaths,props_pageProps_match_team2_playerSeasonStats_2_avgDmgHealedOnTeamPerMin,props_pageProps_match_team2_playerSeasonStats_2_avgDmgToChampsPerMin,props_pageProps_match_team2_playerSeasonStats_2_avgGold,props_pageProps_match_team2_playerSeasonStats_2_avgGoldAtFifteen,props_pageProps_match_team2_playerSeasonStats_2_avgGoldDiffAtFifteen,props_pageProps_match_team2_playerSeasonStats_2_avgIsoDeaths,props_pageProps_match_team2_playerSeasonStats_2_avgKills,props_pageProps_match_team2_playerSeasonStats_2_avgMinionsKilled,props_pageProps_match_team2_playerSeasonStats_2_avgMinsBetweenDeaths,props_pageProps_match_team2_playerSeasonStats_2_avgMinsBetweenKills,props_pageProps_match_team2_playerSeasonStats_2_avgNeutralMinionKilled,props_pageProps_match_team2_playerSeasonStats_2_avgRecalls,props_pageProps_match_team2_playerSeasonStats_2_avgSoloKills,props_pageProps_match_team2_playerSeasonStats_2_avgVisionScore,props_pageProps_match_team2_playerSeasonStats_2_avgWardsKilled,props_pageProps_match_team2_playerSeasonStats_2_avgWardsPlaced,props_pageProps_match_team2_playerSeasonStats_2_firstBloodRate,props_pageProps_match_team2_playerSeasonStats_2_player,props_pageProps_match_team2_playerSeasonStats_2_playerPerid,props_pageProps_match_team2_playerSeasonStats_2_rank,props_pageProps_match_team2_playerSeasonStats_2_role,props_pageProps_match_team2_playerSeasonStats_2_seasonName,props_pageProps_match_team2_playerSeasonStats_2_tournamentName,props_pageProps_match_team2_playerSeasonStats_3___typename,props_pageProps_match_team2_playerSeasonStats_3_avgAssists,props_pageProps_match_team2_playerSeasonStats_3_avgDamagePerTeamfights,props_pageProps_match_team2_playerSeasonStats_3_avgDeaths,props_pageProps_match_team2_playerSeasonStats_3_avgDmgHealedOnTeamPerMin,props_pageProps_match_team2_playerSeasonStats_3_avgDmgToChampsPerMin,props_pageProps_match_team2_playerSeasonStats_3_avgGold,props_pageProps_match_team2_playerSeasonStats_3_avgGoldAtFifteen,props_pageProps_match_team2_playerSeasonStats_3_avgGoldDiffAtFifteen,props_pageProps_match_team2_playerSeasonStats_3_avgIsoDeaths,props_pageProps_match_team2_playerSeasonStats_3_avgKills,props_pageProps_match_team2_playerSeasonStats_3_avgMinionsKilled,props_pageProps_match_team2_playerSeasonStats_3_avgMinsBetweenDeaths,props_pageProps_match_team2_playerSeasonStats_3_avgMinsBetweenKills,props_pageProps_match_team2_playerSeasonStats_3_avgNeutralMinionKilled,props_pageProps_match_team2_playerSeasonStats_3_avgRecalls,props_pageProps_match_team2_playerSeasonStats_3_avgSoloKills,props_pageProps_match_team2_playerSeasonStats_3_avgVisionScore,props_pageProps_match_team2_playerSeasonStats_3_avgWardsKilled,props_pageProps_match_team2_playerSeasonStats_3_avgWardsPlaced,props_pageProps_match_team2_playerSeasonStats_3_firstBloodRate,props_pageProps_match_team2_playerSeasonStats_3_player,props_pageProps_match_team2_playerSeasonStats_3_playerPerid,props_pageProps_match_team2_playerSeasonStats_3_rank,props_pageProps_match_team2_playerSeasonStats_3_role,props_pageProps_match_team2_playerSeasonStats_3_seasonName,props_pageProps_match_team2_playerSeasonStats_3_tournamentName,props_pageProps_match_team2_playerSeasonStats_4___typename,props_pageProps_match_team2_playerSeasonStats_4_avgAssists,props_pageProps_match_team2_playerSeasonStats_4_avgDamagePerTeamfights,props_pageProps_match_team2_playerSeasonStats_4_avgDeaths,props_pageProps_match_team2_playerSeasonStats_4_avgDmgHealedOnTeamPerMin,props_pageProps_match_team2_playerSeasonStats_4_avgDmgToChampsPerMin,props_pageProps_match_team2_playerSeasonStats_4_avgGold,props_pageProps_match_team2_playerSeasonStats_4_avgGoldAtFifteen,props_pageProps_match_team2_playerSeasonStats_4_avgGoldDiffAtFifteen,props_pageProps_match_team2_playerSeasonStats_4_avgIsoDeaths,props_pageProps_match_team2_playerSeasonStats_4_avgKills,props_pageProps_match_team2_playerSeasonStats_4_avgMinionsKilled,props_pageProps_match_team2_playerSeasonStats_4_avgMinsBetweenDeaths,props_pageProps_match_team2_playerSeasonStats_4_avgMinsBetweenKills,props_pageProps_match_team2_playerSeasonStats_4_avgNeutralMinionKilled,props_pageProps_match_team2_playerSeasonStats_4_avgRecalls,props_pageProps_match_team2_playerSeasonStats_4_avgSoloKills,props_pageProps_match_team2_playerSeasonStats_4_avgVisionScore,props_pageProps_match_team2_playerSeasonStats_4_avgWardsKilled,props_pageProps_match_team2_playerSeasonStats_4_avgWardsPlaced,props_pageProps_match_team2_playerSeasonStats_4_firstBloodRate,props_pageProps_match_team2_playerSeasonStats_4_player,props_pageProps_match_team2_playerSeasonStats_4_playerPerid,props_pageProps_match_team2_playerSeasonStats_4_rank,props_pageProps_match_team2_playerSeasonStats_4_role,props_pageProps_match_team2_playerSeasonStats_4_seasonName,props_pageProps_match_team2_playerSeasonStats_4_tournamentName,props_pageProps_match_team2_powrRankings_0___typename,props_pageProps_match_team2_powrRankings_0_gamesPlayed,props_pageProps_match_team2_powrRankings_0_isPlayer,props_pageProps_match_team2_powrRankings_0_league,props_pageProps_match_team2_powrRankings_0_player,props_pageProps_match_team2_powrRankings_0_playerDetails___typename,props_pageProps_match_team2_powrRankings_0_playerDetails_factorId,props_pageProps_match_team2_powrRankings_0_playerDetails_fullName,props_pageProps_match_team2_powrRankings_0_playerDetails_headshotUrl,props_pageProps_match_team2_powrRankings_0_playerDetails_name,props_pageProps_match_team2_powrRankings_0_playerPerid,props_pageProps_match_team2_powrRankings_0_prevRanking,props_pageProps_match_team2_powrRankings_0_rank,props_pageProps_match_team2_powrRankings_0_ranking,props_pageProps_match_team2_powrRankings_0_role,props_pageProps_match_team2_powrRankings_0_team,props_pageProps_match_team2_powrRankings_0_teamDetails___typename,props_pageProps_match_team2_powrRankings_0_teamDetails_factorId,props_pageProps_match_team2_powrRankings_0_teamDetails_fullName,props_pageProps_match_team2_powrRankings_0_teamDetails_teamLogo___typename,props_pageProps_match_team2_powrRankings_0_teamDetails_teamLogo_darkFlip,props_pageProps_match_team2_powrRankings_0_teamDetails_teamLogo_darkShadow,props_pageProps_match_team2_powrRankings_0_teamDetails_teamLogo_logoUrl,props_pageProps_match_team2_powrRankings_0_teamDetails_teamUrn,props_pageProps_match_team2_powrRankings_0_teamPerid,props_pageProps_match_team2_powrRankings_1___typename,props_pageProps_match_team2_powrRankings_1_gamesPlayed,props_pageProps_match_team2_powrRankings_1_isPlayer,props_pageProps_match_team2_powrRankings_1_league,props_pageProps_match_team2_powrRankings_1_player,props_pageProps_match_team2_powrRankings_1_playerDetails___typename,props_pageProps_match_team2_powrRankings_1_playerDetails_factorId,props_pageProps_match_team2_powrRankings_1_playerDetails_fullName,props_pageProps_match_team2_powrRankings_1_playerDetails_headshotUrl,props_pageProps_match_team2_powrRankings_1_playerDetails_name,props_pageProps_match_team2_powrRankings_1_playerPerid,props_pageProps_match_team2_powrRankings_1_prevRanking,props_pageProps_match_team2_powrRankings_1_rank,props_pageProps_match_team2_powrRankings_1_ranking,props_pageProps_match_team2_powrRankings_1_role,props_pageProps_match_team2_powrRankings_1_team,props_pageProps_match_team2_powrRankings_1_teamDetails___typename,props_pageProps_match_team2_powrRankings_1_teamDetails_factorId,props_pageProps_match_team2_powrRankings_1_teamDetails_fullName,props_pageProps_match_team2_powrRankings_1_teamDetails_teamLogo___typename,props_pageProps_match_team2_powrRankings_1_teamDetails_teamLogo_darkFlip,props_pageProps_match_team2_powrRankings_1_teamDetails_teamLogo_darkShadow,props_pageProps_match_team2_powrRankings_1_teamDetails_teamLogo_logoUrl,props_pageProps_match_team2_powrRankings_1_teamDetails_teamUrn,props_pageProps_match_team2_powrRankings_1_teamPerid,props_pageProps_match_team2_powrRankings_2___typename,props_pageProps_match_team2_powrRankings_2_gamesPlayed,props_pageProps_match_team2_powrRankings_2_isPlayer,props_pageProps_match_team2_powrRankings_2_league,props_pageProps_match_team2_powrRankings_2_player,props_pageProps_match_team2_powrRankings_2_playerDetails___typename,props_pageProps_match_team2_powrRankings_2_playerDetails_factorId,props_pageProps_match_team2_powrRankings_2_playerDetails_fullName,props_pageProps_match_team2_powrRankings_2_playerDetails_headshotUrl,props_pageProps_match_team2_powrRankings_2_playerDetails_name,props_pageProps_match_team2_powrRankings_2_playerPerid,props_pageProps_match_team2_powrRankings_2_prevRanking,props_pageProps_match_team2_powrRankings_2_rank,props_pageProps_match_team2_powrRankings_2_ranking,props_pageProps_match_team2_powrRankings_2_role,props_pageProps_match_team2_powrRankings_2_team,props_pageProps_match_team2_powrRankings_2_teamDetails___typename,props_pageProps_match_team2_powrRankings_2_teamDetails_factorId,props_pageProps_match_team2_powrRankings_2_teamDetails_fullName,props_pageProps_match_team2_powrRankings_2_teamDetails_teamLogo___typename,props_pageProps_match_team2_powrRankings_2_teamDetails_teamLogo_darkFlip,props_pageProps_match_team2_powrRankings_2_teamDetails_teamLogo_darkShadow,props_pageProps_match_team2_powrRankings_2_teamDetails_teamLogo_logoUrl,props_pageProps_match_team2_powrRankings_2_teamDetails_teamUrn,props_pageProps_match_team2_powrRankings_2_teamPerid,props_pageProps_match_team2_powrRankings_3___typename,props_pageProps_match_team2_powrRankings_3_gamesPlayed,props_pageProps_match_team2_powrRankings_3_isPlayer,props_pageProps_match_team2_powrRankings_3_league,props_pageProps_match_team2_powrRankings_3_player,props_pageProps_match_team2_powrRankings_3_playerDetails___typename,props_pageProps_match_team2_powrRankings_3_playerDetails_factorId,props_pageProps_match_team2_powrRankings_3_playerDetails_fullName,props_pageProps_match_team2_powrRankings_3_playerDetails_headshotUrl,props_pageProps_match_team2_powrRankings_3_playerDetails_name,props_pageProps_match_team2_powrRankings_3_playerPerid,props_pageProps_match_team2_powrRankings_3_prevRanking,props_pageProps_match_team2_powrRankings_3_rank,props_pageProps_match_team2_powrRankings_3_ranking,props_pageProps_match_team2_powrRankings_3_role,props_pageProps_match_team2_powrRankings_3_team,props_pageProps_match_team2_powrRankings_3_teamDetails___typename,props_pageProps_match_team2_powrRankings_3_teamDetails_factorId,props_pageProps_match_team2_powrRankings_3_teamDetails_fullName,props_pageProps_match_team2_powrRankings_3_teamDetails_teamLogo___typename,props_pageProps_match_team2_powrRankings_3_teamDetails_teamLogo_darkFlip,props_pageProps_match_team2_powrRankings_3_teamDetails_teamLogo_darkShadow,props_pageProps_match_team2_powrRankings_3_teamDetails_teamLogo_logoUrl,props_pageProps_match_team2_powrRankings_3_teamDetails_teamUrn,props_pageProps_match_team2_powrRankings_3_teamPerid,props_pageProps_match_team2_powrRankings_4___typename,props_pageProps_match_team2_powrRankings_4_gamesPlayed,props_pageProps_match_team2_powrRankings_4_isPlayer,props_pageProps_match_team2_powrRankings_4_league,props_pageProps_match_team2_powrRankings_4_player,props_pageProps_match_team2_powrRankings_4_playerDetails___typename,props_pageProps_match_team2_powrRankings_4_playerDetails_factorId,props_pageProps_match_team2_powrRankings_4_playerDetails_fullName,props_pageProps_match_team2_powrRankings_4_playerDetails_headshotUrl,props_pageProps_match_team2_powrRankings_4_playerDetails_name,props_pageProps_match_team2_powrRankings_4_playerPerid,props_pageProps_match_team2_powrRankings_4_prevRanking,props_pageProps_match_team2_powrRankings_4_rank,props_pageProps_match_team2_powrRankings_4_ranking,props_pageProps_match_team2_powrRankings_4_role,props_pageProps_match_team2_powrRankings_4_team,props_pageProps_match_team2_powrRankings_4_teamDetails___typename,props_pageProps_match_team2_powrRankings_4_teamDetails_factorId,props_pageProps_match_team2_powrRankings_4_teamDetails_fullName,props_pageProps_match_team2_powrRankings_4_teamDetails_teamLogo___typename,props_pageProps_match_team2_powrRankings_4_teamDetails_teamLogo_darkFlip,props_pageProps_match_team2_powrRankings_4_teamDetails_teamLogo_darkShadow,props_pageProps_match_team2_powrRankings_4_teamDetails_teamLogo_logoUrl,props_pageProps_match_team2_powrRankings_4_teamDetails_teamUrn,props_pageProps_match_team2_powrRankings_4_teamPerid,props_pageProps_match_team2_teamStats_0___typename,props_pageProps_match_team2_teamStats_0_avgAssists,props_pageProps_match_team2_teamStats_0_avgBaronKills,props_pageProps_match_team2_teamStats_0_avgDamagePerTeamfights,props_pageProps_match_team2_teamStats_0_avgDeaths,props_pageProps_match_team2_teamStats_0_avgDmgHealedOnTeamPerMin,props_pageProps_match_team2_teamStats_0_avgDmgToChampsPerMin,props_pageProps_match_team2_teamStats_0_avgDragonKills,props_pageProps_match_team2_teamStats_0_avgDragonsAtFifteen,props_pageProps_match_team2_teamStats_0_avgGold,props_pageProps_match_team2_teamStats_0_avgGoldAtFifteen,props_pageProps_match_team2_teamStats_0_avgGoldDiffAtFifteen,props_pageProps_match_team2_teamStats_0_avgInhibKills,props_pageProps_match_team2_teamStats_0_avgIsoDeaths,props_pageProps_match_team2_teamStats_0_avgKills,props_pageProps_match_team2_teamStats_0_avgMinionsKilled,props_pageProps_match_team2_teamStats_0_avgMinsBetweenDeaths,props_pageProps_match_team2_teamStats_0_avgMinsBetweenKills,props_pageProps_match_team2_teamStats_0_avgNeutralMinionKilled,props_pageProps_match_team2_teamStats_0_avgRecalls,props_pageProps_match_team2_teamStats_0_avgSoloKills,props_pageProps_match_team2_teamStats_0_avgTowerDiffAtFifteen,props_pageProps_match_team2_teamStats_0_avgTowerKills,props_pageProps_match_team2_teamStats_0_avgTowersAtFifteen,props_pageProps_match_team2_teamStats_0_avgVisionScore,props_pageProps_match_team2_teamStats_0_avgWardsKilled,props_pageProps_match_team2_teamStats_0_avgWardsPlaced,props_pageProps_match_team2_teamStats_0_firstBloodRate,props_pageProps_match_team2_teamStats_0_firstDragonRate,props_pageProps_match_team2_teamStats_0_firstTowerRate,props_pageProps_match_team2_teamStats_0_rank,props_pageProps_match_team2_teamStats_0_seasonName,props_pageProps_match_team2_teamStats_0_selected,props_pageProps_match_team2_teamStats_0_team,props_pageProps_match_team2_teamStats_0_teamPerid,props_pageProps_match_team2_teamStats_0_tournamentName,props_pageProps_match_team2_teamStats_1___typename,props_pageProps_match_team2_teamStats_1_avgAssists,props_pageProps_match_team2_teamStats_1_avgBaronKills,props_pageProps_match_team2_teamStats_1_avgDamagePerTeamfights,props_pageProps_match_team2_teamStats_1_avgDeaths,props_pageProps_match_team2_teamStats_1_avgDmgHealedOnTeamPerMin,props_pageProps_match_team2_teamStats_1_avgDmgToChampsPerMin,props_pageProps_match_team2_teamStats_1_avgDragonKills,props_pageProps_match_team2_teamStats_1_avgDragonsAtFifteen,props_pageProps_match_team2_teamStats_1_avgGold,props_pageProps_match_team2_teamStats_1_avgGoldAtFifteen,props_pageProps_match_team2_teamStats_1_avgGoldDiffAtFifteen,props_pageProps_match_team2_teamStats_1_avgInhibKills,props_pageProps_match_team2_teamStats_1_avgIsoDeaths,props_pageProps_match_team2_teamStats_1_avgKills,props_pageProps_match_team2_teamStats_1_avgMinionsKilled,props_pageProps_match_team2_teamStats_1_avgMinsBetweenDeaths,props_pageProps_match_team2_teamStats_1_avgMinsBetweenKills,props_pageProps_match_team2_teamStats_1_avgNeutralMinionKilled,props_pageProps_match_team2_teamStats_1_avgRecalls,props_pageProps_match_team2_teamStats_1_avgSoloKills,props_pageProps_match_team2_teamStats_1_avgTowerDiffAtFifteen,props_pageProps_match_team2_teamStats_1_avgTowerKills,props_pageProps_match_team2_teamStats_1_avgTowersAtFifteen,props_pageProps_match_team2_teamStats_1_avgVisionScore,props_pageProps_match_team2_teamStats_1_avgWardsKilled,props_pageProps_match_team2_teamStats_1_avgWardsPlaced,props_pageProps_match_team2_teamStats_1_firstBloodRate,props_pageProps_match_team2_teamStats_1_firstDragonRate,props_pageProps_match_team2_teamStats_1_firstTowerRate,props_pageProps_match_team2_teamStats_1_rank,props_pageProps_match_team2_teamStats_1_seasonName,props_pageProps_match_team2_teamStats_1_selected,props_pageProps_match_team2_teamStats_1_team,props_pageProps_match_team2_teamStats_1_teamPerid,props_pageProps_match_team2_teamStats_1_tournamentName,props_pageProps_match_team2_teamStats_2___typename,props_pageProps_match_team2_teamStats_2_avgAssists,props_pageProps_match_team2_teamStats_2_avgBaronKills,props_pageProps_match_team2_teamStats_2_avgDamagePerTeamfights,props_pageProps_match_team2_teamStats_2_avgDeaths,props_pageProps_match_team2_teamStats_2_avgDmgHealedOnTeamPerMin,props_pageProps_match_team2_teamStats_2_avgDmgToChampsPerMin,props_pageProps_match_team2_teamStats_2_avgDragonKills,props_pageProps_match_team2_teamStats_2_avgDragonsAtFifteen,props_pageProps_match_team2_teamStats_2_avgGold,props_pageProps_match_team2_teamStats_2_avgGoldAtFifteen,props_pageProps_match_team2_teamStats_2_avgGoldDiffAtFifteen,props_pageProps_match_team2_teamStats_2_avgInhibKills,props_pageProps_match_team2_teamStats_2_avgIsoDeaths,props_pageProps_match_team2_teamStats_2_avgKills,props_pageProps_match_team2_teamStats_2_avgMinionsKilled,props_pageProps_match_team2_teamStats_2_avgMinsBetweenDeaths,props_pageProps_match_team2_teamStats_2_avgMinsBetweenKills,props_pageProps_match_team2_teamStats_2_avgNeutralMinionKilled,props_pageProps_match_team2_teamStats_2_avgRecalls,props_pageProps_match_team2_teamStats_2_avgSoloKills,props_pageProps_match_team2_teamStats_2_avgTowerDiffAtFifteen,props_pageProps_match_team2_teamStats_2_avgTowerKills,props_pageProps_match_team2_teamStats_2_avgTowersAtFifteen,props_pageProps_match_team2_teamStats_2_avgVisionScore,props_pageProps_match_team2_teamStats_2_avgWardsKilled,props_pageProps_match_team2_teamStats_2_avgWardsPlaced,props_pageProps_match_team2_teamStats_2_firstBloodRate,props_pageProps_match_team2_teamStats_2_firstDragonRate,props_pageProps_match_team2_teamStats_2_firstTowerRate,props_pageProps_match_team2_teamStats_2_rank,props_pageProps_match_team2_teamStats_2_seasonName,props_pageProps_match_team2_teamStats_2_selected,props_pageProps_match_team2_teamStats_2_team,props_pageProps_match_team2_teamStats_2_teamPerid,props_pageProps_match_team2_teamStats_2_tournamentName,props_pageProps_match_team2_teamStats_3___typename,props_pageProps_match_team2_teamStats_3_avgAssists,props_pageProps_match_team2_teamStats_3_avgBaronKills,props_pageProps_match_team2_teamStats_3_avgDamagePerTeamfights,props_pageProps_match_team2_teamStats_3_avgDeaths,props_pageProps_match_team2_teamStats_3_avgDmgHealedOnTeamPerMin,props_pageProps_match_team2_teamStats_3_avgDmgToChampsPerMin,props_pageProps_match_team2_teamStats_3_avgDragonKills,props_pageProps_match_team2_teamStats_3_avgDragonsAtFifteen,props_pageProps_match_team2_teamStats_3_avgGold,props_pageProps_match_team2_teamStats_3_avgGoldAtFifteen,props_pageProps_match_team2_teamStats_3_avgGoldDiffAtFifteen,props_pageProps_match_team2_teamStats_3_avgInhibKills,props_pageProps_match_team2_teamStats_3_avgIsoDeaths,props_pageProps_match_team2_teamStats_3_avgKills,props_pageProps_match_team2_teamStats_3_avgMinionsKilled,props_pageProps_match_team2_teamStats_3_avgMinsBetweenDeaths,props_pageProps_match_team2_teamStats_3_avgMinsBetweenKills,props_pageProps_match_team2_teamStats_3_avgNeutralMinionKilled,props_pageProps_match_team2_teamStats_3_avgRecalls,props_pageProps_match_team2_teamStats_3_avgSoloKills,props_pageProps_match_team2_teamStats_3_avgTowerDiffAtFifteen,props_pageProps_match_team2_teamStats_3_avgTowerKills,props_pageProps_match_team2_teamStats_3_avgTowersAtFifteen,props_pageProps_match_team2_teamStats_3_avgVisionScore,props_pageProps_match_team2_teamStats_3_avgWardsKilled,props_pageProps_match_team2_teamStats_3_avgWardsPlaced,props_pageProps_match_team2_teamStats_3_firstBloodRate,props_pageProps_match_team2_teamStats_3_firstDragonRate,props_pageProps_match_team2_teamStats_3_firstTowerRate,props_pageProps_match_team2_teamStats_3_rank,props_pageProps_match_team2_teamStats_3_seasonName,props_pageProps_match_team2_teamStats_3_selected,props_pageProps_match_team2_teamStats_3_team,props_pageProps_match_team2_teamStats_3_teamPerid,props_pageProps_match_team2_teamStats_3_tournamentName,props_pageProps_match_team2_teamStats_4___typename,props_pageProps_match_team2_teamStats_4_avgAssists,props_pageProps_match_team2_teamStats_4_avgBaronKills,props_pageProps_match_team2_teamStats_4_avgDamagePerTeamfights,props_pageProps_match_team2_teamStats_4_avgDeaths,props_pageProps_match_team2_teamStats_4_avgDmgHealedOnTeamPerMin,props_pageProps_match_team2_teamStats_4_avgDmgToChampsPerMin,props_pageProps_match_team2_teamStats_4_avgDragonKills,props_pageProps_match_team2_teamStats_4_avgDragonsAtFifteen,props_pageProps_match_team2_teamStats_4_avgGold,props_pageProps_match_team2_teamStats_4_avgGoldAtFifteen,props_pageProps_match_team2_teamStats_4_avgGoldDiffAtFifteen,props_pageProps_match_team2_teamStats_4_avgInhibKills,props_pageProps_match_team2_teamStats_4_avgIsoDeaths,props_pageProps_match_team2_teamStats_4_avgKills,props_pageProps_match_team2_teamStats_4_avgMinionsKilled,props_pageProps_match_team2_teamStats_4_avgMinsBetweenDeaths,props_pageProps_match_team2_teamStats_4_avgMinsBetweenKills,props_pageProps_match_team2_teamStats_4_avgNeutralMinionKilled,props_pageProps_match_team2_teamStats_4_avgRecalls,props_pageProps_match_team2_teamStats_4_avgSoloKills,props_pageProps_match_team2_teamStats_4_avgTowerDiffAtFifteen,props_pageProps_match_team2_teamStats_4_avgTowerKills,props_pageProps_match_team2_teamStats_4_avgTowersAtFifteen,props_pageProps_match_team2_teamStats_4_avgVisionScore,props_pageProps_match_team2_teamStats_4_avgWardsKilled,props_pageProps_match_team2_teamStats_4_avgWardsPlaced,props_pageProps_match_team2_teamStats_4_firstBloodRate,props_pageProps_match_team2_teamStats_4_firstDragonRate,props_pageProps_match_team2_teamStats_4_firstTowerRate,props_pageProps_match_team2_teamStats_4_rank,props_pageProps_match_team2_teamStats_4_seasonName,props_pageProps_match_team2_teamStats_4_selected,props_pageProps_match_team2_teamStats_4_team,props_pageProps_match_team2_teamStats_4_teamPerid,props_pageProps_match_team2_teamStats_4_tournamentName,props_pageProps_match_team2_teamStats_5___typename,props_pageProps_match_team2_teamStats_5_avgAssists,props_pageProps_match_team2_teamStats_5_avgBaronKills,props_pageProps_match_team2_teamStats_5_avgDamagePerTeamfights,props_pageProps_match_team2_teamStats_5_avgDeaths,props_pageProps_match_team2_teamStats_5_avgDmgHealedOnTeamPerMin,props_pageProps_match_team2_teamStats_5_avgDmgToChampsPerMin,props_pageProps_match_team2_teamStats_5_avgDragonKills,props_pageProps_match_team2_teamStats_5_avgDragonsAtFifteen,props_pageProps_match_team2_teamStats_5_avgGold,props_pageProps_match_team2_teamStats_5_avgGoldAtFifteen,props_pageProps_match_team2_teamStats_5_avgGoldDiffAtFifteen,props_pageProps_match_team2_teamStats_5_avgInhibKills,props_pageProps_match_team2_teamStats_5_avgIsoDeaths,props_pageProps_match_team2_teamStats_5_avgKills,props_pageProps_match_team2_teamStats_5_avgMinionsKilled,props_pageProps_match_team2_teamStats_5_avgMinsBetweenDeaths,props_pageProps_match_team2_teamStats_5_avgMinsBetweenKills,props_pageProps_match_team2_teamStats_5_avgNeutralMinionKilled,props_pageProps_match_team2_teamStats_5_avgRecalls,props_pageProps_match_team2_teamStats_5_avgSoloKills,props_pageProps_match_team2_teamStats_5_avgTowerDiffAtFifteen,props_pageProps_match_team2_teamStats_5_avgTowerKills,props_pageProps_match_team2_teamStats_5_avgTowersAtFifteen,props_pageProps_match_team2_teamStats_5_avgVisionScore,props_pageProps_match_team2_teamStats_5_avgWardsKilled,props_pageProps_match_team2_teamStats_5_avgWardsPlaced,props_pageProps_match_team2_teamStats_5_firstBloodRate,props_pageProps_match_team2_teamStats_5_firstDragonRate,props_pageProps_match_team2_teamStats_5_firstTowerRate,props_pageProps_match_team2_teamStats_5_rank,props_pageProps_match_team2_teamStats_5_seasonName,props_pageProps_match_team2_teamStats_5_selected,props_pageProps_match_team2_teamStats_5_team,props_pageProps_match_team2_teamStats_5_teamPerid,props_pageProps_match_team2_teamStats_5_tournamentName,props_pageProps_match_team2_teamStats_6___typename,props_pageProps_match_team2_teamStats_6_avgAssists,props_pageProps_match_team2_teamStats_6_avgBaronKills,props_pageProps_match_team2_teamStats_6_avgDamagePerTeamfights,props_pageProps_match_team2_teamStats_6_avgDeaths,props_pageProps_match_team2_teamStats_6_avgDmgHealedOnTeamPerMin,props_pageProps_match_team2_teamStats_6_avgDmgToChampsPerMin,props_pageProps_match_team2_teamStats_6_avgDragonKills,props_pageProps_match_team2_teamStats_6_avgDragonsAtFifteen,props_pageProps_match_team2_teamStats_6_avgGold,props_pageProps_match_team2_teamStats_6_avgGoldAtFifteen,props_pageProps_match_team2_teamStats_6_avgGoldDiffAtFifteen,props_pageProps_match_team2_teamStats_6_avgInhibKills,props_pageProps_match_team2_teamStats_6_avgIsoDeaths,props_pageProps_match_team2_teamStats_6_avgKills,props_pageProps_match_team2_teamStats_6_avgMinionsKilled,props_pageProps_match_team2_teamStats_6_avgMinsBetweenDeaths,props_pageProps_match_team2_teamStats_6_avgMinsBetweenKills,props_pageProps_match_team2_teamStats_6_avgNeutralMinionKilled,props_pageProps_match_team2_teamStats_6_avgRecalls,props_pageProps_match_team2_teamStats_6_avgSoloKills,props_pageProps_match_team2_teamStats_6_avgTowerDiffAtFifteen,props_pageProps_match_team2_teamStats_6_avgTowerKills,props_pageProps_match_team2_teamStats_6_avgTowersAtFifteen,props_pageProps_match_team2_teamStats_6_avgVisionScore,props_pageProps_match_team2_teamStats_6_avgWardsKilled,props_pageProps_match_team2_teamStats_6_avgWardsPlaced,props_pageProps_match_team2_teamStats_6_firstBloodRate,props_pageProps_match_team2_teamStats_6_firstDragonRate,props_pageProps_match_team2_teamStats_6_firstTowerRate,props_pageProps_match_team2_teamStats_6_rank,props_pageProps_match_team2_teamStats_6_seasonName,props_pageProps_match_team2_teamStats_6_selected,props_pageProps_match_team2_teamStats_6_team,props_pageProps_match_team2_teamStats_6_teamPerid,props_pageProps_match_team2_teamStats_6_tournamentName,props_pageProps_match_team2_teamStats_7_avgAssists,props_pageProps_match_team2_teamStats_7_avgBaronKills,props_pageProps_match_team2_teamStats_7_avgDamagePerTeamfights,props_pageProps_match_team2_teamStats_7_avgDeaths,props_pageProps_match_team2_teamStats_7_avgDmgHealedOnTeamPerMin,props_pageProps_match_team2_teamStats_7_avgDmgToChampsPerMin,props_pageProps_match_team2_teamStats_7_avgDragonKills,props_pageProps_match_team2_teamStats_7_avgDragonsAtFifteen,props_pageProps_match_team2_teamStats_7_avgGold,props_pageProps_match_team2_teamStats_7_avgGoldAtFifteen,props_pageProps_match_team2_teamStats_7_avgGoldDiffAtFifteen,props_pageProps_match_team2_teamStats_7_avgInhibKills,props_pageProps_match_team2_teamStats_7_avgIsoDeaths,props_pageProps_match_team2_teamStats_7_avgKills,props_pageProps_match_team2_teamStats_7_avgMinionsKilled,props_pageProps_match_team2_teamStats_7_avgMinsBetweenDeaths,props_pageProps_match_team2_teamStats_7_avgMinsBetweenKills,props_pageProps_match_team2_teamStats_7_avgNeutralMinionKilled,props_pageProps_match_team2_teamStats_7_avgRecalls,props_pageProps_match_team2_teamStats_7_avgSoloKills,props_pageProps_match_team2_teamStats_7_avgTowerDiffAtFifteen,props_pageProps_match_team2_teamStats_7_avgTowerKills,props_pageProps_match_team2_teamStats_7_avgTowersAtFifteen,props_pageProps_match_team2_teamStats_7_avgVisionScore,props_pageProps_match_team2_teamStats_7_avgWardsKilled,props_pageProps_match_team2_teamStats_7_avgWardsPlaced,props_pageProps_match_team2_teamStats_7_firstBloodRate,props_pageProps_match_team2_teamStats_7_firstDragonRate,props_pageProps_match_team2_teamStats_7_firstTowerRate,props_pageProps_match_team2_teamStats_7_rank,props_pageProps_match_team2_teamStats_7_tournamentName,props_pageProps_match_team2_topPlayers_0___typename,props_pageProps_match_team2_topPlayers_0_avgDamage,props_pageProps_match_team2_topPlayers_0_avgDamageHealed,props_pageProps_match_team2_topPlayers_0_avgDamagePerTeamfight,props_pageProps_match_team2_topPlayers_0_avgGold,props_pageProps_match_team2_topPlayers_0_avgGoldAtFifteen,props_pageProps_match_team2_topPlayers_0_avgGoldDiffAtFifteen,props_pageProps_match_team2_topPlayers_0_gamesPlayed,props_pageProps_match_team2_topPlayers_0_player,props_pageProps_match_team2_topPlayers_0_playerDetails___typename,props_pageProps_match_team2_topPlayers_0_playerDetails_factorId,props_pageProps_match_team2_topPlayers_0_playerDetails_headshotUrl,props_pageProps_match_team2_topPlayers_0_playerDetails_name,props_pageProps_match_team2_topPlayers_0_playerDetails_perid,props_pageProps_match_team2_topPlayers_0_playerPerid,props_pageProps_match_team2_topPlayers_0_rank,props_pageProps_match_team2_topPlayers_0_role,props_pageProps_match_team2_topPlayers_0_totalAssists,props_pageProps_match_team2_topPlayers_0_totalDamageTeamfights,props_pageProps_match_team2_topPlayers_0_totalDeaths,props_pageProps_match_team2_topPlayers_0_totalFirstBloods,props_pageProps_match_team2_topPlayers_0_totalKills,props_pageProps_match_team2_topPlayers_0_totalMinionKills,props_pageProps_match_team2_topPlayers_0_totalSoloKills,props_pageProps_match_team2_topPlayers_0_totalWorthlessDeaths,props_pageProps_match_team2_topPlayers_1___typename,props_pageProps_match_team2_topPlayers_1_avgDamage,props_pageProps_match_team2_topPlayers_1_avgDamageHealed,props_pageProps_match_team2_topPlayers_1_avgDamagePerTeamfight,props_pageProps_match_team2_topPlayers_1_avgGold,props_pageProps_match_team2_topPlayers_1_avgGoldAtFifteen,props_pageProps_match_team2_topPlayers_1_avgGoldDiffAtFifteen,props_pageProps_match_team2_topPlayers_1_gamesPlayed,props_pageProps_match_team2_topPlayers_1_player,props_pageProps_match_team2_topPlayers_1_playerDetails___typename,props_pageProps_match_team2_topPlayers_1_playerDetails_factorId,props_pageProps_match_team2_topPlayers_1_playerDetails_headshotUrl,props_pageProps_match_team2_topPlayers_1_playerDetails_name,props_pageProps_match_team2_topPlayers_1_playerDetails_perid,props_pageProps_match_team2_topPlayers_1_playerPerid,props_pageProps_match_team2_topPlayers_1_rank,props_pageProps_match_team2_topPlayers_1_role,props_pageProps_match_team2_topPlayers_1_totalAssists,props_pageProps_match_team2_topPlayers_1_totalDamageTeamfights,props_pageProps_match_team2_topPlayers_1_totalDeaths,props_pageProps_match_team2_topPlayers_1_totalFirstBloods,props_pageProps_match_team2_topPlayers_1_totalKills,props_pageProps_match_team2_topPlayers_1_totalMinionKills,props_pageProps_match_team2_topPlayers_1_totalSoloKills,props_pageProps_match_team2_topPlayers_1_totalWorthlessDeaths,props_pageProps_match_team2_topPlayers_2___typename,props_pageProps_match_team2_topPlayers_2_avgDamage,props_pageProps_match_team2_topPlayers_2_avgDamageHealed,props_pageProps_match_team2_topPlayers_2_avgDamagePerTeamfight,props_pageProps_match_team2_topPlayers_2_avgGold,props_pageProps_match_team2_topPlayers_2_avgGoldAtFifteen,props_pageProps_match_team2_topPlayers_2_avgGoldDiffAtFifteen,props_pageProps_match_team2_topPlayers_2_gamesPlayed,props_pageProps_match_team2_topPlayers_2_player,props_pageProps_match_team2_topPlayers_2_playerDetails___typename,props_pageProps_match_team2_topPlayers_2_playerDetails_factorId,props_pageProps_match_team2_topPlayers_2_playerDetails_headshotUrl,props_pageProps_match_team2_topPlayers_2_playerDetails_name,props_pageProps_match_team2_topPlayers_2_playerDetails_perid,props_pageProps_match_team2_topPlayers_2_playerPerid,props_pageProps_match_team2_topPlayers_2_rank,props_pageProps_match_team2_topPlayers_2_role,props_pageProps_match_team2_topPlayers_2_totalAssists,props_pageProps_match_team2_topPlayers_2_totalDamageTeamfights,props_pageProps_match_team2_topPlayers_2_totalDeaths,props_pageProps_match_team2_topPlayers_2_totalFirstBloods,props_pageProps_match_team2_topPlayers_2_totalKills,props_pageProps_match_team2_topPlayers_2_totalMinionKills,props_pageProps_match_team2_topPlayers_2_totalSoloKills,props_pageProps_match_team2_topPlayers_2_totalWorthlessDeaths,props_pageProps_match_team2_topPlayers_3___typename,props_pageProps_match_team2_topPlayers_3_avgDamage,props_pageProps_match_team2_topPlayers_3_avgDamageHealed,props_pageProps_match_team2_topPlayers_3_avgDamagePerTeamfight,props_pageProps_match_team2_topPlayers_3_avgGold,props_pageProps_match_team2_topPlayers_3_avgGoldAtFifteen,props_pageProps_match_team2_topPlayers_3_avgGoldDiffAtFifteen,props_pageProps_match_team2_topPlayers_3_gamesPlayed,props_pageProps_match_team2_topPlayers_3_player,props_pageProps_match_team2_topPlayers_3_playerDetails___typename,props_pageProps_match_team2_topPlayers_3_playerDetails_factorId,props_pageProps_match_team2_topPlayers_3_playerDetails_headshotUrl,props_pageProps_match_team2_topPlayers_3_playerDetails_name,props_pageProps_match_team2_topPlayers_3_playerDetails_perid,props_pageProps_match_team2_topPlayers_3_playerPerid,props_pageProps_match_team2_topPlayers_3_rank,props_pageProps_match_team2_topPlayers_3_role,props_pageProps_match_team2_topPlayers_3_totalAssists,props_pageProps_match_team2_topPlayers_3_totalDamageTeamfights,props_pageProps_match_team2_topPlayers_3_totalDeaths,props_pageProps_match_team2_topPlayers_3_totalFirstBloods,props_pageProps_match_team2_topPlayers_3_totalKills,props_pageProps_match_team2_topPlayers_3_totalMinionKills,props_pageProps_match_team2_topPlayers_3_totalSoloKills,props_pageProps_match_team2_topPlayers_3_totalWorthlessDeaths,props_pageProps_match_team2_topPlayers_4___typename,props_pageProps_match_team2_topPlayers_4_avgDamage,props_pageProps_match_team2_topPlayers_4_avgDamageHealed,props_pageProps_match_team2_topPlayers_4_avgDamagePerTeamfight,props_pageProps_match_team2_topPlayers_4_avgGold,props_pageProps_match_team2_topPlayers_4_avgGoldAtFifteen,props_pageProps_match_team2_topPlayers_4_avgGoldDiffAtFifteen,props_pageProps_match_team2_topPlayers_4_gamesPlayed,props_pageProps_match_team2_topPlayers_4_player,props_pageProps_match_team2_topPlayers_4_playerDetails___typename,props_pageProps_match_team2_topPlayers_4_playerDetails_factorId,props_pageProps_match_team2_topPlayers_4_playerDetails_headshotUrl,props_pageProps_match_team2_topPlayers_4_playerDetails_name,props_pageProps_match_team2_topPlayers_4_playerDetails_perid,props_pageProps_match_team2_topPlayers_4_playerPerid,props_pageProps_match_team2_topPlayers_4_rank,props_pageProps_match_team2_topPlayers_4_role,props_pageProps_match_team2_topPlayers_4_totalAssists,props_pageProps_match_team2_topPlayers_4_totalDamageTeamfights,props_pageProps_match_team2_topPlayers_4_totalDeaths,props_pageProps_match_team2_topPlayers_4_totalFirstBloods,props_pageProps_match_team2_topPlayers_4_totalKills,props_pageProps_match_team2_topPlayers_4_totalMinionKills,props_pageProps_match_team2_topPlayers_4_totalSoloKills,props_pageProps_match_team2_topPlayers_4_totalWorthlessDeaths,props_pageProps_match_teamPowrRankings_0___typename,props_pageProps_match_teamPowrRankings_0_lossSeries,props_pageProps_match_teamPowrRankings_0_position,props_pageProps_match_teamPowrRankings_0_seriesUrn,props_pageProps_match_teamPowrRankings_0_teamDetails___typename,props_pageProps_match_teamPowrRankings_0_teamDetails_factorId,props_pageProps_match_teamPowrRankings_0_teamDetails_fullName,props_pageProps_match_teamPowrRankings_0_teamDetails_teamLogo___typename,props_pageProps_match_teamPowrRankings_0_teamDetails_teamLogo_darkFlip,props_pageProps_match_teamPowrRankings_0_teamDetails_teamLogo_darkShadow,props_pageProps_match_teamPowrRankings_0_teamDetails_teamLogo_logoUrl,props_pageProps_match_teamPowrRankings_0_teamDetails_teamUrn,props_pageProps_match_teamPowrRankings_0_teamPerid,props_pageProps_match_teamPowrRankings_0_teamRanking___typename,props_pageProps_match_teamPowrRankings_0_teamRanking_ranking,props_pageProps_match_teamPowrRankings_0_winSeries,props_pageProps_match_teamPowrRankings_1___typename,props_pageProps_match_teamPowrRankings_1_lossSeries,props_pageProps_match_teamPowrRankings_1_position,props_pageProps_match_teamPowrRankings_1_seriesUrn,props_pageProps_match_teamPowrRankings_1_teamDetails___typename,props_pageProps_match_teamPowrRankings_1_teamDetails_factorId,props_pageProps_match_teamPowrRankings_1_teamDetails_fullName,props_pageProps_match_teamPowrRankings_1_teamDetails_teamLogo___typename,props_pageProps_match_teamPowrRankings_1_teamDetails_teamLogo_darkFlip,props_pageProps_match_teamPowrRankings_1_teamDetails_teamLogo_darkShadow,props_pageProps_match_teamPowrRankings_1_teamDetails_teamLogo_logoUrl,props_pageProps_match_teamPowrRankings_1_teamDetails_teamUrn,props_pageProps_match_teamPowrRankings_1_teamPerid,props_pageProps_match_teamPowrRankings_1_teamRanking___typename,props_pageProps_match_teamPowrRankings_1_teamRanking_ranking,props_pageProps_match_teamPowrRankings_1_winSeries,props_pageProps_match_teamPowrRankings_2___typename,props_pageProps_match_teamPowrRankings_2_lossSeries,props_pageProps_match_teamPowrRankings_2_position,props_pageProps_match_teamPowrRankings_2_seriesUrn,props_pageProps_match_teamPowrRankings_2_teamDetails___typename,props_pageProps_match_teamPowrRankings_2_teamDetails_factorId,props_pageProps_match_teamPowrRankings_2_teamDetails_fullName,props_pageProps_match_teamPowrRankings_2_teamDetails_teamLogo___typename,props_pageProps_match_teamPowrRankings_2_teamDetails_teamLogo_darkFlip,props_pageProps_match_teamPowrRankings_2_teamDetails_teamLogo_darkShadow,props_pageProps_match_teamPowrRankings_2_teamDetails_teamLogo_logoUrl,props_pageProps_match_teamPowrRankings_2_teamDetails_teamUrn,props_pageProps_match_teamPowrRankings_2_teamPerid,props_pageProps_match_teamPowrRankings_2_teamRanking___typename,props_pageProps_match_teamPowrRankings_2_teamRanking_ranking,props_pageProps_match_teamPowrRankings_2_winSeries,props_pageProps_match_teamPowrRankings_3___typename,props_pageProps_match_teamPowrRankings_3_lossSeries,props_pageProps_match_teamPowrRankings_3_position,props_pageProps_match_teamPowrRankings_3_seriesUrn,props_pageProps_match_teamPowrRankings_3_teamDetails___typename,props_pageProps_match_teamPowrRankings_3_teamDetails_factorId,props_pageProps_match_teamPowrRankings_3_teamDetails_fullName,props_pageProps_match_teamPowrRankings_3_teamDetails_teamLogo___typename,props_pageProps_match_teamPowrRankings_3_teamDetails_teamLogo_darkFlip,props_pageProps_match_teamPowrRankings_3_teamDetails_teamLogo_darkShadow,props_pageProps_match_teamPowrRankings_3_teamDetails_teamLogo_logoUrl,props_pageProps_match_teamPowrRankings_3_teamDetails_teamUrn,props_pageProps_match_teamPowrRankings_3_teamPerid,props_pageProps_match_teamPowrRankings_3_teamRanking___typename,props_pageProps_match_teamPowrRankings_3_teamRanking_ranking,props_pageProps_match_teamPowrRankings_3_winSeries,props_pageProps_match_teamPowrRankings_4___typename,props_pageProps_match_teamPowrRankings_4_lossSeries,props_pageProps_match_teamPowrRankings_4_position,props_pageProps_match_teamPowrRankings_4_seriesUrn,props_pageProps_match_teamPowrRankings_4_teamDetails___typename,props_pageProps_match_teamPowrRankings_4_teamDetails_factorId,props_pageProps_match_teamPowrRankings_4_teamDetails_fullName,props_pageProps_match_teamPowrRankings_4_teamDetails_teamLogo___typename,props_pageProps_match_teamPowrRankings_4_teamDetails_teamLogo_darkFlip,props_pageProps_match_teamPowrRankings_4_teamDetails_teamLogo_darkShadow,props_pageProps_match_teamPowrRankings_4_teamDetails_teamLogo_logoUrl,props_pageProps_match_teamPowrRankings_4_teamDetails_teamUrn,props_pageProps_match_teamPowrRankings_4_teamPerid,props_pageProps_match_teamPowrRankings_4_teamRanking___typename,props_pageProps_match_teamPowrRankings_4_teamRanking_ranking,props_pageProps_match_teamPowrRankings_4_winSeries,props_pageProps_match_teamPowrRankings_5___typename,props_pageProps_match_teamPowrRankings_5_lossSeries,props_pageProps_match_teamPowrRankings_5_position,props_pageProps_match_teamPowrRankings_5_seriesUrn,props_pageProps_match_teamPowrRankings_5_teamDetails___typename,props_pageProps_match_teamPowrRankings_5_teamDetails_factorId,props_pageProps_match_teamPowrRankings_5_teamDetails_fullName,props_pageProps_match_teamPowrRankings_5_teamDetails_teamLogo___typename,props_pageProps_match_teamPowrRankings_5_teamDetails_teamLogo_darkFlip,props_pageProps_match_teamPowrRankings_5_teamDetails_teamLogo_darkShadow,props_pageProps_match_teamPowrRankings_5_teamDetails_teamLogo_logoUrl,props_pageProps_match_teamPowrRankings_5_teamDetails_teamUrn,props_pageProps_match_teamPowrRankings_5_teamPerid,props_pageProps_match_teamPowrRankings_5_teamRanking___typename,props_pageProps_match_teamPowrRankings_5_teamRanking_ranking,props_pageProps_match_teamPowrRankings_5_winSeries,props_pageProps_match_teamPowrRankings_6___typename,props_pageProps_match_teamPowrRankings_6_lossSeries,props_pageProps_match_teamPowrRankings_6_position,props_pageProps_match_teamPowrRankings_6_seriesUrn,props_pageProps_match_teamPowrRankings_6_teamDetails___typename,props_pageProps_match_teamPowrRankings_6_teamDetails_factorId,props_pageProps_match_teamPowrRankings_6_teamDetails_fullName,props_pageProps_match_teamPowrRankings_6_teamDetails_teamLogo___typename,props_pageProps_match_teamPowrRankings_6_teamDetails_teamLogo_darkFlip,props_pageProps_match_teamPowrRankings_6_teamDetails_teamLogo_darkShadow,props_pageProps_match_teamPowrRankings_6_teamDetails_teamLogo_logoUrl,props_pageProps_match_teamPowrRankings_6_teamDetails_teamUrn,props_pageProps_match_teamPowrRankings_6_teamPerid,props_pageProps_match_teamPowrRankings_6_teamRanking___typename,props_pageProps_match_teamPowrRankings_6_teamRanking_ranking,props_pageProps_match_teamPowrRankings_6_winSeries,props_pageProps_match_teamPowrRankings_7___typename,props_pageProps_match_teamPowrRankings_7_lossSeries,props_pageProps_match_teamPowrRankings_7_position,props_pageProps_match_teamPowrRankings_7_seriesUrn,props_pageProps_match_teamPowrRankings_7_teamDetails___typename,props_pageProps_match_teamPowrRankings_7_teamDetails_factorId,props_pageProps_match_teamPowrRankings_7_teamDetails_fullName,props_pageProps_match_teamPowrRankings_7_teamDetails_teamLogo___typename,props_pageProps_match_teamPowrRankings_7_teamDetails_teamLogo_darkFlip,props_pageProps_match_teamPowrRankings_7_teamDetails_teamLogo_darkShadow,props_pageProps_match_teamPowrRankings_7_teamDetails_teamLogo_logoUrl,props_pageProps_match_teamPowrRankings_7_teamDetails_teamUrn,props_pageProps_match_teamPowrRankings_7_teamPerid,props_pageProps_match_teamPowrRankings_7_teamRanking___typename,props_pageProps_match_teamPowrRankings_7_teamRanking_ranking,props_pageProps_match_teamPowrRankings_7_winSeries,props_pageProps_match_teamPowrRankings_8___typename,props_pageProps_match_teamPowrRankings_8_lossSeries,props_pageProps_match_teamPowrRankings_8_position,props_pageProps_match_teamPowrRankings_8_seriesUrn,props_pageProps_match_teamPowrRankings_8_teamDetails___typename,props_pageProps_match_teamPowrRankings_8_teamDetails_factorId,props_pageProps_match_teamPowrRankings_8_teamDetails_fullName,props_pageProps_match_teamPowrRankings_8_teamDetails_teamLogo___typename,props_pageProps_match_teamPowrRankings_8_teamDetails_teamLogo_darkFlip,props_pageProps_match_teamPowrRankings_8_teamDetails_teamLogo_darkShadow,props_pageProps_match_teamPowrRankings_8_teamDetails_teamLogo_logoUrl,props_pageProps_match_teamPowrRankings_8_teamDetails_teamUrn,props_pageProps_match_teamPowrRankings_8_teamPerid,props_pageProps_match_teamPowrRankings_8_teamRanking___typename,props_pageProps_match_teamPowrRankings_8_teamRanking_ranking,props_pageProps_match_teamPowrRankings_8_winSeries,props_pageProps_match_teamPowrRankings_9___typename,props_pageProps_match_teamPowrRankings_9_lossSeries,props_pageProps_match_teamPowrRankings_9_position,props_pageProps_match_teamPowrRankings_9_seriesUrn,props_pageProps_match_teamPowrRankings_9_teamDetails___typename,props_pageProps_match_teamPowrRankings_9_teamDetails_factorId,props_pageProps_match_teamPowrRankings_9_teamDetails_fullName,props_pageProps_match_teamPowrRankings_9_teamDetails_teamLogo___typename,props_pageProps_match_teamPowrRankings_9_teamDetails_teamLogo_darkFlip,props_pageProps_match_teamPowrRankings_9_teamDetails_teamLogo_darkShadow,props_pageProps_match_teamPowrRankings_9_teamDetails_teamLogo_logoUrl,props_pageProps_match_teamPowrRankings_9_teamDetails_teamUrn,props_pageProps_match_teamPowrRankings_9_teamPerid,props_pageProps_match_teamPowrRankings_9_teamRanking___typename,props_pageProps_match_teamPowrRankings_9_teamRanking_ranking,props_pageProps_match_teamPowrRankings_9_winSeries,query_slug_0,query_slug_1,query_slug_2,query_slug_3,runtimeConfig_nextPlausiblePublicProxyOptions_trailingSlash
0,6OFInEo8nbJET_ZWLU1dD,10204,98925,43290,79535,72475,68588,95878,97471,True,False,/match/[...slug],True,True,Match,8456782,1676270925,2023-02-18T08:30:00Z,100,esports:match:e9e1ff1a-edde-4776-a936-895307de35b8,PrematchWinProbability,0.43985139365627113,0.5601486063437289,MatchScore,0,0,TeamDetails,NS,379,NONGSHIM REDFORCE,8,1,PlayerHistory,PlayerDetails,2131,Geunwoo Park,https://factorassets.global.ssl.fastly.net/player-headshots/esports:player:ceeb0934-e3f8-4714-a88d-81b51435d866/latest.png,DnDn,esports:player:ceeb0934-e3f8-4714-a88d-81b51435d866,esports:player:ceeb0934-e3f8-4714-a88d-81b51435d866,top,esports:tournament:013b428f-28ad-4f0b-afd8-c8e681b6a7d2,PlayerHistory,PlayerDetails,564,Seungbok Lee,https://factorassets.global.ssl.fastly.net/player-headshots/esports:player:dd1ae55f-4b35-46ec-a321-a5b99c587db2/latest.png,Sylvie,esports:player:dd1ae55f-4b35-46ec-a321-a5b99c587db2,esports:player:dd1ae55f-4b35-46ec-a321-a5b99c587db2,jng,esports:tournament:013b428f-28ad-4f0b-afd8-c8e681b6a7d2,PlayerHistory,PlayerDetails,725,Hyeonseo Ahn,https://factorassets.global.ssl.fastly.net/player-headshots/esports:player:f02657d3-6ef0-423b-a315-7d97073b2c6e/latest.png,FIESTA,esports:player:f02657d3-6ef0-423b-a315-7d97073b2c6e,esports:player:f02657d3-6ef0-423b-a315-7d97073b2c6e,mid,esports:tournament:013b428f-28ad-4f0b-afd8-c8e681b6a7d2,PlayerHistory,PlayerDetails,2326,Yunsu Jeong,https://factorassets.global.ssl.fastly.net/player-headshots/esports:player:2aef3851-d45d-46a9-a4c6-42196f24f4fb/latest.png,Peter,esports:player:2aef3851-d45d-46a9-a4c6-42196f24f4fb,esports:player:2aef3851-d45d-46a9-a4c6-42196f24f4fb,sup,esports:tournament:013b428f-28ad-4f0b-afd8-c8e681b6a7d2,PlayerHistory,PlayerDetails,1934,Ha In-seong,https://factorassets.global.ssl.fastly.net/player-headshots/esports:player:245ea5e4-178a-43d8-8e79-9863dffbae4a/latest.png,vital,esports:player:245ea5e4-178a-43d8-8e79-9863dffbae4a,esports:player:245ea5e4-178a-43d8-8e79-9863dffbae4a,bot,esports:tournament:013b428f-28ad-4f0b-afd8-c8e681b6a7d2,PlayerHistory,PlayerDetails,2980,Hoei-jong No,https://factorassets.global.ssl.fastly.net/player-headshots/esports:player:88b5fb99-8448-4a4d-8ccd-eba0ce9aa6d8/latest.png,SnowFlower,esports:player:88b5fb99-8448-4a4d-8ccd-eba0ce9aa6d8,esports:player:88b5fb99-8448-4a4d-8ccd-eba0ce9aa6d8,sup,esports:tournament:694f844c-6808-4a68-8e75-04d7eb3694f2,PlayerHistory,PlayerDetails,564,Seungbok Lee,https://factorassets.global.ssl.fastly.net/player-headshots/esports:player:dd1ae55f-4b35-46ec-a321-a5b99c587db2/latest.png,Sylvie,esports:player:dd1ae55f-4b35-46ec-a321-a5b99c587db2,esports:player:dd1ae55f-4b35-46ec-a321-a5b99c587db2,jng,esports:tournament:694f844c-6808-4a68-8e75-04d7eb3694f2,PlayerHistory,PlayerDetails,3177,Jinhyeok Lee,https://factorassets.global.ssl.fastly.net/player-headshots/esports:player:0cb7bc26-e683-47d5-89a1-9b44e0fad2f0/latest.png,Dread,esports:player:0cb7bc26-e683-47d5-89a1-9b44e0fad2f0,esports:player:0cb7bc26-e683-47d5-89a1-9b44e0fad2f0,jng,esports:tournament:694f844c-6808-4a68-8e75-04d7eb3694f2,PlayerHistory,PlayerDetails,2326,Yunsu Jeong,https://factorassets.global.ssl.fastly.net/player-headshots/esports:player:2aef3851-d45d-46a9-a4c6-42196f24f4fb/latest.png,Peter,esports:player:2aef3851-d45d-46a9-a4c6-42196f24f4fb,esports:player:2aef3851-d45d-46a9-a4c6-42196f24f4fb,sup,esports:tournament:694f844c-6808-4a68-8e75-04d7eb3694f2,PlayerHistory,PlayerDetails,2016,Kim Chang-dong,https://factorassets.global.ssl.fastly.net/player-headshots/esports:player:eda21e1a-c1b8-4467-956b-63e50ed0c50a/latest.png,Canna,esports:player:eda21e1a-c1b8-4467-956b-63e50ed0c50a,esports:player:eda21e1a-c1b8-4467-956b-63e50ed0c50a,top,esports:tournament:694f844c-6808-4a68-8e75-04d7eb3694f2,PlayerHistory,PlayerDetails,722,Sangho Lee,https://factorassets.global.ssl.fastly.net/player-headshots/esports:player:c791c20b-dbd7-4a91-9b49-2e4c72454d2f/latest.png,Effort,esports:player:c791c20b-dbd7-4a91-9b49-2e4c72454d2f,esports:player:c791c20b-dbd7-4a91-9b49-2e4c72454d2f,sup,esports:tournament:694f844c-6808-4a68-8e75-04d7eb3694f2,PlayerHistory,PlayerDetails,547,Boseong Kwak,https://factorassets.global.ssl.fastly.net/player-headshots/esports:player:3d181a7e-d61c-4502-ab3f-ce3e769ec3fb/latest.png,Bdd,esports:player:3d181a7e-d61c-4502-ab3f-ce3e769ec3fb,esports:player:3d181a7e-d61c-4502-ab3f-ce3e769ec3fb,mid,esports:tournament:694f844c-6808-4a68-8e75-04d7eb3694f2,PlayerHistory,PlayerDetails,2771,Yong-jun Jang,https://factorassets.global.ssl.fastly.net/player-headshots/esports:player:8c5e0608-359e-45c6-8542-52e9727139c3/latest.png,Ghost,esports:player:8c5e0608-359e-45c6-8542-52e9727139c3,esports:player:8c5e0608-359e-45c6-8542-52e9727139c3,bot,esports:tournament:694f844c-6808-4a68-8e75-04d7eb3694f2,PlayerHistory,PlayerDetails,3177,Jinhyeok Lee,https://factorassets.global.ssl.fastly.net/player-headshots/esports:player:0cb7bc26-e683-47d5-89a1-9b44e0fad2f0/latest.png,Dread,esports:player:0cb7bc26-e683-47d5-89a1-9b44e0fad2f0,esports:player:0cb7bc26-e683-47d5-89a1-9b44e0fad2f0,top,esports:tournament:01307abb-dd00-42d9-bef1-f5491d5f1af2,PlayerHistory,PlayerDetails,2771,Yong-jun Jang,https://factorassets.global.ssl.fastly.net/player-headshots/esports:player:8c5e0608-359e-45c6-8542-52e9727139c3/latest.png,Ghost,esports:player:8c5e0608-359e-45c6-8542-52e9727139c3,esports:player:8c5e0608-359e-45c6-8542-52e9727139c3,sup,esports:tournament:01307abb-dd00-42d9-bef1-f5491d5f1af2,PlayerHistory,PlayerDetails,564,Seungbok Lee,https://factorassets.global.ssl.fastly.net/player-headshots/esports:player:dd1ae55f-4b35-46ec-a321-a5b99c587db2/latest.png,Sylvie,esports:player:dd1ae55f-4b35-46ec-a321-a5b99c587db2,esports:player:dd1ae55f-4b35-46ec-a321-a5b99c587db2,jng,esports:tournament:01307abb-dd00-42d9-bef1-f5491d5f1af2,PlayerHistory,PlayerDetails,2131,Geunwoo Park,https://factorassets.global.ssl.fastly.net/player-headshots/esports:player:ceeb0934-e3f8-4714-a88d-81b51435d866/latest.png,DnDn,esports:player:ceeb0934-e3f8-4714-a88d-81b51435d866,esports:player:ceeb0934-e3f8-4714-a88d-81b51435d866,top,esports:tournament:01307abb-dd00-42d9-bef1-f5491d5f1af2,PlayerHistory,PlayerDetails,547,Boseong Kwak,https://factorassets.global.ssl.fastly.net/player-headshots/esports:player:3d181a7e-d61c-4502-ab3f-ce3e769ec3fb/latest.png,Bdd,esports:player:3d181a7e-d61c-4502-ab3f-ce3e769ec3fb,esports:player:3d181a7e-d61c-4502-ab3f-ce3e769ec3fb,mid,esports:tournament:01307abb-dd00-42d9-bef1-f5491d5f1af2,PlayerHistory,PlayerDetails,725,Hyeonseo Ahn,https://factorassets.global.ssl.fastly.net/player-headshots/esports:player:f02657d3-6ef0-423b-a315-7d97073b2c6e/latest.png,FIESTA,esports:player:f02657d3-6ef0-423b-a315-7d97073b2c6e,esports:player:f02657d3-6ef0-423b-a315-7d97073b2c6e,mid,esports:tournament:01307abb-dd00-42d9-bef1-f5491d5f1af2,PlayerHistory,PlayerDetails,2326,Yunsu Jeong,https://factorassets.global.ssl.fastly.net/player-headshots/esports:player:2aef3851-d45d-46a9-a4c6-42196f24f4fb/latest.png,Peter,esports:player:2aef3851-d45d-46a9-a4c6-42196f24f4fb,esports:player:2aef3851-d45d-46a9-a4c6-42196f24f4fb,sup,esports:tournament:01307abb-dd00-42d9-bef1-f5491d5f1af2,PlayerHistory,PlayerDetails,1934,Ha In-seong,https://factorassets.global.ssl.fastly.net/player-headshots/esports:player:245ea5e4-178a-43d8-8e79-9863dffbae4a/latest.png,vital,esports:player:245ea5e4-178a-43d8-8e79-9863dffbae4a,esports:player:245ea5e4-178a-43d8-8e79-9863dffbae4a,bot,esports:tournament:01307abb-dd00-42d9-bef1-f5491d5f1af2,PlayerHistory,PlayerDetails,2016,Kim Chang-dong,https://factorassets.global.ssl.fastly.net/player-headshots/esports:player:eda21e1a-c1b8-4467-956b-63e50ed0c50a/latest.png,Canna,esports:player:eda21e1a-c1b8-4467-956b-63e50ed0c50a,esports:player:eda21e1a-c1b8-4467-956b-63e50ed0c50a,top,esports:tournament:01307abb-dd00-42d9-bef1-f5491d5f1af2,PlayerHistory,PlayerDetails,1159,Jangwon Lee,https://factorassets.global.ssl.fastly.net/player-headshots/default.png,Blessing,esports:player:66a375cc-a11a-44e6-a054-f7d4dc6228ff,esports:player:66a375cc-a11a-44e6-a054-f7d4dc6228ff,sup,esports:tournament:01307abb-dd00-42d9-bef1-f5491d5f1af2,PlayerHistory,PlayerDetails,722,Sangho Lee,https://factorassets.global.ssl.fastly.net/player-headshots/esports:player:c791c20b-dbd7-4a91-9b49-2e4c72454d2f/latest.png,Effort,esports:player:c791c20b-dbd7-4a91-9b49-2e4c72454d2f,esports:player:c791c20b-dbd7-4a91-9b49-2e4c72454d2f,sup,esports:tournament:01307abb-dd00-42d9-bef1-f5491d5f1af2,PlayerHistory,PlayerDetails,581,Tae-woo Kim,https://factorassets.global.ssl.fastly.net/player-headshots/esports:player:479968d8-7d7c-44e2-9940-22b720d7cb1e/latest.png,Gori,esports:player:479968d8-7d7c-44e2-9940-22b720d7cb1e,esports:player:479968d8-7d7c-44e2-9940-22b720d7cb1e,mid,esports:tournament:45e51643-945b-4952-a0c3-b0e3a5d4cefe,PlayerHistory,PlayerDetails,1033,,https://factorassets.global.ssl.fastly.net/player-headshots/esports:player:cd63b381-6290-4abd-813b-400acc839da3/latest.png,Kellin,esports:player:cd63b381-6290-4abd-813b-400acc839da3,esports:player:cd63b381-6290-4abd-813b-400acc839da3,sup,esports:tournament:45e51643-945b-4952-a0c3-b0e3a5d4cefe,PlayerHistory,PlayerDetails,2188,,https://factorassets.global.ssl.fastly.net/player-headshots/esports:player:019bd1e9-4a2e-4a70-ac73-e5bd1adb26b9/latest.png,deokdam,esports:player:019bd1e9-4a2e-4a70-ac73-e5bd1adb26b9,esports:player:019bd1e9-4a2e-4a70-ac73-e5bd1adb26b9,bot,esports:tournament:45e51643-945b-4952-a0c3-b0e3a5d4cefe,PlayerHistory,PlayerDetails,1800,,https://factorassets.global.ssl.fastly.net/player-headshots/esports:player:75fc8816-bf4d-42bc-a07c-abce1e941b86/latest.png,Rich,esports:player:75fc8816-bf4d-42bc-a07c-abce1e941b86,esports:player:75fc8816-bf4d-42bc-a07c-abce1e941b86,top,esports:tournament:45e51643-945b-4952-a0c3-b0e3a5d4cefe,PlayerHistory,PlayerDetails,2309,Wang-ho Han,https://factorassets.global.ssl.fastly.net/player-headshots/esports:player:2d2a1910-b6ab-4625-9a29-c4984ff7ecf7/latest.png,Peanut,esports:player:2d2a1910-b6ab-4625-9a29-c4984ff7ecf7,esports:player:2d2a1910-b6ab-4625-9a29-c4984ff7ecf7,jng,esports:tournament:45e51643-945b-4952-a0c3-b0e3a5d4cefe,PlayerHistory,PlayerDetails,581,Tae-woo Kim,https://factorassets.global.ssl.fastly.net/player-headshots/esports:player:479968d8-7d7c-44e2-9940-22b720d7cb1e/latest.png,Gori,esports:player:479968d8-7d7c-44e2-9940-22b720d7cb1e,esports:player:479968d8-7d7c-44e2-9940-22b720d7cb1e,mid,esports:tournament:37ae9c64-a579-47ef-946a-472ac1ed9d82,PlayerHistory,PlayerDetails,2188,,https://factorassets.global.ssl.fastly.net/player-headshots/esports:player:019bd1e9-4a2e-4a70-ac73-e5bd1adb26b9/latest.png,deokdam,esports:player:019bd1e9-4a2e-4a70-ac73-e5bd1adb26b9,esports:player:019bd1e9-4a2e-4a70-ac73-e5bd1adb26b9,bot,esports:tournament:37ae9c64-a579-47ef-946a-472ac1ed9d82,PlayerHistory,PlayerDetails,1033,,https://factorassets.global.ssl.fastly.net/player-headshots/esports:player:cd63b381-6290-4abd-813b-400acc839da3/latest.png,Kellin,esports:player:cd63b381-6290-4abd-813b-400acc839da3,esports:player:cd63b381-6290-4abd-813b-400acc839da3,sup,esports:tournament:37ae9c64-a579-47ef-946a-472ac1ed9d82,PlayerHistory,PlayerDetails,2309,Wang-ho Han,https://factorassets.global.ssl.fastly.net/player-headshots/esports:player:2d2a1910-b6ab-4625-9a29-c4984ff7ecf7/latest.png,Peanut,esports:player:2d2a1910-b6ab-4625-9a29-c4984ff7ecf7,esports:player:2d2a1910-b6ab-4625-9a29-c4984ff7ecf7,jng,esports:tournament:37ae9c64-a579-47ef-946a-472ac1ed9d82,PlayerHistory,PlayerDetails,1800,,https://factorassets.global.ssl.fastly.net/player-headshots/esports:player:75fc8816-bf4d-42bc-a07c-abce1e941b86/latest.png,Rich,esports:player:75fc8816-bf4d-42bc-a07c-abce1e941b86,esports:player:75fc8816-bf4d-42bc-a07c-abce1e941b86,top,esports:tournament:37ae9c64-a579-47ef-946a-472ac1ed9d82,PlayerHistory,PlayerDetails,2188,,https://factorassets.global.ssl.fastly.net/player-headshots/esports:player:019bd1e9-4a2e-4a70-ac73-e5bd1adb26b9/latest.png,deokdam,esports:player:019bd1e9-4a2e-4a70-ac73-e5bd1adb26b9,esports:player:019bd1e9-4a2e-4a70-ac73-e5bd1adb26b9,bot,esports:tournament:27b72dff-b55c-4046-b2fd-c9463463efdb,PlayerHistory,PlayerDetails,2309,Wang-ho Han,https://factorassets.global.ssl.fastly.net/player-headshots/esports:player:2d2a1910-b6ab-4625-9a29-c4984ff7ecf7/latest.png,Peanut,esports:player:2d2a1910-b6ab-4625-9a29-c4984ff7ecf7,esports:player:2d2a1910-b6ab-4625-9a29-c4984ff7ecf7,jng,esports:tournament:27b72dff-b55c-4046-b2fd-c9463463efdb,PlayerHistory,PlayerDetails,581,Tae-woo Kim,https://factorassets.global.ssl.fastly.net/player-headshots/esports:player:479968d8-7d7c-44e2-9940-22b720d7cb1e/latest.png,Gori,esports:player:479968d8-7d7c-44e2-9940-22b720d7cb1e,esports:player:479968d8-7d7c-44e2-9940-22b720d7cb1e,mid,esports:tournament:27b72dff-b55c-4046-b2fd-c9463463efdb,PlayerHistory,PlayerDetails,1800,,https://factorassets.global.ssl.fastly.net/player-headshots/esports:player:75fc8816-bf4d-42bc-a07c-abce1e941b86/latest.png,Rich,esports:player:75fc8816-bf4d-42bc-a07c-abce1e941b86,esports:player:75fc8816-bf4d-42bc-a07c-abce1e941b86,top,esports:tournament:27b72dff-b55c-4046-b2fd-c9463463efdb,PlayerHistory,PlayerDetails,1033,,https://factorassets.global.ssl.fastly.net/player-headshots/esports:player:cd63b381-6290-4abd-813b-400acc839da3/latest.png,Kellin,esports:player:cd63b381-6290-4abd-813b-400acc839da3,esports:player:cd63b381-6290-4abd-813b-400acc839da3,sup,esports:tournament:27b72dff-b55c-4046-b2fd-c9463463efdb,PlayerHistory,PlayerDetails,2188,,https://factorassets.global.ssl.fastly.net/player-headshots/esports:player:019bd1e9-4a2e-4a70-ac73-e5bd1adb26b9/latest.png,deokdam,esports:player:019bd1e9-4a2e-4a70-ac73-e5bd1adb26b9,esports:player:019bd1e9-4a2e-4a70-ac73-e5bd1adb26b9,bot,esports:tournament:8a00b0e7-8146-419e-85d6-1e253116d70b,PlayerHistory,PlayerDetails,1800,,https://factorassets.global.ssl.fastly.net/player-headshots/esports:player:75fc8816-bf4d-42bc-a07c-abce1e941b86/latest.png,Rich,esports:player:75fc8816-bf4d-42bc-a07c-abce1e941b86,esports:player:75fc8816-bf4d-42bc-a07c-abce1e941b86,top,esports:tournament:8a00b0e7-8146-419e-85d6-1e253116d70b,PlayerHistory,PlayerDetails,1805,Park Jun-byeong,https://factorassets.global.ssl.fastly.net/player-headshots/default.png,Bay,esports:player:95e34c4f-b11c-4042-8850-8ff553efb6f8,esports:player:95e34c4f-b11c-4042-8850-8ff553efb6f8,mid,esports:tournament:8a00b0e7-8146-419e-85d6-1e253116d70b,PlayerHistory,PlayerDetails,2309,Wang-ho Han,https://factorassets.global.ssl.fastly.net/player-headshots/esports:player:2d2a1910-b6ab-4625-9a29-c4984ff7ecf7/latest.png,Peanut,esports:player:2d2a1910-b6ab-4625-9a29-c4984ff7ecf7,esports:player:2d2a1910-b6ab-4625-9a29-c4984ff7ecf7,jng,esports:tournament:8a00b0e7-8146-419e-85d6-1e253116d70b,PlayerHistory,PlayerDetails,1033,,https://factorassets.global.ssl.fastly.net/player-headshots/esports:player:cd63b381-6290-4abd-813b-400acc839da3/latest.png,Kellin,esports:player:cd63b381-6290-4abd-813b-400acc839da3,esports:player:cd63b381-6290-4abd-813b-400acc839da3,sup,esports:tournament:8a00b0e7-8146-419e-85d6-1e253116d70b,PlayerHistory,PlayerDetails,524,Byunggwon Lee,https://factorassets.global.ssl.fastly.net/player-headshots/esports:player:380ba97c-1cd0-4bab-8d4b-2ff452f4b68a/latest.png,KaKAO,esports:player:380ba97c-1cd0-4bab-8d4b-2ff452f4b68a,esports:player:380ba97c-1cd0-4bab-8d4b-2ff452f4b68a,jng,esports:tournament:a9ca9e81-96f6-42b0-b6b2-2c9047987723,PlayerHistory,PlayerDetails,1645,Woo-hyeon Son,https://factorassets.global.ssl.fastly.net/player-headshots/default.png,UcaL,esports:player:3718c42f-da6e-4e66-b621-6c3606813d68,esports:player:3718c42f-da6e-4e66-b621-6c3606813d68,mid,esports:tournament:a9ca9e81-96f6-42b0-b6b2-2c9047987723,PlayerHistory,,esports:player:ba3b412e-bc26-4241-b498-397556c11dd3,sup,esports:tournament:a9ca9e81-96f6-42b0-b6b2-2c9047987723,PlayerHistory,PlayerDetails,2188,,https://factorassets.global.ssl.fastly.net/player-headshots/esports:player:019bd1e9-4a2e-4a70-ac73-e5bd1adb26b9/latest.png,deokdam,esports:player:019bd1e9-4a2e-4a70-ac73-e5bd1adb26b9,esports:player:019bd1e9-4a2e-4a70-ac73-e5bd1adb26b9,bot,esports:tournament:a9ca9e81-96f6-42b0-b6b2-2c9047987723,PlayerHistory,,esports:player:e3b355dd-d69f-4677-9c16-44287c5f4476,top,esports:tournament:a9ca9e81-96f6-42b0-b6b2-2c9047987723,PlayerHistory,,esports:player:f7b0ec94-9f68-4844-8d17-1dc9727bc043,mid,esports:tournament:a9ca9e81-96f6-42b0-b6b2-2c9047987723,PlayerHistory,,esports:player:1ea0399e-af64-47af-908b-dc0332e91d01,mid,esports:tournament:a9ca9e81-96f6-42b0-b6b2-2c9047987723,PlayerHistory,PlayerDetails,1022,,https://factorassets.global.ssl.fastly.net/player-headshots/esports:player:fd2b4f93-4762-4d3f-a9af-b9b8aabf374a/latest.png,Tarzan,esports:player:fd2b4f93-4762-4d3f-a9af-b9b8aabf374a,esports:player:fd2b4f93-4762-4d3f-a9af-b9b8aabf374a,jng,esports:tournament:a9ca9e81-96f6-42b0-b6b2-2c9047987723,PlayerHistory,PlayerDetails,1327,Baein Kim,https://factorassets.global.ssl.fastly.net/player-headshots/esports:player:1e18ddb2-dfe2-4af9-b17b-4d69b9aa88d9/latest.png,Wadid,esports:player:1e18ddb2-dfe2-4af9-b17b-4d69b9aa88d9,esports:player:1e18ddb2-dfe2-4af9-b17b-4d69b9aa88d9,sup,esports:tournament:a9ca9e81-96f6-42b0-b6b2-2c9047987723,PlayerHistory,,esports:player:717f851a-4f01-4dd2-8e68-03b75a54a9f7,sup,esports:tournament:a9ca9e81-96f6-42b0-b6b2-2c9047987723,PlayerHistory,,esports:player:034cb124-a8d4-4c9a-8992-eae3b1069492,top,esports:tournament:a9ca9e81-96f6-42b0-b6b2-2c9047987723,PlayerHistory,PlayerDetails,1800,,https://factorassets.global.ssl.fastly.net/player-headshots/esports:player:75fc8816-bf4d-42bc-a07c-abce1e941b86/latest.png,Rich,esports:player:75fc8816-bf4d-42bc-a07c-abce1e941b86,esports:player:75fc8816-bf4d-42bc-a07c-abce1e941b86,top,esports:tournament:a9ca9e81-96f6-42b0-b6b2-2c9047987723,PlayerHistory,PlayerDetails,33,Do-hyeon Park,https://factorassets.global.ssl.fastly.net/player-headshots/default.png,Viper,esports:player:55ecb0b5-6a9f-4044-bbb6-4a298c92b788,esports:player:55ecb0b5-6a9f-4044-bbb6-4a298c92b788,bot,esports:tournament:a9ca9e81-96f6-42b0-b6b2-2c9047987723,PlayerHistory,,esports:player:4057f0be-82ac-4b84-8f42-3a0a48789b0e,jng,esports:tournament:a9ca9e81-96f6-42b0-b6b2-2c9047987723,PlayerHistory,,esports:player:9c821f69-d652-423e-82ae-14d551c7bfae,bot,esports:tournament:a9ca9e81-96f6-42b0-b6b2-2c9047987723,TeamRank,,211,0.4061075114543141,,0.40140515929378273,NS,esports:team:e37d5bda-ab1b-4d26-b887-51b882d6242b,Roster,PlayerDetails,2131,Geunwoo Park,https://factorassets.global.ssl.fastly.net/player-headshots/esports:player:ceeb0934-e3f8-4714-a88d-81b51435d866/latest.png,DnDn,esports:player:ceeb0934-e3f8-4714-a88d-81b51435d866,DnDn,esports:player:ceeb0934-e3f8-4714-a88d-81b51435d866,top,Roster,PlayerDetails,725,Hyeonseo Ahn,https://factorassets.global.ssl.fastly.net/player-headshots/esports:player:f02657d3-6ef0-423b-a315-7d97073b2c6e/latest.png,FIESTA,esports:player:f02657d3-6ef0-423b-a315-7d97073b2c6e,FIESTA,esports:player:f02657d3-6ef0-423b-a315-7d97073b2c6e,mid,Roster,PlayerDetails,2326,Yunsu Jeong,https://factorassets.global.ssl.fastly.net/player-headshots/esports:player:2aef3851-d45d-46a9-a4c6-42196f24f4fb/latest.png,Peter,esports:player:2aef3851-d45d-46a9-a4c6-42196f24f4fb,Peter,esports:player:2aef3851-d45d-46a9-a4c6-42196f24f4fb,sup,Roster,PlayerDetails,564,Seungbok Lee,https://factorassets.global.ssl.fastly.net/player-headshots/esports:player:dd1ae55f-4b35-46ec-a321-a5b99c587db2/latest.png,Sylvie,esports:player:dd1ae55f-4b35-46ec-a321-a5b99c587db2,Sylvie,esports:player:dd1ae55f-4b35-46ec-a321-a5b99c587db2,jng,Roster,PlayerDetails,1934,Ha In-seong,https://factorassets.global.ssl.fastly.net/player-headshots/esports:player:245ea5e4-178a-43d8-8e79-9863dffbae4a/latest.png,vital,esports:player:245ea5e4-178a-43d8-8e79-9863dffbae4a,vital,esports:player:245ea5e4-178a-43d8-8e79-9863dffbae4a,bot,PlayerDetails,2131,Geunwoo Park,https://factorassets.global.ssl.fastly.net/player-headshots/esports:player:ceeb0934-e3f8-4714-a88d-81b51435d866/latest.png,DnDn,esports:player:ceeb0934-e3f8-4714-a88d-81b51435d866,DnDn,esports:player:ceeb0934-e3f8-4714-a88d-81b51435d866,top,PlayerDetails,564,Seungbok Lee,https://factorassets.global.ssl.fastly.net/player-headshots/esports:player:dd1ae55f-4b35-46ec-a321-a5b99c587db2/latest.png,Sylvie,esports:player:dd1ae55f-4b35-46ec-a321-a5b99c587db2,Sylvie,esports:player:dd1ae55f-4b35-46ec-a321-a5b99c587db2,jng,PlayerDetails,725,Hyeonseo Ahn,https://factorassets.global.ssl.fastly.net/player-headshots/esports:player:f02657d3-6ef0-423b-a315-7d97073b2c6e/latest.png,FIESTA,esports:player:f02657d3-6ef0-423b-a315-7d97073b2c6e,FIESTA,esports:player:f02657d3-6ef0-423b-a315-7d97073b2c6e,mid,PlayerDetails,2326,Yunsu Jeong,https://factorassets.global.ssl.fastly.net/player-headshots/esports:player:2aef3851-d45d-46a9-a4c6-42196f24f4fb/latest.png,Peter,esports:player:2aef3851-d45d-46a9-a4c6-42196f24f4fb,Peter,esports:player:2aef3851-d45d-46a9-a4c6-42196f24f4fb,sup,PlayerDetails,1934,Ha In-seong,https://factorassets.global.ssl.fastly.net/player-headshots/esports:player:245ea5e4-178a-43d8-8e79-9863dffbae4a/latest.png,vital,esports:player:245ea5e4-178a-43d8-8e79-9863dffbae4a,vital,esports:player:245ea5e4-178a-43d8-8e79-9863dffbae4a,bot,TeamLogo,False,False,https://factorassets.global.ssl.fastly.net/teamlogo/esports:team:e37d5bda-ab1b-4d26-b887-51b882d6242b/latest.png,TeamStandings,8,10,esports:series:33bd4834-d2cc-4691-9a3a-7f535e937b19,TeamDetails,379,NONGSHIM REDFORCE,TeamLogo,False,False,https://factorassets.global.ssl.fastly.net/teamlogo/esports:team:e37d5bda-ab1b-4d26-b887-51b882d6242b/latest.png,esports:team:e37d5bda-ab1b-4d26-b887-51b882d6242b,esports:team:e37d5bda-ab1b-4d26-b887-51b882d6242b,TeamRank,0.40140515929378273,1,esports:team:e37d5bda-ab1b-4d26-b887-51b882d6242b,Tournament,Series,LCK,esports:series:33bd4834-d2cc-4691-9a3a-7f535e937b19,esports:tournament:013b428f-28ad-4f0b-afd8-c8e681b6a7d2,Tournament,Series,LCK,esports:series:33bd4834-d2cc-4691-9a3a-7f535e937b19,esports:tournament:694f844c-6808-4a68-8e75-04d7eb3694f2,Tournament,Series,LCK,esports:series:33bd4834-d2cc-4691-9a3a-7f535e937b19,esports:tournament:01307abb-dd00-42d9-bef1-f5491d5f1af2,TeamDetails,KT,98,KT Rolster,3,6,PlayerHistory,PlayerDetails,1783,Son Si-woo,https://factorassets.global.ssl.fastly.net/player-headshots/esports:player:8eef272a-3b8b-4ce2-97f8-5b859e92742a/latest.png,Lehends,esports:player:8eef272a-3b8b-4ce2-97f8-5b859e92742a,esports:player:8eef272a-3b8b-4ce2-97f8-5b859e92742a,sup,esports:tournament:013b428f-28ad-4f0b-afd8-c8e681b6a7d2,PlayerHistory,PlayerDetails,1667,Kim Gi-in,https://factorassets.global.ssl.fastly.net/player-headshots/esports:player:d5011a47-848f-4cd4-9639-79ea27826af9/latest.png,Kiin,esports:player:d5011a47-848f-4cd4-9639-79ea27826af9,esports:player:d5011a47-848f-4cd4-9639-79ea27826af9,top,esports:tournament:013b428f-28ad-4f0b-afd8-c8e681b6a7d2,PlayerHistory,PlayerDetails,547,Boseong Kwak,https://factorassets.global.ssl.fastly.net/player-headshots/esports:player:3d181a7e-d61c-4502-ab3f-ce3e769ec3fb/latest.png,Bdd,esports:player:3d181a7e-d61c-4502-ab3f-ce3e769ec3fb,esports:player:3d181a7e-d61c-4502-ab3f-ce3e769ec3fb,mid,esports:tournament:013b428f-28ad-4f0b-afd8-c8e681b6a7d2,PlayerHistory,PlayerDetails,1390,,https://factorassets.global.ssl.fastly.net/player-headshots/esports:player:9431abf3-e749-4c2a-b609-63de45e32d8f/latest.png,Cuzz,esports:player:9431abf3-e749-4c2a-b609-63de45e32d8f,esports:player:9431abf3-e749-4c2a-b609-63de45e32d8f,jng,esports:tournament:013b428f-28ad-4f0b-afd8-c8e681b6a7d2,PlayerHistory,PlayerDetails,61,,https://factorassets.global.ssl.fastly.net/player-headshots/esports:player:fb58442c-09af-4999-8a23-15e7b3785c83/latest.png,Aiming,esports:player:fb58442c-09af-4999-8a23-15e7b3785c83,esports:player:fb58442c-09af-4999-8a23-15e7b3785c83,bot,esports:tournament:013b428f-28ad-4f0b-afd8-c8e681b6a7d2,PlayerHistory,PlayerDetails,1176,,https://factorassets.global.ssl.fastly.net/player-headshots/esports:player:6be2b868-0685-425b-87cc-f0b326c583d1/latest.png,Vicla,esports:player:6be2b868-0685-425b-87cc-f0b326c583d1,esports:player:6be2b868-0685-425b-87cc-f0b326c583d1,mid,esports:tournament:79e0adab-3fa8-42e1-9c59-a95d91863f6f,PlayerHistory,PlayerDetails,1390,,https://factorassets.global.ssl.fastly.net/player-headshots/esports:player:9431abf3-e749-4c2a-b609-63de45e32d8f/latest.png,Cuzz,esports:player:9431abf3-e749-4c2a-b609-63de45e32d8f,esports:player:9431abf3-e749-4c2a-b609-63de45e32d8f,jng,esports:tournament:79e0adab-3fa8-42e1-9c59-a95d91863f6f,PlayerHistory,PlayerDetails,1304,,https://factorassets.global.ssl.fastly.net/player-headshots/esports:player:e7c189f8-641b-461d-8702-fb5544136e0f/latest.png,Life,esports:player:e7c189f8-641b-461d-8702-fb5544136e0f,esports:player:e7c189f8-641b-461d-8702-fb5544136e0f,sup,esports:tournament:79e0adab-3fa8-42e1-9c59-a95d91863f6f,PlayerHistory,PlayerDetails,843,,https://factorassets.global.ssl.fastly.net/player-headshots/esports:player:b4c4e1e1-2282-4040-a3f1-3b697a0ebf29/latest.png,Rascal,esports:player:b4c4e1e1-2282-4040-a3f1-3b697a0ebf29,esports:player:b4c4e1e1-2282-4040-a3f1-3b697a0ebf29,top,esports:tournament:79e0adab-3fa8-42e1-9c59-a95d91863f6f,PlayerHistory,PlayerDetails,61,,https://factorassets.global.ssl.fastly.net/player-headshots/esports:player:fb58442c-09af-4999-8a23-15e7b3785c83/latest.png,Aiming,esports:player:fb58442c-09af-4999-8a23-15e7b3785c83,esports:player:fb58442c-09af-4999-8a23-15e7b3785c83,bot,esports:tournament:79e0adab-3fa8-42e1-9c59-a95d91863f6f,PlayerHistory,PlayerDetails,384,Gaeul Lee,https://factorassets.global.ssl.fastly.net/player-headshots/esports:player:714f82fc-5ff4-40ee-9118-55f6ab1d793d/latest.png,Aria,esports:player:714f82fc-5ff4-40ee-9118-55f6ab1d793d,esports:player:714f82fc-5ff4-40ee-9118-55f6ab1d793d,mid,esports:tournament:694f844c-6808-4a68-8e75-04d7eb3694f2,PlayerHistory,PlayerDetails,1176,,https://factorassets.global.ssl.fastly.net/player-headshots/esports:player:6be2b868-0685-425b-87cc-f0b326c583d1/latest.png,Vicla,esports:player:6be2b868-0685-425b-87cc-f0b326c583d1,esports:player:6be2b868-0685-425b-87cc-f0b326c583d1,mid,esports:tournament:694f844c-6808-4a68-8e75-04d7eb3694f2,PlayerHistory,PlayerDetails,61,,https://factorassets.global.ssl.fastly.net/player-headshots/esports:player:fb58442c-09af-4999-8a23-15e7b3785c83/latest.png,Aiming,esports:player:fb58442c-09af-4999-8a23-15e7b3785c83,esports:player:fb58442c-09af-4999-8a23-15e7b3785c83,bot,esports:tournament:694f844c-6808-4a68-8e75-04d7eb3694f2,PlayerHistory,PlayerDetails,1304,,https://factorassets.global.ssl.fastly.net/player-headshots/esports:player:e7c189f8-641b-461d-8702-fb5544136e0f/latest.png,Life,esports:player:e7c189f8-641b-461d-8702-fb5544136e0f,esports:player:e7c189f8-641b-461d-8702-fb5544136e0f,sup,esports:tournament:694f844c-6808-4a68-8e75-04d7eb3694f2,PlayerHistory,PlayerDetails,843,,https://factorassets.global.ssl.fastly.net/player-headshots/esports:player:b4c4e1e1-2282-4040-a3f1-3b697a0ebf29/latest.png,Rascal,esports:player:b4c4e1e1-2282-4040-a3f1-3b697a0ebf29,esports:player:b4c4e1e1-2282-4040-a3f1-3b697a0ebf29,top,esports:tournament:694f844c-6808-4a68-8e75-04d7eb3694f2,PlayerHistory,PlayerDetails,1390,,https://factorassets.global.ssl.fastly.net/player-headshots/esports:player:9431abf3-e749-4c2a-b609-63de45e32d8f/latest.png,Cuzz,esports:player:9431abf3-e749-4c2a-b609-63de45e32d8f,esports:player:9431abf3-e749-4c2a-b609-63de45e32d8f,jng,esports:tournament:694f844c-6808-4a68-8e75-04d7eb3694f2,PlayerHistory,PlayerDetails,1176,,https://factorassets.global.ssl.fastly.net/player-headshots/esports:player:6be2b868-0685-425b-87cc-f0b326c583d1/latest.png,Vicla,esports:player:6be2b868-0685-425b-87cc-f0b326c583d1,esports:player:6be2b868-0685-425b-87cc-f0b326c583d1,mid,esports:tournament:01307abb-dd00-42d9-bef1-f5491d5f1af2,PlayerHistory,PlayerDetails,1304,,https://factorassets.global.ssl.fastly.net/player-headshots/esports:player:e7c189f8-641b-461d-8702-fb5544136e0f/latest.png,Life,esports:player:e7c189f8-641b-461d-8702-fb5544136e0f,esports:player:e7c189f8-641b-461d-8702-fb5544136e0f,sup,esports:tournament:01307abb-dd00-42d9-bef1-f5491d5f1af2,PlayerHistory,PlayerDetails,599,Minseong Kim,https://factorassets.global.ssl.fastly.net/player-headshots/esports:player:370bd418-6441-4441-a3c2-eed14350301f/latest.png,GIDEON,esports:player:370bd418-6441-4441-a3c2-eed14350301f,esports:player:370bd418-6441-4441-a3c2-eed14350301f,jng,esports:tournament:01307abb-dd00-42d9-bef1-f5491d5f1af2,PlayerHistory,PlayerDetails,843,,https://factorassets.global.ssl.fastly.net/player-headshots/esports:player:b4c4e1e1-2282-4040-a3f1-3b697a0ebf29/latest.png,Rascal,esports:player:b4c4e1e1-2282-4040-a3f1-3b697a0ebf29,esports:player:b4c4e1e1-2282-4040-a3f1-3b697a0ebf29,top,esports:tournament:01307abb-dd00-42d9-bef1-f5491d5f1af2,PlayerHistory,PlayerDetails,1390,,https://factorassets.global.ssl.fastly.net/player-headshots/esports:player:9431abf3-e749-4c2a-b609-63de45e32d8f/latest.png,Cuzz,esports:player:9431abf3-e749-4c2a-b609-63de45e32d8f,esports:player:9431abf3-e749-4c2a-b609-63de45e32d8f,jng,esports:tournament:01307abb-dd00-42d9-bef1-f5491d5f1af2,PlayerHistory,PlayerDetails,384,Gaeul Lee,https://factorassets.global.ssl.fastly.net/player-headshots/esports:player:714f82fc-5ff4-40ee-9118-55f6ab1d793d/latest.png,Aria,esports:player:714f82fc-5ff4-40ee-9118-55f6ab1d793d,esports:player:714f82fc-5ff4-40ee-9118-55f6ab1d793d,mid,esports:tournament:01307abb-dd00-42d9-bef1-f5491d5f1af2,PlayerHistory,PlayerDetails,61,,https://factorassets.global.ssl.fastly.net/player-headshots/esports:player:fb58442c-09af-4999-8a23-15e7b3785c83/latest.png,Aiming,esports:player:fb58442c-09af-4999-8a23-15e7b3785c83,esports:player:fb58442c-09af-4999-8a23-15e7b3785c83,bot,esports:tournament:01307abb-dd00-42d9-bef1-f5491d5f1af2,PlayerHistory,PlayerDetails,1629,Hyuntaek O,https://factorassets.global.ssl.fastly.net/player-headshots/esports:player:0157abf2-ace8-485a-bcda-2a2182ba91a5/latest.png,Noah,esports:player:0157abf2-ace8-485a-bcda-2a2182ba91a5,esports:player:0157abf2-ace8-485a-bcda-2a2182ba91a5,bot,esports:tournament:27b72dff-b55c-4046-b2fd-c9463463efdb,PlayerHistory,PlayerDetails,599,Minseong Kim,https://factorassets.global.ssl.fastly.net/player-headshots/esports:player:370bd418-6441-4441-a3c2-eed14350301f/latest.png,GIDEON,esports:player:370bd418-6441-4441-a3c2-eed14350301f,esports:player:370bd418-6441-4441-a3c2-eed14350301f,jng,esports:tournament:27b72dff-b55c-4046-b2fd-c9463463efdb,PlayerHistory,PlayerDetails,1645,Woo-hyeon Son,https://factorassets.global.ssl.fastly.net/player-headshots/default.png,UcaL,esports:player:3718c42f-da6e-4e66-b621-6c3606813d68,esports:player:3718c42f-da6e-4e66-b621-6c3606813d68,mid,esports:tournament:27b72dff-b55c-4046-b2fd-c9463463efdb,PlayerHistory,PlayerDetails,1017,Jeonghyeon Park,https://factorassets.global.ssl.fastly.net/player-headshots/esports:player:5737dd33-b1a7-4cb4-a9f4-e5a7f2570e45/latest.png,5kid,esports:player:5737dd33-b1a7-4cb4-a9f4-e5a7f2570e45,esports:player:5737dd33-b1a7-4cb4-a9f4-e5a7f2570e45,bot,esports:tournament:27b72dff-b55c-4046-b2fd-c9463463efdb,PlayerHistory,PlayerDetails,517,Jiyoong Lee,https://factorassets.global.ssl.fastly.net/player-headshots/esports:player:6643cb7c-e64e-40c5-9656-8d4945f210a8/latest.png,Harp,esports:player:6643cb7c-e64e-40c5-9656-8d4945f210a8,esports:player:6643cb7c-e64e-40c5-9656-8d4945f210a8,sup,esports:tournament:27b72dff-b55c-4046-b2fd-c9463463efdb,PlayerHistory,PlayerDetails,674,Sungu Kang,https://factorassets.global.ssl.fastly.net/player-headshots/esports:player:6d4516f5-15ea-45f4-ab7c-369526484158/latest.png,Blank,esports:player:6d4516f5-15ea-45f4-ab7c-369526484158,esports:player:6d4516f5-15ea-45f4-ab7c-369526484158,jng,esports:tournament:27b72dff-b55c-4046-b2fd-c9463463efdb,PlayerHistory,PlayerDetails,1727,,https://factorassets.global.ssl.fastly.net/player-headshots/esports:player:b71e8973-c7c5-4fba-bfc5-1f0ff6a5e211/latest.png,Dove,esports:player:b71e8973-c7c5-4fba-bfc5-1f0ff6a5e211,esports:player:b71e8973-c7c5-4fba-bfc5-1f0ff6a5e211,mid,esports:tournament:27b72dff-b55c-4046-b2fd-c9463463efdb,PlayerHistory,PlayerDetails,3346,Joon-soo Jang,https://factorassets.global.ssl.fastly.net/player-headshots/esports:player:e2112fc3-56cb-46c5-ae48-c97cab05e34e/latest.png,Zzus,esports:player:e2112fc3-56cb-46c5-ae48-c97cab05e34e,esports:player:e2112fc3-56cb-46c5-ae48-c97cab05e34e,sup,esports:tournament:27b72dff-b55c-4046-b2fd-c9463463efdb,PlayerHistory,PlayerDetails,172,Hyeonjun Choi,https://factorassets.global.ssl.fastly.net/player-headshots/esports:player:ea464440-4d40-4934-bb3f-492f96982143/latest.png,Doran,esports:player:ea464440-4d40-4934-bb3f-492f96982143,esports:player:ea464440-4d40-4934-bb3f-492f96982143,top,esports:tournament:27b72dff-b55c-4046-b2fd-c9463463efdb,PlayerHistory,PlayerDetails,3346,Joon-soo Jang,https://factorassets.global.ssl.fastly.net/player-headshots/esports:player:e2112fc3-56cb-46c5-ae48-c97cab05e34e/latest.png,Zzus,esports:player:e2112fc3-56cb-46c5-ae48-c97cab05e34e,esports:player:e2112fc3-56cb-46c5-ae48-c97cab05e34e,sup,esports:tournament:8a00b0e7-8146-419e-85d6-1e253116d70b,PlayerHistory,PlayerDetails,2606,Brynjar Ólafsson,https://factorassets.global.ssl.fastly.net/player-headshots/esports:player:a731c7d4-bb16-4458-adb8-2b4dfa336745/latest.png,Bonni,esports:player:a731c7d4-bb16-4458-adb8-2b4dfa336745,esports:player:a731c7d4-bb16-4458-adb8-2b4dfa336745,jng,esports:tournament:8a00b0e7-8146-419e-85d6-1e253116d70b,PlayerHistory,PlayerDetails,1645,Woo-hyeon Son,https://factorassets.global.ssl.fastly.net/player-headshots/default.png,UcaL,esports:player:3718c42f-da6e-4e66-b621-6c3606813d68,esports:player:3718c42f-da6e-4e66-b621-6c3606813d68,mid,esports:tournament:8a00b0e7-8146-419e-85d6-1e253116d70b,PlayerHistory,PlayerDetails,172,Hyeonjun Choi,https://factorassets.global.ssl.fastly.net/player-headshots/esports:player:ea464440-4d40-4934-bb3f-492f96982143/latest.png,Doran,esports:player:ea464440-4d40-4934-bb3f-492f96982143,esports:player:ea464440-4d40-4934-bb3f-492f96982143,jng,esports:tournament:8a00b0e7-8146-419e-85d6-1e253116d70b,PlayerHistory,PlayerDetails,1629,Hyuntaek O,https://factorassets.global.ssl.fastly.net/player-headshots/esports:player:0157abf2-ace8-485a-bcda-2a2182ba91a5/latest.png,Noah,esports:player:0157abf2-ace8-485a-bcda-2a2182ba91a5,esports:player:0157abf2-ace8-485a-bcda-2a2182ba91a5,bot,esports:tournament:8a00b0e7-8146-419e-85d6-1e253116d70b,PlayerHistory,PlayerDetails,3902,Woojin Lee,https://factorassets.global.ssl.fastly.net/player-headshots/default.png,HyBrid,esports:player:d6a5cc34-4dd5-466b-ad9e-c12bf41e36a1,esports:player:d6a5cc34-4dd5-466b-ad9e-c12bf41e36a1,bot,esports:tournament:8a00b0e7-8146-419e-85d6-1e253116d70b,PlayerHistory,PlayerDetails,674,Sungu Kang,https://factorassets.global.ssl.fastly.net/player-headshots/esports:player:6d4516f5-15ea-45f4-ab7c-369526484158/latest.png,Blank,esports:player:6d4516f5-15ea-45f4-ab7c-369526484158,esports:player:6d4516f5-15ea-45f4-ab7c-369526484158,jng,esports:tournament:8a00b0e7-8146-419e-85d6-1e253116d70b,PlayerHistory,PlayerDetails,1727,,https://factorassets.global.ssl.fastly.net/player-headshots/esports:player:b71e8973-c7c5-4fba-bfc5-1f0ff6a5e211/latest.png,Dove,esports:player:b71e8973-c7c5-4fba-bfc5-1f0ff6a5e211,esports:player:b71e8973-c7c5-4fba-bfc5-1f0ff6a5e211,mid,esports:tournament:8a00b0e7-8146-419e-85d6-1e253116d70b,PlayerHistory,PlayerDetails,599,Minseong Kim,https://factorassets.global.ssl.fastly.net/player-headshots/esports:player:370bd418-6441-4441-a3c2-eed14350301f/latest.png,GIDEON,esports:player:370bd418-6441-4441-a3c2-eed14350301f,esports:player:370bd418-6441-4441-a3c2-eed14350301f,top,esports:tournament:8a00b0e7-8146-419e-85d6-1e253116d70b,PlayerHistory,PlayerDetails,547,Boseong Kwak,https://factorassets.global.ssl.fastly.net/player-headshots/esports:player:3d181a7e-d61c-4502-ab3f-ce3e769ec3fb/latest.png,Bdd,esports:player:3d181a7e-d61c-4502-ab3f-ce3e769ec3fb,esports:player:3d181a7e-d61c-4502-ab3f-ce3e769ec3fb,mid,esports:tournament:a9ca9e81-96f6-42b0-b6b2-2c9047987723,PlayerHistory,PlayerDetails,843,,https://factorassets.global.ssl.fastly.net/player-headshots/esports:player:b4c4e1e1-2282-4040-a3f1-3b697a0ebf29/latest.png,Rascal,esports:player:b4c4e1e1-2282-4040-a3f1-3b697a0ebf29,esports:player:b4c4e1e1-2282-4040-a3f1-3b697a0ebf29,top,esports:tournament:a9ca9e81-96f6-42b0-b6b2-2c9047987723,PlayerHistory,,esports:player:b52c7664-19a5-472f-837e-cbaa5799aa6c,jng,esports:tournament:a9ca9e81-96f6-42b0-b6b2-2c9047987723,PlayerHistory,PlayerDetails,147,,https://factorassets.global.ssl.fastly.net/player-headshots/esports:player:033d3538-f1b4-41b1-8f84-52672eb2440c/latest.png,Canyon,esports:player:033d3538-f1b4-41b1-8f84-52672eb2440c,esports:player:033d3538-f1b4-41b1-8f84-52672eb2440c,jng,esports:tournament:a9ca9e81-96f6-42b0-b6b2-2c9047987723,PlayerHistory,PlayerDetails,1727,,https://factorassets.global.ssl.fastly.net/player-headshots/esports:player:b71e8973-c7c5-4fba-bfc5-1f0ff6a5e211/latest.png,Dove,esports:player:b71e8973-c7c5-4fba-bfc5-1f0ff6a5e211,esports:player:b71e8973-c7c5-4fba-bfc5-1f0ff6a5e211,mid,esports:tournament:a9ca9e81-96f6-42b0-b6b2-2c9047987723,PlayerHistory,PlayerDetails,1738,Jiwon Jeon,https://factorassets.global.ssl.fastly.net/player-headshots/default.png,Ray,esports:player:c06efaef-496e-4502-81bc-28cb5c9cae1c,esports:player:c06efaef-496e-4502-81bc-28cb5c9cae1c,top,esports:tournament:a9ca9e81-96f6-42b0-b6b2-2c9047987723,PlayerHistory,,esports:player:c32f0427-32d9-4cef-a1b0-07d2ff76fa5a,sup,esports:tournament:a9ca9e81-96f6-42b0-b6b2-2c9047987723,PlayerHistory,,esports:player:c582ebb6-42b8-4595-bc49-8427efe78b71,sup,esports:tournament:a9ca9e81-96f6-42b0-b6b2-2c9047987723,PlayerHistory,PlayerDetails,722,Sangho Lee,https://factorassets.global.ssl.fastly.net/player-headshots/esports:player:c791c20b-dbd7-4a91-9b49-2e4c72454d2f/latest.png,Effort,esports:player:c791c20b-dbd7-4a91-9b49-2e4c72454d2f,esports:player:c791c20b-dbd7-4a91-9b49-2e4c72454d2f,sup,esports:tournament:a9ca9e81-96f6-42b0-b6b2-2c9047987723,PlayerHistory,PlayerDetails,1645,Woo-hyeon Son,https://factorassets.global.ssl.fastly.net/player-headshots/default.png,UcaL,esports:player:3718c42f-da6e-4e66-b621-6c3606813d68,esports:player:3718c42f-da6e-4e66-b621-6c3606813d68,mid,esports:tournament:a9ca9e81-96f6-42b0-b6b2-2c9047987723,PlayerHistory,,esports:player:cc17c8fa-4601-4e6a-8666-cf1085754d7b,mid,esports:tournament:a9ca9e81-96f6-42b0-b6b2-2c9047987723,PlayerHistory,PlayerDetails,1033,,https://factorassets.global.ssl.fastly.net/player-headshots/esports:player:cd63b381-6290-4abd-813b-400acc839da3/latest.png,Kellin,esports:player:cd63b381-6290-4abd-813b-400acc839da3,esports:player:cd63b381-6290-4abd-813b-400acc839da3,sup,esports:tournament:a9ca9e81-96f6-42b0-b6b2-2c9047987723,PlayerHistory,,esports:player:36e0ff24-4f6f-4fae-8556-c2b0dfa0ebf8,jng,esports:tournament:a9ca9e81-96f6-42b0-b6b2-2c9047987723,PlayerHistory,PlayerDetails,2015,Juncheol Kim,https://factorassets.global.ssl.fastly.net/player-headshots/esports:player:d3b12202-f169-4181-ba2a-d74446272fef/latest.png,Keine,esports:player:d3b12202-f169-4181-ba2a-d74446272fef,esports:player:d3b12202-f169-4181-ba2a-d74446272fef,mid,esports:tournament:a9ca9e81-96f6-42b0-b6b2-2c9047987723,PlayerHistory,PlayerDetails,2227,Jinsung Park,https://factorassets.global.ssl.fastly.net/player-headshots/esports:player:d4356716-5d7c-49f7-b189-3f8f46725768/latest.png,Teddy,esports:player:d4356716-5d7c-49f7-b189-3f8f46725768,esports:player:d4356716-5d7c-49f7-b189-3f8f46725768,bot,esports:tournament:a9ca9e81-96f6-42b0-b6b2-2c9047987723,PlayerHistory,PlayerDetails,1667,Kim Gi-in,https://factorassets.global.ssl.fastly.net/player-headshots/esports:player:d5011a47-848f-4cd4-9639-79ea27826af9/latest.png,Kiin,esports:player:d5011a47-848f-4cd4-9639-79ea27826af9,esports:player:d5011a47-848f-4cd4-9639-79ea27826af9,top,esports:tournament:a9ca9e81-96f6-42b0-b6b2-2c9047987723,PlayerHistory,PlayerDetails,3902,Woojin Lee,https://factorassets.global.ssl.fastly.net/player-headshots/default.png,HyBrid,esports:player:d6a5cc34-4dd5-466b-ad9e-c12bf41e36a1,esports:player:d6a5cc34-4dd5-466b-ad9e-c12bf41e36a1,bot,esports:tournament:a9ca9e81-96f6-42b0-b6b2-2c9047987723,PlayerHistory,PlayerDetails,2886,Kiseon Park,https://factorassets.global.ssl.fastly.net/player-headshots/esports:player:d918440a-21b2-474d-923c-120eb658127f/latest.png,Secret,esports:player:d918440a-21b2-474d-923c-120eb658127f,esports:player:d918440a-21b2-474d-923c-120eb658127f,sup,esports:tournament:a9ca9e81-96f6-42b0-b6b2-2c9047987723,PlayerHistory,,esports:player:da6eafa7-5281-4a25-bf5d-7f4e93659e58,sup,esports:tournament:a9ca9e81-96f6-42b0-b6b2-2c9047987723,PlayerHistory,PlayerDetails,2530,Wootae Park,https://factorassets.global.ssl.fastly.net/player-headshots/esports:player:db3c8a17-e8a4-44f3-a29e-48b72bedb938/latest.png,Summit,esports:player:db3c8a17-e8a4-44f3-a29e-48b72bedb938,esports:player:db3c8a17-e8a4-44f3-a29e-48b72bedb938,top,esports:tournament:a9ca9e81-96f6-42b0-b6b2-2c9047987723,PlayerHistory,,esports:player:35e41255-26c6-43a1-abfe-e0c6c439f618,bot,esports:tournament:a9ca9e81-96f6-42b0-b6b2-2c9047987723,PlayerHistory,,esports:player:e3b355dd-d69f-4677-9c16-44287c5f4476,top,esports:tournament:a9ca9e81-96f6-42b0-b6b2-2c9047987723,PlayerHistory,PlayerDetails,3327,Geun-seong Kim,https://factorassets.global.ssl.fastly.net/player-headshots/esports:player:359eafd1-e3b2-4fe7-a343-ec8d0e1e3ec7/latest.png,Malrang,esports:player:359eafd1-e3b2-4fe7-a343-ec8d0e1e3ec7,esports:player:359eafd1-e3b2-4fe7-a343-ec8d0e1e3ec7,jng,esports:tournament:a9ca9e81-96f6-42b0-b6b2-2c9047987723,PlayerHistory,PlayerDetails,81,Jihun Jung,https://factorassets.global.ssl.fastly.net/player-headshots/esports:player:2facf9f0-9280-4ed3-8860-aa38626377a4/latest.png,Chovy,esports:player:2facf9f0-9280-4ed3-8860-aa38626377a4,esports:player:2facf9f0-9280-4ed3-8860-aa38626377a4,top,esports:tournament:a9ca9e81-96f6-42b0-b6b2-2c9047987723,PlayerHistory,PlayerDetails,2016,Kim Chang-dong,https://factorassets.global.ssl.fastly.net/player-headshots/esports:player:eda21e1a-c1b8-4467-956b-63e50ed0c50a/latest.png,Canna,esports:player:eda21e1a-c1b8-4467-956b-63e50ed0c50a,esports:player:eda21e1a-c1b8-4467-956b-63e50ed0c50a,top,esports:tournament:a9ca9e81-96f6-42b0-b6b2-2c9047987723,PlayerHistory,PlayerDetails,163,,https://factorassets.global.ssl.fastly.net/player-headshots/esports:player:2e29e3a8-2bbc-4a76-823a-d855bac537db/latest.png,ShowMaker,esports:player:2e29e3a8-2bbc-4a76-823a-d855bac537db,esports:player:2e29e3a8-2bbc-4a76-823a-d855bac537db,mid,esports:tournament:a9ca9e81-96f6-42b0-b6b2-2c9047987723,PlayerHistory,,esports:player:280fac27-cccf-4990-a3bf-6edac8b32ddb,top,esports:tournament:a9ca9e81-96f6-42b0-b6b2-2c9047987723,PlayerHistory,PlayerDetails,1164,Jaehyeok Park,https://factorassets.global.ssl.fastly.net/player-headshots/esports:player:f4acf2da-43fa-4935-9352-4218751bf39d/latest.png,Ruler,esports:player:f4acf2da-43fa-4935-9352-4218751bf39d,esports:player:f4acf2da-43fa-4935-9352-4218751bf39d,bot,esports:tournament:a9ca9e81-96f6-42b0-b6b2-2c9047987723,PlayerHistory,PlayerDetails,1786,Youngjun Song,https://factorassets.global.ssl.fastly.net/player-headshots/esports:player:f51a8185-66fd-441a-bf21-4d2589fb4bff/latest.png,Fly,esports:player:f51a8185-66fd-441a-bf21-4d2589fb4bff,esports:player:f51a8185-66fd-441a-bf21-4d2589fb4bff,mid,esports:tournament:a9ca9e81-96f6-42b0-b6b2-2c9047987723,PlayerHistory,PlayerDetails,807,Taemin Kim,https://factorassets.global.ssl.fastly.net/player-headshots/esports:player:f717af45-66be-47a6-bf78-ae696599effc/latest.png,Clid,esports:player:f717af45-66be-47a6-bf78-ae696599effc,esports:player:f717af45-66be-47a6-bf78-ae696599effc,jng,esports:tournament:a9ca9e81-96f6-42b0-b6b2-2c9047987723,PlayerHistory,PlayerDetails,2544,Sanghyeon Jeong,https://factorassets.global.ssl.fastly.net/player-headshots/esports:player:f7ea4749-521d-4408-9b34-23ddf27ded2b/latest.png,Kabbie,esports:player:f7ea4749-521d-4408-9b34-23ddf27ded2b,esports:player:f7ea4749-521d-4408-9b34-23ddf27ded2b,sup,esports:tournament:a9ca9e81-96f6-42b0-b6b2-2c9047987723,PlayerHistory,PlayerDetails,1127,Minseok Ryu,https://factorassets.global.ssl.fastly.net/player-headshots/esports:player:256c1d2e-bcd3-4ee3-b60f-c52aff1cbf2c/latest.png,Keria,esports:player:256c1d2e-bcd3-4ee3-b60f-c52aff1cbf2c,esports:player:256c1d2e-bcd3-4ee3-b60f-c52aff1cbf2c,sup,esports:tournament:a9ca9e81-96f6-42b0-b6b2-2c9047987723,PlayerHistory,PlayerDetails,61,,https://factorassets.global.ssl.fastly.net/player-headshots/esports:player:fb58442c-09af-4999-8a23-15e7b3785c83/latest.png,Aiming,esports:player:fb58442c-09af-4999-8a23-15e7b3785c83,esports:player:fb58442c-09af-4999-8a23-15e7b3785c83,bot,esports:tournament:a9ca9e81-96f6-42b0-b6b2-2c9047987723,PlayerHistory,PlayerDetails,1022,,https://factorassets.global.ssl.fastly.net/player-headshots/esports:player:fd2b4f93-4762-4d3f-a9af-b9b8aabf374a/latest.png,Tarzan,esports:player:fd2b4f93-4762-4d3f-a9af-b9b8aabf374a,esports:player:fd2b4f93-4762-4d3f-a9af-b9b8aabf374a,jng,esports:tournament:a9ca9e81-96f6-42b0-b6b2-2c9047987723,PlayerHistory,PlayerDetails,1604,Hyo-seong Oh,https://factorassets.global.ssl.fastly.net/player-headshots/esports:player:fdb49641-e25b-4afc-abab-5d7ee5bd8245/latest.png,Vsta,esports:player:fdb49641-e25b-4afc-abab-5d7ee5bd8245,esports:player:fdb49641-e25b-4afc-abab-5d7ee5bd8245,bot,esports:tournament:a9ca9e81-96f6-42b0-b6b2-2c9047987723,PlayerHistory,PlayerDetails,2988,,https://factorassets.global.ssl.fastly.net/player-headshots/esports:player:187215b9-bba2-4a84-bc99-76fb56afdfbd/latest.png,SOLKA,esports:player:187215b9-bba2-4a84-bc99-76fb56afdfbd,esports:player:187215b9-bba2-4a84-bc99-76fb56afdfbd,mid,esports:tournament:a9ca9e81-96f6-42b0-b6b2-2c9047987723,PlayerHistory,PlayerDetails,2050,Seongjun Jin,https://factorassets.global.ssl.fastly.net/player-headshots/default.png,Mystic,esports:player:0d4d2655-9b3b-49f8-a143-fbd20a7b1b36,esports:player:0d4d2655-9b3b-49f8-a143-fbd20a7b1b36,bot,esports:tournament:a9ca9e81-96f6-42b0-b6b2-2c9047987723,PlayerHistory,,esports:player:0af3ad3c-922f-4b4f-8fb1-8e1ac7768478,top,esports:tournament:a9ca9e81-96f6-42b0-b6b2-2c9047987723,PlayerHistory,PlayerDetails,2687,,https://factorassets.global.ssl.fastly.net/player-headshots/esports:player:6863fb15-a6dc-4705-b539-b4a294d197e1/latest.png,Pyosik,esports:player:6863fb15-a6dc-4705-b539-b4a294d197e1,esports:player:6863fb15-a6dc-4705-b539-b4a294d197e1,jng,esports:tournament:a9ca9e81-96f6-42b0-b6b2-2c9047987723,PlayerHistory,PlayerDetails,2525,Janggyeom Kim,https://factorassets.global.ssl.fastly.net/player-headshots/esports:player:583e2993-02be-44cd-a8b4-a1abac43847a/latest.png,OnFleek,esports:player:583e2993-02be-44cd-a8b4-a1abac43847a,esports:player:583e2993-02be-44cd-a8b4-a1abac43847a,jng,esports:tournament:a9ca9e81-96f6-42b0-b6b2-2c9047987723,PlayerHistory,,esports:player:6717a74f-7324-4fb8-812a-7090a7e19183,top,esports:tournament:a9ca9e81-96f6-42b0-b6b2-2c9047987723,PlayerHistory,PlayerDetails,2176,,https://factorassets.global.ssl.fastly.net/player-headshots/esports:player:79d4cb9e-9dac-4b2d-8be0-91961fc7b5a7/latest.png,Nuguri,esports:player:79d4cb9e-9dac-4b2d-8be0-91961fc7b5a7,esports:player:79d4cb9e-9dac-4b2d-8be0-91961fc7b5a7,top,esports:tournament:a9ca9e81-96f6-42b0-b6b2-2c9047987723,PlayerHistory,PlayerDetails,942,Sanghyeok Lee,https://factorassets.global.ssl.fastly.net/player-headshots/esports:player:7cefb60b-0709-4d18-a682-efc4a999d3e4/latest.png,Faker,esports:player:7cefb60b-0709-4d18-a682-efc4a999d3e4,esports:player:7cefb60b-0709-4d18-a682-efc4a999d3e4,mid,esports:tournament:a9ca9e81-96f6-42b0-b6b2-2c9047987723,PlayerHistory,,esports:player:7ea6db4c-25f5-4996-a574-e132ae512559,jng,esports:tournament:a9ca9e81-96f6-42b0-b6b2-2c9047987723,PlayerHistory,PlayerDetails,33,Do-hyeon Park,https://factorassets.global.ssl.fastly.net/player-headshots/default.png,Viper,esports:player:55ecb0b5-6a9f-4044-bbb6-4a298c92b788,esports:player:55ecb0b5-6a9f-4044-bbb6-4a298c92b788,bot,esports:tournament:a9ca9e81-96f6-42b0-b6b2-2c9047987723,PlayerHistory,PlayerDetails,153,,https://factorassets.global.ssl.fastly.net/player-headshots/esports:player:49525761-2dbf-4002-93d6-31d5adad37a4/latest.png,Deft,esports:player:49525761-2dbf-4002-93d6-31d5adad37a4,esports:player:49525761-2dbf-4002-93d6-31d5adad37a4,bot,esports:tournament:a9ca9e81-96f6-42b0-b6b2-2c9047987723,PlayerHistory,PlayerDetails,417,Hosung Ryu,https://factorassets.global.ssl.fastly.net/player-headshots/esports:player:8d1957f5-bc94-4334-b1fd-089be5265135/latest.png,Hoit,esports:player:8d1957f5-bc94-4334-b1fd-089be5265135,esports:player:8d1957f5-bc94-4334-b1fd-089be5265135,sup,esports:tournament:a9ca9e81-96f6-42b0-b6b2-2c9047987723,PlayerHistory,PlayerDetails,1751,Han Gyeo-re,https://factorassets.global.ssl.fastly.net/player-headshots/esports:player:8d6f5aff-c66b-4b88-89a3-fc3727f9f5f3/latest.png,Leo,esports:player:8d6f5aff-c66b-4b88-89a3-fc3727f9f5f3,esports:player:8d6f5aff-c66b-4b88-89a3-fc3727f9f5f3,bot,esports:tournament:a9ca9e81-96f6-42b0-b6b2-2c9047987723,PlayerHistory,PlayerDetails,1783,Son Si-woo,https://factorassets.global.ssl.fastly.net/player-headshots/esports:player:8eef272a-3b8b-4ce2-97f8-5b859e92742a/latest.png,Lehends,esports:player:8eef272a-3b8b-4ce2-97f8-5b859e92742a,esports:player:8eef272a-3b8b-4ce2-97f8-5b859e92742a,sup,esports:tournament:a9ca9e81-96f6-42b0-b6b2-2c9047987723,PlayerHistory,,esports:player:91397bd4-57b7-4f0d-86d5-88d764030395,mid,esports:tournament:a9ca9e81-96f6-42b0-b6b2-2c9047987723,PlayerHistory,,esports:player:403a8754-6aa1-4a2e-9346-871e2f9aa71b,top,esports:tournament:a9ca9e81-96f6-42b0-b6b2-2c9047987723,PlayerHistory,PlayerDetails,1390,,https://factorassets.global.ssl.fastly.net/player-headshots/esports:player:9431abf3-e749-4c2a-b609-63de45e32d8f/latest.png,Cuzz,esports:player:9431abf3-e749-4c2a-b609-63de45e32d8f,esports:player:9431abf3-e749-4c2a-b609-63de45e32d8f,jng,esports:tournament:a9ca9e81-96f6-42b0-b6b2-2c9047987723,PlayerHistory,PlayerDetails,1467,Yeonjoon Sung,https://factorassets.global.ssl.fastly.net/player-headshots/default.png,Flawless,esports:player:95e7f190-564b-461b-9781-ce2a0d28ad4a,esports:player:95e7f190-564b-461b-9781-ce2a0d28ad4a,jng,esports:tournament:a9ca9e81-96f6-42b0-b6b2-2c9047987723,TeamRank,,212,0.5120095119736687,,0.5120095119736687,KT,esports:team:cd3eb95e-495b-48c3-9677-dd25ebc4099e,Roster,PlayerDetails,547,Boseong Kwak,https://factorassets.global.ssl.fastly.net/player-headshots/esports:player:3d181a7e-d61c-4502-ab3f-ce3e769ec3fb/latest.png,Bdd,esports:player:3d181a7e-d61c-4502-ab3f-ce3e769ec3fb,Bdd,esports:player:3d181a7e-d61c-4502-ab3f-ce3e769ec3fb,mid,Roster,PlayerDetails,1390,,https://factorassets.global.ssl.fastly.net/player-headshots/esports:player:9431abf3-e749-4c2a-b609-63de45e32d8f/latest.png,Cuzz,esports:player:9431abf3-e749-4c2a-b609-63de45e32d8f,Cuzz,esports:player:9431abf3-e749-4c2a-b609-63de45e32d8f,jng,Roster,PlayerDetails,1783,Son Si-woo,https://factorassets.global.ssl.fastly.net/player-headshots/esports:player:8eef272a-3b8b-4ce2-97f8-5b859e92742a/latest.png,Lehends,esports:player:8eef272a-3b8b-4ce2-97f8-5b859e92742a,Lehends,esports:player:8eef272a-3b8b-4ce2-97f8-5b859e92742a,sup,Roster,PlayerDetails,1667,Kim Gi-in,https://factorassets.global.ssl.fastly.net/player-headshots/esports:player:d5011a47-848f-4cd4-9639-79ea27826af9/latest.png,Kiin,esports:player:d5011a47-848f-4cd4-9639-79ea27826af9,Kiin,esports:player:d5011a47-848f-4cd4-9639-79ea27826af9,top,Roster,PlayerDetails,61,,https://factorassets.global.ssl.fastly.net/player-headshots/esports:player:fb58442c-09af-4999-8a23-15e7b3785c83/latest.png,Aiming,esports:player:fb58442c-09af-4999-8a23-15e7b3785c83,Aiming,esports:player:fb58442c-09af-4999-8a23-15e7b3785c83,bot,PlayerDetails,1783,Son Si-woo,https://factorassets.global.ssl.fastly.net/player-headshots/esports:player:8eef272a-3b8b-4ce2-97f8-5b859e92742a/latest.png,Lehends,esports:player:8eef272a-3b8b-4ce2-97f8-5b859e92742a,Lehends,esports:player:8eef272a-3b8b-4ce2-97f8-5b859e92742a,sup,PlayerDetails,1667,Kim Gi-in,https://factorassets.global.ssl.fastly.net/player-headshots/esports:player:d5011a47-848f-4cd4-9639-79ea27826af9/latest.png,Kiin,esports:player:d5011a47-848f-4cd4-9639-79ea27826af9,Kiin,esports:player:d5011a47-848f-4cd4-9639-79ea27826af9,top,PlayerDetails,547,Boseong Kwak,https://factorassets.global.ssl.fastly.net/player-headshots/esports:player:3d181a7e-d61c-4502-ab3f-ce3e769ec3fb/latest.png,Bdd,esports:player:3d181a7e-d61c-4502-ab3f-ce3e769ec3fb,Bdd,esports:player:3d181a7e-d61c-4502-ab3f-ce3e769ec3fb,mid,PlayerDetails,1390,,https://factorassets.global.ssl.fastly.net/player-headshots/esports:player:9431abf3-e749-4c2a-b609-63de45e32d8f/latest.png,Cuzz,esports:player:9431abf3-e749-4c2a-b609-63de45e32d8f,Cuzz,esports:player:9431abf3-e749-4c2a-b609-63de45e32d8f,jng,PlayerDetails,61,,https://factorassets.global.ssl.fastly.net/player-headshots/esports:player:fb58442c-09af-4999-8a23-15e7b3785c83/latest.png,Aiming,esports:player:fb58442c-09af-4999-8a23-15e7b3785c83,Aiming,esports:player:fb58442c-09af-4999-8a23-15e7b3785c83,bot,TeamLogo,False,False,https://factorassets.global.ssl.fastly.net/teamlogo/esports:team:cd3eb95e-495b-48c3-9677-dd25ebc4099e/latest.png,TeamStandings,3,5,esports:series:33bd4834-d2cc-4691-9a3a-7f535e937b19,TeamDetails,98,KT Rolster,TeamLogo,False,False,https://factorassets.global.ssl.fastly.net/teamlogo/esports:team:cd3eb95e-495b-48c3-9677-dd25ebc4099e/latest.png,esports:team:cd3eb95e-495b-48c3-9677-dd25ebc4099e,esports:team:cd3eb95e-495b-48c3-9677-dd25ebc4099e,TeamRank,0.5120095119736687,6,esports:team:cd3eb95e-495b-48c3-9677-dd25ebc4099e,Tournament,Series,LCK,esports:series:33bd4834-d2cc-4691-9a3a-7f535e937b19,esports:tournament:013b428f-28ad-4f0b-afd8-c8e681b6a7d2,Tournament,Series,LCK,esports:series:33bd4834-d2cc-4691-9a3a-7f535e937b19,esports:tournament:79e0adab-3fa8-42e1-9c59-a95d91863f6f,Tournament,Series,LCK,esports:series:33bd4834-d2cc-4691-9a3a-7f535e937b19,esports:tournament:694f844c-6808-4a68-8e75-04d7eb3694f2,Tournament,2023-04-08,1673980049,Spring,Season,LCK 2023,2023,esports:season:6aa160b2-2d3a-4dd6-a1e5-d815e69f21ee,Series,LCK,esports:series:33bd4834-d2cc-4691-9a3a-7f535e937b19,2023-01-17,S-Tier,S-Tier,4,esports:tournament:013b428f-28ad-4f0b-afd8-c8e681b6a7d2,1,False,8456782,statistics,LCK,PaginatedPlayerPicksResponse,TeamChampionPicks,0,KSante,7,7,0,4,TeamChampionPicks,0,Yuumi,6,6,0,2,TeamChampionPicks,0,Zeri,6,6,0,1,TeamChampionPicks,0,Sylas,5,5,0,2,TeamChampionPicks,0,Sejuani,5,5,0,0,TeamChampionPicks,0,MonkeyKing,5,5,0,1,TeamChampionPicks,0,Jax,4,4,0,0,TeamChampionPicks,0,Aphelios,4,4,0,0,TeamChampionPicks,0,Vi,4,4,0,1,TeamChampionPicks,0,Syndra,4,4,0,0,TeamChampionPicks,0,Akali,3,3,0,0,TeamChampionPicks,0,Elise,3,3,0,1,TeamChampionPicks,0,Karma,3,3,0,1,TeamChampionPicks,0,Lucian,3,3,0,1,TeamChampionPicks,0,Maokai,3,3,0,1,TeamChampionPicks,0,Nami,3,3,0,1,TeamChampionPicks,0,Sion,3,3,0,0,TeamChampionPicks,0,Leona,2,2,0,0,TeamChampionPicks,0,Lulu,2,2,0,0,TeamChampionPicks,0,Azir,2,2,0,1,TeamChampionPicks,0,Nautilus,2,2,0,0,TeamChampionPicks,0,Renekton,2,2,0,0,TeamChampionPicks,0,Sivir,2,2,0,1,TeamChampionPicks,0,Varus,2,2,0,1,TeamChampionPicks,0,Viktor,2,2,0,0,TeamChampionPicks,0,Jhin,2,2,0,0,TeamChampionPicks,0,Kassadin,2,2,0,0,TeamChampionPicks,0,Jayce,1,1,0,0,TeamChampionPicks,0,Xayah,1,1,0,0,TeamChampionPicks,0,Heimerdinger,1,1,0,0,TeamChampionPicks,0,Yone,1,1,0,0,TeamChampionPicks,0,Gragas,1,1,0,0,TeamChampionPicks,0,Leblanc,1,1,0,1,TeamChampionPicks,0,Alistar,1,1,0,0,TeamChampionPicks,0,Gnar,1,1,0,0,TeamChampionPicks,0,Rakan,1,1,0,0,TeamChampionPicks,0,Viego,1,1,0,0,TeamChampionPicks,0,Irelia,1,1,0,0,TeamChampionPicks,0,Ziggs,1,1,0,0,39,103,PaginatedPlayerPicksResponse,TeamChampionPicks,0,Zeri,6,6,0,1,TeamChampionPicks,0,Aphelios,4,4,0,0,TeamChampionPicks,0,Lucian,3,3,0,1,TeamChampionPicks,0,Varus,2,2,0,1,TeamChampionPicks,0,Jhin,2,2,0,0,TeamChampionPicks,0,Sivir,2,2,0,1,TeamChampionPicks,0,Xayah,1,1,0,0,TeamChampionPicks,0,Ziggs,1,1,0,0,8,21,PaginatedPlayerPicksResponse,TeamChampionPicks,0,MonkeyKing,5,5,0,1,TeamChampionPicks,0,Sejuani,5,5,0,0,TeamChampionPicks,0,Vi,4,4,0,1,TeamChampionPicks,0,Elise,3,3,0,1,TeamChampionPicks,0,Maokai,3,3,0,1,TeamChampionPicks,0,Viego,1,1,0,0,6,21,PaginatedPlayerPicksResponse,TeamChampionPicks,0,Sylas,5,5,0,2,TeamChampionPicks,0,Syndra,4,4,0,0,TeamChampionPicks,0,Akali,3,3,0,0,TeamChampionPicks,0,Viktor,2,2,0,0,TeamChampionPicks,0,Kassadin,2,2,0,0,TeamChampionPicks,0,Azir,2,2,0,1,TeamChampionPicks,0,Yone,1,1,0,0,TeamChampionPicks,0,Jayce,2,2,0,0,TeamChampionPicks,0,Leblanc,1,1,0,1,9,22,PaginatedPlayerPicksResponse,TeamChampionPicks,0,Yuumi,6,6,0,2,TeamChampionPicks,0,Nami,3,3,0,1,TeamChampionPicks,0,Karma,3,3,0,1,TeamChampionPicks,0,Lulu,2,2,0,0,TeamChampionPicks,0,Leona,2,2,0,0,TeamChampionPicks,0,Nautilus,2,2,0,0,TeamChampionPicks,0,Heimerdinger,1,1,0,0,TeamChampionPicks,0,Rakan,1,1,0,0,TeamChampionPicks,0,Alistar,1,1,0,0,9,21,PaginatedPlayerPicksResponse,TeamChampionPicks,0,KSante,7,7,0,4,TeamChampionPicks,0,Jax,4,4,0,0,TeamChampionPicks,0,Sion,3,3,0,0,TeamChampionPicks,0,Jayce,2,2,0,0,TeamChampionPicks,0,Renekton,2,2,0,0,TeamChampionPicks,0,Irelia,1,1,0,0,TeamChampionPicks,0,Gragas,1,1,0,0,TeamChampionPicks,0,Gnar,1,1,0,0,8,21,AveragePlayerStats,2.761904761904762,332.24341550528334,1.8571428571428572,5.904906499894535,537.3042579124054,13142.952380952382,5273.190476190476,-383.8095238095238,0.42857142857142855,2.761904761904762,295.3333333333333,9.702741666666666,4.499595711233211,14.200000127156576,10.333333333333334,0.047619047619047616,38.267701103573756,11.666666666666666,11.714285714285714,0.14285714285714285,vital,esports:player:245ea5e4-178a-43d8-8e79-9863dffbae4a,1,,2023,,AveragePlayerStats,3.238095238095238,373.2561824908374,2.5238095238095237,0,501.42103329329353,12230.047619047618,5225.714285714285,-107.52380952380952,0.7619047619047619,2.1904761904761907,273.4761904761905,8.80376970760234,7.912087076719576,8.592857065654936,9.476190476190476,0.3333333333333333,43.138379505702424,8.380952380952381,12,0.09523809523809523,FIESTA,esports:player:f02657d3-6ef0-423b-a315-7d97073b2c6e,2,,2023,,AveragePlayerStats,2.9523809523809526,384.2886210725213,2.5714285714285716,3.2907930228546824,439.03540256516993,11517.42857142857,4940.333333333333,-554.8571428571429,1.1904761904761905,1.619047619047619,258.5238095238095,9.323257638888887,6.175495486111111,6.104761725380307,9.761904761904763,0.3333333333333333,31.849293935866584,5.523809523809524,12.238095238095237,0.09523809523809523,DnDn,esports:player:ceeb0934-e3f8-4714-a88d-81b51435d866,3,,2023,,AveragePlayerStats,4.285714285714286,233.39295192713448,2.619047619047619,35.86255155949755,290.72926267486105,9626.238095238095,4784.619047619048,-13.476190476190476,0.38095238095238093,1.7619047619047619,26.666666666666668,8.274083179012344,9.617413636363638,129.48097337995256,8.666666666666666,0.09523809523809523,53.71252931867327,14.714285714285714,12.19047619047619,0.047619047619047616,Sylvie,esports:player:dd1ae55f-4b35-46ec-a321-a5b99c587db2,4,,2023,,AveragePlayerStats,6.380952380952381,97.67089952292915,1.8095238095238095,131.0205058483676,149.131202588132,6942.238095238095,3370.2380952380954,-236.38095238095238,0.19047619047619047,0.6190476190476191,20.61904761904762,8.460243589743591,1.2068999999999999,0.19047619047619047,13.19047619047619,0.047619047619047616,82.58114569527763,9.904761904761905,41.095238095238095,0.047619047619047616,Peter,esports:player:2aef3851-d45d-46a9-a4c6-42196f24f4fb,5,,2023,,PlayerRank,143,,LCK,Sylvie,PlayerDetails,564,Seungbok Lee,https://factorassets.global.ssl.fastly.net/player-headshots/esports:player:dd1ae55f-4b35-46ec-a321-a5b99c587db2/latest.png,Sylvie,esports:player:dd1ae55f-4b35-46ec-a321-a5b99c587db2,0.426585858409107,1,0.42309784853792365,jng,NS,TeamDetails,379,NONGSHIM REDFORCE,TeamLogo,False,False,https://factorassets.global.ssl.fastly.net/teamlogo/esports:team:e37d5bda-ab1b-4d26-b887-51b882d6242b/latest.png,esports:team:e37d5bda-ab1b-4d26-b887-51b882d6242b,esports:team:e37d5bda-ab1b-4d26-b887-51b882d6242b,PlayerRank,152,,LCK,FIESTA,PlayerDetails,725,Hyeonseo Ahn,https://factorassets.global.ssl.fastly.net/player-headshots/esports:player:f02657d3-6ef0-423b-a315-7d97073b2c6e/latest.png,FIESTA,esports:player:f02657d3-6ef0-423b-a315-7d97073b2c6e,0.4229577792834572,2,0.4130677958507059,mid,NS,TeamDetails,379,NONGSHIM REDFORCE,TeamLogo,False,False,https://factorassets.global.ssl.fastly.net/teamlogo/esports:team:e37d5bda-ab1b-4d26-b887-51b882d6242b/latest.png,esports:team:e37d5bda-ab1b-4d26-b887-51b882d6242b,esports:team:e37d5bda-ab1b-4d26-b887-51b882d6242b,PlayerRank,128,,LCK,vital,PlayerDetails,1934,Ha In-seong,https://factorassets.global.ssl.fastly.net/player-headshots/esports:player:245ea5e4-178a-43d8-8e79-9863dffbae4a/latest.png,vital,esports:player:245ea5e4-178a-43d8-8e79-9863dffbae4a,0.4067749256488855,3,0.40936484470602924,bot,NS,TeamDetails,379,NONGSHIM REDFORCE,TeamLogo,False,False,https://factorassets.global.ssl.fastly.net/teamlogo/esports:team:e37d5bda-ab1b-4d26-b887-51b882d6242b/latest.png,esports:team:e37d5bda-ab1b-4d26-b887-51b882d6242b,esports:team:e37d5bda-ab1b-4d26-b887-51b882d6242b,PlayerRank,166,,LCK,DnDn,PlayerDetails,2131,Geunwoo Park,https://factorassets.global.ssl.fastly.net/player-headshots/esports:player:ceeb0934-e3f8-4714-a88d-81b51435d866/latest.png,DnDn,esports:player:ceeb0934-e3f8-4714-a88d-81b51435d866,0.3933875188948069,4,0.3909556613321645,top,NS,TeamDetails,379,NONGSHIM REDFORCE,TeamLogo,False,False,https://factorassets.global.ssl.fastly.net/teamlogo/esports:team:e37d5bda-ab1b-4d26-b887-51b882d6242b/latest.png,esports:team:e37d5bda-ab1b-4d26-b887-51b882d6242b,esports:team:e37d5bda-ab1b-4d26-b887-51b882d6242b,PlayerRank,84,,LCK,Peter,PlayerDetails,2326,Yunsu Jeong,https://factorassets.global.ssl.fastly.net/player-headshots/esports:player:2aef3851-d45d-46a9-a4c6-42196f24f4fb/latest.png,Peter,esports:player:2aef3851-d45d-46a9-a4c6-42196f24f4fb,0.3613818924043409,5,0.35201950835036494,sup,NS,TeamDetails,379,NONGSHIM REDFORCE,TeamLogo,False,False,https://factorassets.global.ssl.fastly.net/teamlogo/esports:team:e37d5bda-ab1b-4d26-b887-51b882d6242b/latest.png,esports:team:e37d5bda-ab1b-4d26-b887-51b882d6242b,esports:team:e37d5bda-ab1b-4d26-b887-51b882d6242b,AverageTeamStats,19.61904761904762,0.2857142857142857,1420.8520705187057,11.380952380952381,176.0787569306143,1917.6211590338623,1.5238095238095237,0.8571428571428571,53458.90476190476,23594.095238095237,-1296.047619047619,0.2857142857142857,2.9523809523809526,8.952380952380953,874.6190476190476,2.504099895774808,3.666261408462395,158.5690684886206,51.42857142857143,0.8571428571428571,-0.47619047619047616,3.4761904761904763,0.047619047619047616,249.54904955909365,50.19047619047619,89.23809523809524,0.42857142857142855,0.47619047619047616,0.2857142857142857,1,2023,False,,esports:team:e37d5bda-ab1b-4d26-b887-51b882d6242b,Spring,AverageTeamStats,26.024390243902438,0.4146341463414634,936.6805225178605,12.975609756097562,93.43226357581909,1965.3476212516962,2.3902439024390243,1.024390243902439,57693.439024390245,24553.19512195122,-289.1951219512195,0.6829268292682927,2.4634146341463414,10.804878048780488,869.4878048780488,3.303992083800257,3.282669586474138,196.97561225731198,48.75609756097561,0.6097560975609756,-0.07317073170731707,4.7073170731707314,0.2682926829268293,259.29182464320485,54.853658536585364,120.04878048780488,0.4878048780487805,0.5609756097560976,0.5609756097560976,2,2022,False,,esports:team:e37d5bda-ab1b-4d26-b887-51b882d6242b,Summer,AverageTeamStats,22.295454545454547,0.5227272727272727,1020.2836831551308,13.340909090909092,46.111178785931486,1696.6794061284425,2.0454545454545454,0.6590909090909091,60386.545454545456,24817.727272727272,-69.54545454545455,0.7272727272727273,2.7045454545454546,10.181818181818182,927.4090909090909,2.717756417426374,3.4956520404241616,225.62613286552104,56.52272727272727,0.8409090909090909,0.045454545454545456,5.340909090909091,0.5454545454545454,267.3094376650724,56.27272727272727,127.11363636363636,0.5454545454545454,0.45454545454545453,0.4772727272727273,3,2022,False,,esports:team:e37d5bda-ab1b-4d26-b887-51b882d6242b,Spring,AverageTeamStats,12.333333333333334,0,1649.0806100088455,19.333333333333332,52.28100533075017,3505.392073104153,1.3333333333333333,0.3333333333333333,51630,22801.666666666668,-1577.6666666666667,0.3333333333333333,3.6666666666666665,5.666666666666667,853,1.4700093434343433,3.0278382275132274,184.10000957051912,44.333333333333336,0.3333333333333333,-0.6666666666666666,4.333333333333333,0,227.22071584065756,56.666666666666664,109.66666666666667,0,0.3333333333333333,0,4,2021,False,,esports:team:e37d5bda-ab1b-4d26-b887-51b882d6242b,Regional Finals,AverageTeamStats,36.857142857142854,0.8571428571428571,945.7207179037867,16.714285714285715,98.3804768250318,3946.2364896012796,2.2857142857142856,0.8571428571428571,58615.857142857145,24439.428571428572,-657.5714285714286,0.8571428571428571,3.4285714285714284,15,825.7142857142857,2.112916881285123,2.5254085402229896,217.55712963853563,49.142857142857146,0.7142857142857143,0,6,0.2857142857142857,248.15029648372106,55,111.14285714285714,0.2857142857142857,0.5714285714285714,0.5714285714285714,5,2021,False,,esports:team:e37d5bda-ab1b-4d26-b887-51b882d6242b,Summer Playoffs,AverageTeamStats,27.934782608695652,0.782608695652174,1480.2425854109297,11.152173913043478,149.87191287173192,4328.572030046506,2.5869565217391304,0.8695652173913043,61956.63043478261,24662.04347826087,-377.7608695652174,1.173913043478261,2.4565217391304346,12.804347826086957,909.1521739130435,3.5337088522261637,2.5951222540453367,244.14449632362178,53.97826086956522,0.9565217391304348,0,6.543478260869565,0.5,292.2179934045543,66.78260869565217,129.5,0.391304347826087,0.5652173913043478,0.4782608695652174,6,2021,False,,esports:team:e37d5bda-ab1b-4d26-b887-51b882d6242b,Summer Season,AverageTeamStats,27.244444444444444,0.6,1171.7941793168839,13.155555555555555,217.86833259389638,3943.9222160874056,2.2888888888888888,0.8444444444444444,56999.71111111111,24433.777777777777,-748.5555555555555,0.8666666666666667,2.533333333333333,11.666666666666666,852.6222222222223,2.6766558174971578,2.5452312961489625,229.66994297769335,49.62222222222222,0.5333333333333333,-0.15555555555555556,5.2444444444444445,0.37777777777777777,269.6759255303277,61,124.31111111111112,0.4444444444444444,0.5111111111111111,0.4222222222222222,7,2021,False,,esports:team:e37d5bda-ab1b-4d26-b887-51b882d6242b,Spring,AverageTeamStats,35.8,1,686.4317654469355,5.4,165.13353083709802,3260.9127426258538,2.4,1.2,54441.4,23612,508.6,1.4,1.6,14,752.2,7.236931166666667,1.8426560001803751,208.72002857327462,53.2,0.8,0,7.4,0.2,230.4012924194336,41.4,109.8,0.4,0.6,0.6,8,2020,False,,esports:team:e37d5bda-ab1b-4d26-b887-51b882d6242b,Spring,26.01357445650261,0.5578534071972566,1163.885766784885,12.931602468022142,124.89468221885915,3070.5854672349,2.106800125172341,0.8306387328060181,56897.810991198916,24114.24176586345,-563.467839487895,0.7908712178595529,2.7256792760968267,11.134594792799989,858.0255781569673,3.194508807263862,2.872604919183948,208.17030258688726,50.87300872878153,0.7056602707119675,-0.16576611058318375,5.380709084864705,0.27810729243656074,255.47706694325814,55.27076717026346,115.10264337627143,0.37291174125744647,0.509100243458674,0.4244842857448902,4.5,Career Average,PlayerRankings,439.03540256516993,3.286043662727105,384.2886210725213,11517.42857142857,4940.333333333333,-554.8571428571429,21,DnDn,PlayerDetails,2131,https://factorassets.global.ssl.fastly.net/player-headshots/esports:player:ceeb0934-e3f8-4714-a88d-81b51435d866/latest.png,DnDn,esports:player:ceeb0934-e3f8-4714-a88d-81b51435d866,esports:player:ceeb0934-e3f8-4714-a88d-81b51435d866,1,top,62,76756.63220214844,54,2,34,5429,7,25,PlayerRankings,501.42103329329353,0,373.2561824908374,12230.047619047618,5225.714285714285,-107.52380952380952,21,FIESTA,PlayerDetails,725,https://factorassets.global.ssl.fastly.net/player-headshots/esports:player:f02657d3-6ef0-423b-a315-7d97073b2c6e/latest.png,FIESTA,esports:player:f02657d3-6ef0-423b-a315-7d97073b2c6e,esports:player:f02657d3-6ef0-423b-a315-7d97073b2c6e,1,mid,68,82883.14221191406,53,2,46,5743,7,16,PlayerRankings,290.72926267486105,0,233.39295192713448,9626.238095238095,4784.619047619048,-13.476190476190476,21,Sylvie,PlayerDetails,564,https://factorassets.global.ssl.fastly.net/player-headshots/esports:player:dd1ae55f-4b35-46ec-a321-a5b99c587db2/latest.png,Sylvie,esports:player:dd1ae55f-4b35-46ec-a321-a5b99c587db2,esports:player:dd1ae55f-4b35-46ec-a321-a5b99c587db2,3,jng,90,50384.74663543701,55,1,37,560,2,8,PlayerRankings,149.131202588132,73.6692190164257,97.67089952292915,6942.238095238095,3370.2380952380954,-236.38095238095238,21,Peter,PlayerDetails,2326,https://factorassets.global.ssl.fastly.net/player-headshots/esports:player:2aef3851-d45d-46a9-a4c6-42196f24f4fb/latest.png,Peter,esports:player:2aef3851-d45d-46a9-a4c6-42196f24f4fb,esports:player:2aef3851-d45d-46a9-a4c6-42196f24f4fb,4,sup,134,18784.857055664062,38,1,13,433,1,4,PlayerRankings,537.3042579124054,0,332.24341550528334,13142.952380952382,5273.190476190476,-383.8095238095238,21,vital,PlayerDetails,1934,https://factorassets.global.ssl.fastly.net/player-headshots/esports:player:245ea5e4-178a-43d8-8e79-9863dffbae4a/latest.png,vital,esports:player:245ea5e4-178a-43d8-8e79-9863dffbae4a,esports:player:245ea5e4-178a-43d8-8e79-9863dffbae4a,4,bot,58,74845.3694152832,39,3,58,6202,1,9,PaginatedPlayerPicksResponse,TeamChampionPicks,0,Sejuani,9,9,0,5,TeamChampionPicks,0,Zeri,7,7,0,5,TeamChampionPicks,0,Karma,7,7,0,5,TeamChampionPicks,0,MonkeyKing,7,7,0,3,TeamChampionPicks,0,Lulu,5,5,0,4,TeamChampionPicks,0,Jax,5,5,0,5,TeamChampionPicks,0,Ryze,5,5,0,2,TeamChampionPicks,0,Yone,4,4,0,4,TeamChampionPicks,0,Nami,4,4,0,1,TeamChampionPicks,0,KSante,4,4,0,1,TeamChampionPicks,0,Syndra,4,4,0,1,TeamChampionPicks,0,Ezreal,4,4,0,4,TeamChampionPicks,0,Camille,3,3,0,2,TeamChampionPicks,0,Lucian,3,3,0,0,TeamChampionPicks,0,Gnar,3,3,0,1,TeamChampionPicks,0,Varus,3,3,0,2,TeamChampionPicks,0,Kassadin,2,2,0,1,TeamChampionPicks,0,Caitlyn,2,2,0,1,TeamChampionPicks,0,Draven,2,2,0,2,TeamChampionPicks,0,Elise,2,2,0,2,TeamChampionPicks,0,Jayce,2,2,0,2,TeamChampionPicks,0,Azir,2,2,0,2,TeamChampionPicks,0,Maokai,2,2,0,2,TeamChampionPicks,0,Renekton,2,2,0,1,TeamChampionPicks,0,Sivir,2,2,0,0,TeamChampionPicks,0,TwistedFate,2,2,0,2,TeamChampionPicks,0,Vi,2,2,0,1,TeamChampionPicks,0,Yuumi,2,2,0,1,TeamChampionPicks,0,Sion,1,1,0,1,TeamChampionPicks,0,Gragas,1,1,0,1,TeamChampionPicks,0,Irelia,1,1,0,1,TeamChampionPicks,0,Taliyah,1,1,0,1,TeamChampionPicks,0,Fiora,1,1,0,0,TeamChampionPicks,0,Urgot,1,1,0,0,TeamChampionPicks,0,Heimerdinger,1,1,0,0,TeamChampionPicks,0,Nautilus,1,1,0,0,TeamChampionPicks,0,Zac,1,1,0,1,TeamChampionPicks,0,Lux,1,1,0,1,TeamChampionPicks,0,Leona,1,1,0,1,TeamChampionPicks,0,Singed,1,1,0,1,40,113,PaginatedPlayerPicksResponse,TeamChampionPicks,0,Zeri,7,7,0,5,TeamChampionPicks,0,Ezreal,4,4,0,4,TeamChampionPicks,0,Lucian,3,3,0,0,TeamChampionPicks,0,Varus,3,3,0,2,TeamChampionPicks,0,Sivir,2,2,0,0,TeamChampionPicks,0,Draven,2,2,0,2,TeamChampionPicks,0,Caitlyn,2,2,0,1,7,23,PaginatedPlayerPicksResponse,TeamChampionPicks,0,Sejuani,9,9,0,5,TeamChampionPicks,0,MonkeyKing,7,7,0,3,TeamChampionPicks,0,Elise,2,2,0,2,TeamChampionPicks,0,Maokai,2,2,0,2,TeamChampionPicks,0,Vi,2,2,0,1,TeamChampionPicks,0,Zac,1,1,0,1,6,23,PaginatedPlayerPicksResponse,TeamChampionPicks,0,Ryze,5,5,0,2,TeamChampionPicks,0,Yone,4,4,0,4,TeamChampionPicks,0,Syndra,4,4,0,1,TeamChampionPicks,0,Kassadin,2,2,0,1,TeamChampionPicks,0,Azir,2,2,0,2,TeamChampionPicks,0,TwistedFate,2,2,0,2,TeamChampionPicks,0,Karma,2,2,0,0,TeamChampionPicks,0,Irelia,1,1,0,1,TeamChampionPicks,0,Taliyah,1,1,0,1,9,23,PaginatedPlayerPicksResponse,TeamChampionPicks,0,Karma,2,2,0,0,TeamChampionPicks,0,Lulu,5,5,0,4,TeamChampionPicks,0,Nami,4,4,0,1,TeamChampionPicks,0,Yuumi,2,2,0,1,TeamChampionPicks,0,Singed,1,1,0,1,TeamChampionPicks,0,Lux,1,1,0,1,TeamChampionPicks,0,Leona,1,1,0,1,TeamChampionPicks,0,Heimerdinger,1,1,0,0,TeamChampionPicks,0,Nautilus,1,1,0,0,9,18,PaginatedPlayerPicksResponse,TeamChampionPicks,0,Jax,5,5,0,5,TeamChampionPicks,0,KSante,4,4,0,1,TeamChampionPicks,0,Gnar,3,3,0,1,TeamChampionPicks,0,Camille,3,3,0,2,TeamChampionPicks,0,Jayce,2,2,0,2,TeamChampionPicks,0,Renekton,2,2,0,1,TeamChampionPicks,0,Fiora,1,1,0,0,TeamChampionPicks,0,Urgot,1,1,0,0,TeamChampionPicks,0,Sion,1,1,0,1,TeamChampionPicks,0,Gragas,1,1,0,1,10,23,AveragePlayerStats,3.3043478260869565,427.6121626026198,1.2173913043478262,3.7761248103074685,547.1536486156075,14610.695652173912,5741.130434782609,241.47826086956522,0.13043478260869565,3.782608695652174,302.2173913043478,9.370099305555554,4.229415914902999,20.478260579316512,9.956521739130435,0.08695652173913043,49.6234769406526,14.695652173913043,13.304347826086957,0.08695652173913043,Aiming,esports:player:fb58442c-09af-4999-8a23-15e7b3785c83,1,,2023,,AveragePlayerStats,3.9130434782608696,361.10482883009047,1.4782608695652173,0,467.19181915377357,12472.608695652174,5468.95652173913,446.4347826086956,0.4782608695652174,2.1739130434782608,259.60869565217394,11.56210404040404,6.979210119047619,10.463043052217234,9.130434782608695,0.30434782608695654,37.08229147869608,7,12.043478260869565,0.17391304347826086,Kiin,esports:player:d5011a47-848f-4cd4-9639-79ea27826af9,2,,2023,,AveragePlayerStats,4.260869565217392,317.3450073257122,1.6956521739130435,7.296559640061569,467.28802147464484,12450,5330.608695652174,51.43478260869565,0.4782608695652174,2.782608695652174,269.04347826086956,9.099927777777777,6.703152761904762,6.971739126288372,10.173913043478262,0.17391304347826086,32.6293192324431,6.260869565217392,10.043478260869565,0.08695652173913043,Bdd,esports:player:3d181a7e-d61c-4502-ab3f-ce3e769ec3fb,3,,2023,,AveragePlayerStats,5.869565217391305,279.08579129770345,1.608695652173913,34.83835020476442,304.317375340765,10288.173913043478,4816.913043478261,38.08695652173913,0.17391304347826086,1.6956521739130435,33.130434782608695,7.848159166666667,7.770494691358024,141.72826352326766,8.695652173913043,0.08695652173913043,66.59880911785623,18.956521739130434,11.130434782608695,0.17391304347826086,Cuzz,esports:player:9431abf3-e749-4c2a-b609-63de45e32d8f,4,,2023,,AveragePlayerStats,7.434782608695652,156.8692067779491,1.8695652173913042,63.50129433558803,182.49532233889116,7257.173913043478,3366.304347826087,-119.82608695652173,0.21739130434782608,0.30434782608695654,23.304347826086957,5.825609606481482,5.768541666666667,0.7521739433641019,10.347826086956522,0,80.99804770428202,10.347826086956522,43.04347826086956,0.043478260869565216,Lehends,esports:player:8eef272a-3b8b-4ce2-97f8-5b859e92742a,5,,2023,,PlayerRank,122,,LCK,Aiming,PlayerDetails,61,,https://factorassets.global.ssl.fastly.net/player-headshots/esports:player:fb58442c-09af-4999-8a23-15e7b3785c83/latest.png,Aiming,esports:player:fb58442c-09af-4999-8a23-15e7b3785c83,0.5304803293937149,1,0.5304803293937149,bot,KT,TeamDetails,98,KT Rolster,TeamLogo,False,False,https://factorassets.global.ssl.fastly.net/teamlogo/esports:team:cd3eb95e-495b-48c3-9677-dd25ebc4099e/latest.png,esports:team:cd3eb95e-495b-48c3-9677-dd25ebc4099e,esports:team:cd3eb95e-495b-48c3-9677-dd25ebc4099e,PlayerRank,162,,LCK,Cuzz,PlayerDetails,1390,,https://factorassets.global.ssl.fastly.net/player-headshots/esports:player:9431abf3-e749-4c2a-b609-63de45e32d8f/latest.png,Cuzz,esports:player:9431abf3-e749-4c2a-b609-63de45e32d8f,0.5260378009678229,2,0.5260378009678229,jng,KT,TeamDetails,98,KT Rolster,TeamLogo,False,False,https://factorassets.global.ssl.fastly.net/teamlogo/esports:team:cd3eb95e-495b-48c3-9677-dd25ebc4099e/latest.png,esports:team:cd3eb95e-495b-48c3-9677-dd25ebc4099e,esports:team:cd3eb95e-495b-48c3-9677-dd25ebc4099e,PlayerRank,218,,LCK,Bdd,PlayerDetails,547,Boseong Kwak,https://factorassets.global.ssl.fastly.net/player-headshots/esports:player:3d181a7e-d61c-4502-ab3f-ce3e769ec3fb/latest.png,Bdd,esports:player:3d181a7e-d61c-4502-ab3f-ce3e769ec3fb,0.525041262353482,3,0.525041262353482,mid,KT,TeamDetails,98,KT Rolster,TeamLogo,False,False,https://factorassets.global.ssl.fastly.net/teamlogo/esports:team:cd3eb95e-495b-48c3-9677-dd25ebc4099e/latest.png,esports:team:cd3eb95e-495b-48c3-9677-dd25ebc4099e,esports:team:cd3eb95e-495b-48c3-9677-dd25ebc4099e,PlayerRank,206,,LCK,Kiin,PlayerDetails,1667,Kim Gi-in,https://factorassets.global.ssl.fastly.net/player-headshots/esports:player:d5011a47-848f-4cd4-9639-79ea27826af9/latest.png,Kiin,esports:player:d5011a47-848f-4cd4-9639-79ea27826af9,0.49369326288979704,4,0.49369326288979704,top,KT,TeamDetails,98,KT Rolster,TeamLogo,False,False,https://factorassets.global.ssl.fastly.net/teamlogo/esports:team:cd3eb95e-495b-48c3-9677-dd25ebc4099e/latest.png,esports:team:cd3eb95e-495b-48c3-9677-dd25ebc4099e,esports:team:cd3eb95e-495b-48c3-9677-dd25ebc4099e,PlayerRank,221,,LCK,Lehends,PlayerDetails,1783,Son Si-woo,https://factorassets.global.ssl.fastly.net/player-headshots/esports:player:8eef272a-3b8b-4ce2-97f8-5b859e92742a/latest.png,Lehends,esports:player:8eef272a-3b8b-4ce2-97f8-5b859e92742a,0.4476655706388146,5,0.4476655706388146,sup,KT,TeamDetails,98,KT Rolster,TeamLogo,False,False,https://factorassets.global.ssl.fastly.net/teamlogo/esports:team:cd3eb95e-495b-48c3-9677-dd25ebc4099e/latest.png,esports:team:cd3eb95e-495b-48c3-9677-dd25ebc4099e,esports:team:cd3eb95e-495b-48c3-9677-dd25ebc4099e,AverageTeamStats,24.782608695652176,0.7391304347826086,1542.016996834075,7.869565217391305,109.41232899072148,1968.4461869236823,2.391304347826087,0.782608695652174,57078.65217391304,24723.91304347826,657.6086956521739,1.0434782608695652,1.4782608695652173,10.73913043478261,887.304347826087,4.679908394731824,2.563658431847706,180.3934802244539,48.30434782608695,0.6521739130434783,0.2608695652173913,6.478260869565218,0.5652173913043478,266.93194447393,57.26086956521739,89.56521739130434,0.5652173913043478,0.391304347826087,0.6086956521739131,1,2023,False,,esports:team:cd3eb95e-495b-48c3-9677-dd25ebc4099e,Spring,AverageTeamStats,28.6,0.4,838.2886837299054,12.4,151.22797465853694,1888.4899505877443,3.2,1.2,60532.8,25536.2,865.6,0.8,2.4,13.6,860.8,2.2161352664655607,3.617406299916458,223.03002391457557,51.8,1,0,6.6,0.8,262.8138236999512,55.6,120,0.8,0.8,0.6,2,2022,False,,esports:team:cd3eb95e-495b-48c3-9677-dd25ebc4099e,Regional Finals,AverageTeamStats,30.46,0.78,1095.952951477036,10.54,94.10718933131791,2046.9906926754743,3.04,1.08,62011.92,25037.16,198.3,0.86,1.76,12.16,912.6,2.768029018972132,3.0490834540050678,226.60999366521835,53.38,0.74,0.02,6.4,0.48,298.1926640701294,67.18,129.62,0.52,0.58,0.44,3,2022,False,,esports:team:cd3eb95e-495b-48c3-9677-dd25ebc4099e,Summer,AverageTeamStats,26.833333333333332,0.6904761904761905,1081.6209262398886,12.285714285714286,57.945141667688894,1808.5675049436647,2.7857142857142856,1.119047619047619,60100.119047619046,24743.666666666668,-140.0952380952381,0.5952380952380952,2.642857142857143,12.119047619047619,900.3333333333334,2.851779302406501,3.013078680583795,224.65237441658974,52.857142857142854,1.0238095238095237,-0.07142857142857142,5.5,0.5238095238095238,280.35542217890423,61.285714285714285,125.71428571428571,0.5476190476190477,0.5714285714285714,0.47619047619047616,4,2022,False,,esports:team:cd3eb95e-495b-48c3-9677-dd25ebc4099e,Spring,AverageTeamStats,27.847826086956523,0.5652173913043478,1375.1431847752872,11.891304347826088,116.25664288899235,3680.4213881863834,2,0.6956521739130435,57078.04347826087,24907.195652173912,-31,0.7608695652173914,1.7608695652173914,11.891304347826088,876.9782608695652,2.9459468186393374,2.6853439210805448,213.14888952672482,52.23913043478261,0.8695652173913043,-0.21739130434782608,5.021739130434782,0.3695652173913043,258.1427895711816,55.891304347826086,113.95652173913044,0.45652173913043476,0.43478260869565216,0.43478260869565216,5,2021,False,,esports:team:cd3eb95e-495b-48c3-9677-dd25ebc4099e,Summer Season,AverageTeamStats,24.545454545454547,0.7045454545454546,1085.083381332101,12.613636363636363,161.19603092155492,3427.874906525605,1.8181818181818181,0.5,60757.181818181816,24522.795454545456,-772.2954545454545,0.7272727272727273,2.2272727272727275,11.25,945.4090909090909,2.3554218497203006,3.020138005180311,239.08291989497164,55.5,0.8863636363636364,-0.29545454545454547,5.0227272727272725,0.22727272727272727,285.3727392500097,64.68181818181819,138.54545454545453,0.5,0.3181818181818182,0.3181818181818182,6,2021,False,,esports:team:cd3eb95e-495b-48c3-9677-dd25ebc4099e,Spring,AverageTeamStats,26.93617021276596,0.6382978723404256,1023.7117890498257,8.574468085106384,254.24899188803414,3538.956109405361,2.74468085106383,1.0851063829787233,57081.17021276596,24534.08510638298,650.6382978723404,1.021276595744681,1.2553191489361701,10.319148936170214,863.4042553191489,3.537281617963217,3.777218584411839,213.6744686168559,49.723404255319146,0.3404255319148936,0.2553191489361702,6.446808510638298,0.8085106382978723,277.9458922528206,60.361702127659576,125.53191489361703,0.40425531914893614,0.6595744680851063,0.6808510638297872,7,2020,False,,esports:team:cd3eb95e-495b-48c3-9677-dd25ebc4099e,Spring,27.143627553451786,0.6453810490641467,1148.83113049116,10.882098328524918,134.91347147812095,2622.820962749702,2.568554471826574,0.9232021245130799,59234.26953296297,24857.859417606756,204.1080429834031,0.8297336063346373,1.9320827791212356,11.725518762546647,892.4041840367465,3.0506431812712678,3.103703911003674,217.2274500370557,51.972003624761655,0.7874768317889765,-0.00686938672534021,5.924219397623653,0.5391964997251107,275.67932507098953,60.32305835831936,120.41905632625601,0.5419447853146809,0.5364674020310336,0.508385945581664,4,Career Average,PlayerRankings,467.19181915377357,2.286472185159752,361.10482883009047,12472.608695652174,5468.95652173913,446.4347826086956,23,Kiin,PlayerDetails,1667,https://factorassets.global.ssl.fastly.net/player-headshots/esports:player:d5011a47-848f-4cd4-9639-79ea27826af9/latest.png,Kiin,esports:player:d5011a47-848f-4cd4-9639-79ea27826af9,esports:player:d5011a47-848f-4cd4-9639-79ea27826af9,1,top,90,93885.97087097168,34,4,50,5971,7,11,PlayerRankings,467.28802147464484,14.307472449410348,317.3450073257122,12450,5330.608695652174,51.43478260869565,23,Bdd,PlayerDetails,547,https://factorassets.global.ssl.fastly.net/player-headshots/esports:player:3d181a7e-d61c-4502-ab3f-ce3e769ec3fb/latest.png,Bdd,esports:player:3d181a7e-d61c-4502-ab3f-ce3e769ec3fb,esports:player:3d181a7e-d61c-4502-ab3f-ce3e769ec3fb,2,mid,98,72946.79565429688,39,2,64,6188,4,11,PlayerRankings,547.1536486156075,0,427.6121626026198,14610.695652173912,5741.130434782609,241.47826086956522,23,Aiming,PlayerDetails,61,https://factorassets.global.ssl.fastly.net/player-headshots/esports:player:fb58442c-09af-4999-8a23-15e7b3785c83/latest.png,Aiming,esports:player:fb58442c-09af-4999-8a23-15e7b3785c83,esports:player:fb58442c-09af-4999-8a23-15e7b3785c83,3,bot,76,98136.28708648682,28,2,87,6951,2,3,PlayerRankings,304.317375340765,0,279.08579129770345,10288.173913043478,4816.913043478261,38.08695652173913,23,Cuzz,PlayerDetails,1390,https://factorassets.global.ssl.fastly.net/player-headshots/esports:player:9431abf3-e749-4c2a-b609-63de45e32d8f/latest.png,Cuzz,esports:player:9431abf3-e749-4c2a-b609-63de45e32d8f,esports:player:9431abf3-e749-4c2a-b609-63de45e32d8f,3,jng,135,63533.18367385864,37,4,39,762,2,4,PlayerRankings,182.49532233889116,98.48828070157334,156.8692067779491,7257.173913043478,3366.304347826087,-119.82608695652173,23,Lehends,PlayerDetails,1783,https://factorassets.global.ssl.fastly.net/player-headshots/esports:player:8eef272a-3b8b-4ce2-97f8-5b859e92742a/latest.png,Lehends,esports:player:8eef272a-3b8b-4ce2-97f8-5b859e92742a,esports:player:8eef272a-3b8b-4ce2-97f8-5b859e92742a,5,sup,171,38120.716796875,43,1,7,536,0,5,TeamStandings,1,1,esports:series:33bd4834-d2cc-4691-9a3a-7f535e937b19,TeamDetails,443,T1,TeamLogo,False,False,https://factorassets.global.ssl.fastly.net/teamlogo/esports:team:e3ab0fe1-205a-4f1e-9073-72c1cebef8fc/latest.png,esports:team:e3ab0fe1-205a-4f1e-9073-72c1cebef8fc,esports:team:e3ab0fe1-205a-4f1e-9073-72c1cebef8fc,TeamRank,0.5841907926576095,7,TeamStandings,2,2,esports:series:33bd4834-d2cc-4691-9a3a-7f535e937b19,TeamDetails,348,Gen.G Esports,TeamLogo,False,True,https://factorassets.global.ssl.fastly.net/teamlogo/esports:team:e9bc3537-6160-4618-81e0-2aa7922f6dfe/latest.png,esports:team:e9bc3537-6160-4618-81e0-2aa7922f6dfe,esports:team:e9bc3537-6160-4618-81e0-2aa7922f6dfe,TeamRank,0.5617868166528069,7,TeamStandings,2,3,esports:series:33bd4834-d2cc-4691-9a3a-7f535e937b19,TeamDetails,414,Liiv SANDBOX,TeamLogo,False,False,https://factorassets.global.ssl.fastly.net/teamlogo/esports:team:13b21f3b-f9bd-483d-b303-bb5cd2b7703f/latest.png,esports:team:13b21f3b-f9bd-483d-b303-bb5cd2b7703f,esports:team:13b21f3b-f9bd-483d-b303-bb5cd2b7703f,TeamRank,0.48187263262854824,6,TeamStandings,8,4,esports:series:33bd4834-d2cc-4691-9a3a-7f535e937b19,TeamDetails,376,Dplus KIA,TeamLogo,False,True,https://factorassets.global.ssl.fastly.net/teamlogo/esports:team:9e3bbc6c-4e71-4c34-ba3c-90e2799bcb5a/latest.png,esports:team:9e3bbc6c-4e71-4c34-ba3c-90e2799bcb5a,esports:team:9e3bbc6c-4e71-4c34-ba3c-90e2799bcb5a,TeamRank,0.5318495461104286,10,TeamStandings,3,5,esports:series:33bd4834-d2cc-4691-9a3a-7f535e937b19,TeamDetails,98,KT Rolster,TeamLogo,False,False,https://factorassets.global.ssl.fastly.net/teamlogo/esports:team:cd3eb95e-495b-48c3-9677-dd25ebc4099e/latest.png,esports:team:cd3eb95e-495b-48c3-9677-dd25ebc4099e,esports:team:cd3eb95e-495b-48c3-9677-dd25ebc4099e,TeamRank,0.5120095119736687,6,TeamStandings,4,6,esports:series:33bd4834-d2cc-4691-9a3a-7f535e937b19,TeamDetails,476,Hanwha Life Esports,TeamLogo,False,False,https://factorassets.global.ssl.fastly.net/teamlogo/esports:team:ece3dfee-e8a5-4e10-8806-c92ef7c2a513/latest.png,esports:team:ece3dfee-e8a5-4e10-8806-c92ef7c2a513,esports:team:ece3dfee-e8a5-4e10-8806-c92ef7c2a513,TeamRank,0.4871943899994475,5,TeamStandings,7,8,esports:series:33bd4834-d2cc-4691-9a3a-7f535e937b19,TeamDetails,343,Kwangdong Freecs,TeamLogo,False,False,https://factorassets.global.ssl.fastly.net/teamlogo/esports:team:e011144f-798c-4baf-afa6-bf6d38a0502b/latest.png,esports:team:e011144f-798c-4baf-afa6-bf6d38a0502b,esports:team:e011144f-798c-4baf-afa6-bf6d38a0502b,TeamRank,0.4268792825187567,2,TeamStandings,8,9,esports:series:33bd4834-d2cc-4691-9a3a-7f535e937b19,TeamDetails,281,DRX,TeamLogo,False,False,https://factorassets.global.ssl.fastly.net/teamlogo/esports:team:cee08f65-293d-44d7-8849-03ceb2a5e811/latest.png,esports:team:cee08f65-293d-44d7-8849-03ceb2a5e811,esports:team:cee08f65-293d-44d7-8849-03ceb2a5e811,TeamRank,0.42766687253655467,1,TeamStandings,15,9,esports:series:33bd4834-d2cc-4691-9a3a-7f535e937b19,TeamDetails,304,Brion Esports,TeamLogo,False,False,https://factorassets.global.ssl.fastly.net/teamlogo/esports:team:047f8c82-01f3-41cd-ac51-ea6cd47ae15d/latest.png,esports:team:047f8c82-01f3-41cd-ac51-ea6cd47ae15d,esports:team:047f8c82-01f3-41cd-ac51-ea6cd47ae15d,TeamRank,0.4212855113930093,3,TeamStandings,8,10,esports:series:33bd4834-d2cc-4691-9a3a-7f535e937b19,TeamDetails,379,NONGSHIM REDFORCE,TeamLogo,False,False,https://factorassets.global.ssl.fastly.net/teamlogo/esports:team:e37d5bda-ab1b-4d26-b887-51b882d6242b/latest.png,esports:team:e37d5bda-ab1b-4d26-b887-51b882d6242b,esports:team:e37d5bda-ab1b-4d26-b887-51b882d6242b,TeamRank,0.40140515929378273,1,8456782,NS-KT,1,statistics,False
