,buildId,dynamicIds_0,dynamicIds_1,dynamicIds_2,dynamicIds_3,dynamicIds_4,dynamicIds_5,dynamicIds_6,dynamicIds_7,gssp,isFallback,page,props___N_SSP,props_pageProps_match_isPreMatch,props_pageProps_match_matchInfo___typename,props_pageProps_match_matchInfo_factorId,props_pageProps_match_matchInfo_lastModified,props_pageProps_match_matchInfo_matchStartDate,props_pageProps_match_matchInfo_matchState,props_pageProps_match_matchInfo_matchUrn,props_pageProps_match_matchInfo_prematchWinProbability___typename,props_pageProps_match_matchInfo_prematchWinProbability_team1Winprob,props_pageProps_match_matchInfo_prematchWinProbability_team2Winprob,props_pageProps_match_matchInfo_score___typename,props_pageProps_match_matchInfo_score_team1Score,props_pageProps_match_matchInfo_score_team2Score,props_pageProps_match_matchInfo_team1___typename,props_pageProps_match_matchInfo_team1_abbreviation,props_pageProps_match_matchInfo_team1_factorId,props_pageProps_match_matchInfo_team1_fullName,props_pageProps_match_matchInfo_team1_gameRecord_totalLost,props_pageProps_match_matchInfo_team1_gameRecord_totalWin,props_pageProps_match_matchInfo_team1_playerHistories_0___typename,props_pageProps_match_matchInfo_team1_playerHistories_0_playerDetails___typename,props_pageProps_match_matchInfo_team1_playerHistories_0_playerDetails_factorId,props_pageProps_match_matchInfo_team1_playerHistories_0_playerDetails_fullName,props_pageProps_match_matchInfo_team1_playerHistories_0_playerDetails_headshotUrl,props_pageProps_match_matchInfo_team1_playerHistories_0_playerDetails_name,props_pageProps_match_matchInfo_team1_playerHistories_0_playerDetails_perid,props_pageProps_match_matchInfo_team1_playerHistories_0_playerPerid,props_pageProps_match_matchInfo_team1_playerHistories_0_role,props_pageProps_match_matchInfo_team1_playerHistories_0_tournamentUrn,props_pageProps_match_matchInfo_team1_playerHistories_1___typename,props_pageProps_match_matchInfo_team1_playerHistories_1_playerDetails___typename,props_pageProps_match_matchInfo_team1_playerHistories_1_playerDetails_factorId,props_pageProps_match_matchInfo_team1_playerHistories_1_playerDetails_fullName,props_pageProps_match_matchInfo_team1_playerHistories_1_playerDetails_headshotUrl,props_pageProps_match_matchInfo_team1_playerHistories_1_playerDetails_name,props_pageProps_match_matchInfo_team1_playerHistories_1_playerDetails_perid,props_pageProps_match_matchInfo_team1_playerHistories_1_playerPerid,props_pageProps_match_matchInfo_team1_playerHistories_1_role,props_pageProps_match_matchInfo_team1_playerHistories_1_tournamentUrn,props_pageProps_match_matchInfo_team1_playerHistories_2___typename,props_pageProps_match_matchInfo_team1_playerHistories_2_playerDetails___typename,props_pageProps_match_matchInfo_team1_playerHistories_2_playerDetails_factorId,props_pageProps_match_matchInfo_team1_playerHistories_2_playerDetails_fullName,props_pageProps_match_matchInfo_team1_playerHistories_2_playerDetails_headshotUrl,props_pageProps_match_matchInfo_team1_playerHistories_2_playerDetails_name,props_pageProps_match_matchInfo_team1_playerHistories_2_playerDetails_perid,props_pageProps_match_matchInfo_team1_playerHistories_2_playerPerid,props_pageProps_match_matchInfo_team1_playerHistories_2_role,props_pageProps_match_matchInfo_team1_playerHistories_2_tournamentUrn,props_pageProps_match_matchInfo_team1_playerHistories_3___typename,props_pageProps_match_matchInfo_team1_playerHistories_3_playerDetails___typename,props_pageProps_match_matchInfo_team1_playerHistories_3_playerDetails_factorId,props_pageProps_match_matchInfo_team1_playerHistories_3_playerDetails_fullName,props_pageProps_match_matchInfo_team1_playerHistories_3_playerDetails_headshotUrl,props_pageProps_match_matchInfo_team1_playerHistories_3_playerDetails_name,props_pageProps_match_matchInfo_team1_playerHistories_3_playerDetails_perid,props_pageProps_match_matchInfo_team1_playerHistories_3_playerPerid,props_pageProps_match_matchInfo_team1_playerHistories_3_role,props_pageProps_match_matchInfo_team1_playerHistories_3_tournamentUrn,props_pageProps_match_matchInfo_team1_playerHistories_4___typename,props_pageProps_match_matchInfo_team1_playerHistories_4_playerDetails___typename,props_pageProps_match_matchInfo_team1_playerHistories_4_playerDetails_factorId,props_pageProps_match_matchInfo_team1_playerHistories_4_playerDetails_fullName,props_pageProps_match_matchInfo_team1_playerHistories_4_playerDetails_headshotUrl,props_pageProps_match_matchInfo_team1_playerHistories_4_playerDetails_name,props_pageProps_match_matchInfo_team1_playerHistories_4_playerDetails_perid,props_pageProps_match_matchInfo_team1_playerHistories_4_playerPerid,props_pageProps_match_matchInfo_team1_playerHistories_4_role,props_pageProps_match_matchInfo_team1_playerHistories_4_tournamentUrn,props_pageProps_match_matchInfo_team1_playerHistories_5___typename,props_pageProps_match_matchInfo_team1_playerHistories_5_playerDetails___typename,props_pageProps_match_matchInfo_team1_playerHistories_5_playerDetails_factorId,props_pageProps_match_matchInfo_team1_playerHistories_5_playerDetails_fullName,props_pageProps_match_matchInfo_team1_playerHistories_5_playerDetails_headshotUrl,props_pageProps_match_matchInfo_team1_playerHistories_5_playerDetails_name,props_pageProps_match_matchInfo_team1_playerHistories_5_playerDetails_perid,props_pageProps_match_matchInfo_team1_playerHistories_5_playerPerid,props_pageProps_match_matchInfo_team1_playerHistories_5_role,props_pageProps_match_matchInfo_team1_playerHistories_5_tournamentUrn,props_pageProps_match_matchInfo_team1_playerHistories_6___typename,props_pageProps_match_matchInfo_team1_playerHistories_6_playerDetails___typename,props_pageProps_match_matchInfo_team1_playerHistories_6_playerDetails_factorId,props_pageProps_match_matchInfo_team1_playerHistories_6_playerDetails_fullName,props_pageProps_match_matchInfo_team1_playerHistories_6_playerDetails_headshotUrl,props_pageProps_match_matchInfo_team1_playerHistories_6_playerDetails_name,props_pageProps_match_matchInfo_team1_playerHistories_6_playerDetails_perid,props_pageProps_match_matchInfo_team1_playerHistories_6_playerPerid,props_pageProps_match_matchInfo_team1_playerHistories_6_role,props_pageProps_match_matchInfo_team1_playerHistories_6_tournamentUrn,props_pageProps_match_matchInfo_team1_powrRanking___typename,props_pageProps_match_matchInfo_team1_powrRanking_gameRecord,props_pageProps_match_matchInfo_team1_powrRanking_gamesPlayed,props_pageProps_match_matchInfo_team1_powrRanking_prevRanking,props_pageProps_match_matchInfo_team1_powrRanking_rank,props_pageProps_match_matchInfo_team1_powrRanking_ranking,props_pageProps_match_matchInfo_team1_powrRanking_team,props_pageProps_match_matchInfo_team1_powrRanking_teamPerid,props_pageProps_match_matchInfo_team1_roster_0_playerDetails___typename,props_pageProps_match_matchInfo_team1_roster_0_playerDetails_factorId,props_pageProps_match_matchInfo_team1_roster_0_playerDetails_fullName,props_pageProps_match_matchInfo_team1_roster_0_playerDetails_headshotUrl,props_pageProps_match_matchInfo_team1_roster_0_playerDetails_name,props_pageProps_match_matchInfo_team1_roster_0_playerDetails_perid,props_pageProps_match_matchInfo_team1_roster_0_playerName,props_pageProps_match_matchInfo_team1_roster_0_playerPerid,props_pageProps_match_matchInfo_team1_roster_0_role,props_pageProps_match_matchInfo_team1_roster_1_playerDetails___typename,props_pageProps_match_matchInfo_team1_roster_1_playerDetails_factorId,props_pageProps_match_matchInfo_team1_roster_1_playerDetails_fullName,props_pageProps_match_matchInfo_team1_roster_1_playerDetails_headshotUrl,props_pageProps_match_matchInfo_team1_roster_1_playerDetails_name,props_pageProps_match_matchInfo_team1_roster_1_playerDetails_perid,props_pageProps_match_matchInfo_team1_roster_1_playerName,props_pageProps_match_matchInfo_team1_roster_1_playerPerid,props_pageProps_match_matchInfo_team1_roster_1_role,props_pageProps_match_matchInfo_team1_roster_2_playerDetails___typename,props_pageProps_match_matchInfo_team1_roster_2_playerDetails_factorId,props_pageProps_match_matchInfo_team1_roster_2_playerDetails_fullName,props_pageProps_match_matchInfo_team1_roster_2_playerDetails_headshotUrl,props_pageProps_match_matchInfo_team1_roster_2_playerDetails_name,props_pageProps_match_matchInfo_team1_roster_2_playerDetails_perid,props_pageProps_match_matchInfo_team1_roster_2_playerName,props_pageProps_match_matchInfo_team1_roster_2_playerPerid,props_pageProps_match_matchInfo_team1_roster_2_role,props_pageProps_match_matchInfo_team1_roster_3_playerDetails___typename,props_pageProps_match_matchInfo_team1_roster_3_playerDetails_factorId,props_pageProps_match_matchInfo_team1_roster_3_playerDetails_fullName,props_pageProps_match_matchInfo_team1_roster_3_playerDetails_headshotUrl,props_pageProps_match_matchInfo_team1_roster_3_playerDetails_name,props_pageProps_match_matchInfo_team1_roster_3_playerDetails_perid,props_pageProps_match_matchInfo_team1_roster_3_playerName,props_pageProps_match_matchInfo_team1_roster_3_playerPerid,props_pageProps_match_matchInfo_team1_roster_3_role,props_pageProps_match_matchInfo_team1_roster_4_playerDetails___typename,props_pageProps_match_matchInfo_team1_roster_4_playerDetails_factorId,props_pageProps_match_matchInfo_team1_roster_4_playerDetails_fullName,props_pageProps_match_matchInfo_team1_roster_4_playerDetails_headshotUrl,props_pageProps_match_matchInfo_team1_roster_4_playerDetails_name,props_pageProps_match_matchInfo_team1_roster_4_playerDetails_perid,props_pageProps_match_matchInfo_team1_roster_4_playerName,props_pageProps_match_matchInfo_team1_roster_4_playerPerid,props_pageProps_match_matchInfo_team1_roster_4_role,props_pageProps_match_matchInfo_team1_roster_5_playerDetails___typename,props_pageProps_match_matchInfo_team1_roster_5_playerDetails_factorId,props_pageProps_match_matchInfo_team1_roster_5_playerDetails_fullName,props_pageProps_match_matchInfo_team1_roster_5_playerDetails_headshotUrl,props_pageProps_match_matchInfo_team1_roster_5_playerDetails_name,props_pageProps_match_matchInfo_team1_roster_5_playerDetails_perid,props_pageProps_match_matchInfo_team1_roster_5_playerName,props_pageProps_match_matchInfo_team1_roster_5_playerPerid,props_pageProps_match_matchInfo_team1_roster_5_role,props_pageProps_match_matchInfo_team1_roster_6_playerDetails___typename,props_pageProps_match_matchInfo_team1_roster_6_playerDetails_factorId,props_pageProps_match_matchInfo_team1_roster_6_playerDetails_fullName,props_pageProps_match_matchInfo_team1_roster_6_playerDetails_headshotUrl,props_pageProps_match_matchInfo_team1_roster_6_playerDetails_name,props_pageProps_match_matchInfo_team1_roster_6_playerDetails_perid,props_pageProps_match_matchInfo_team1_roster_6_playerName,props_pageProps_match_matchInfo_team1_roster_6_playerPerid,props_pageProps_match_matchInfo_team1_roster_6_role,props_pageProps_match_matchInfo_team1_teamLogo___typename,props_pageProps_match_matchInfo_team1_teamLogo_darkFlip,props_pageProps_match_matchInfo_team1_teamLogo_darkShadow,props_pageProps_match_matchInfo_team1_teamLogo_logoUrl,props_pageProps_match_matchInfo_team1_teamStandings___typename,props_pageProps_match_matchInfo_team1_teamStandings_lossSeries,props_pageProps_match_matchInfo_team1_teamStandings_position,props_pageProps_match_matchInfo_team1_teamStandings_seriesUrn,props_pageProps_match_matchInfo_team1_teamStandings_teamDetails___typename,props_pageProps_match_matchInfo_team1_teamStandings_teamDetails_factorId,props_pageProps_match_matchInfo_team1_teamStandings_teamDetails_fullName,props_pageProps_match_matchInfo_team1_teamStandings_teamDetails_teamLogo___typename,props_pageProps_match_matchInfo_team1_teamStandings_teamDetails_teamLogo_darkFlip,props_pageProps_match_matchInfo_team1_teamStandings_teamDetails_teamLogo_darkShadow,props_pageProps_match_matchInfo_team1_teamStandings_teamDetails_teamLogo_logoUrl,props_pageProps_match_matchInfo_team1_teamStandings_teamDetails_teamUrn,props_pageProps_match_matchInfo_team1_teamStandings_teamPerid,props_pageProps_match_matchInfo_team1_teamStandings_teamRanking___typename,props_pageProps_match_matchInfo_team1_teamStandings_teamRanking_ranking,props_pageProps_match_matchInfo_team1_teamStandings_winSeries,props_pageProps_match_matchInfo_team1_teamUrn,props_pageProps_match_matchInfo_team1_tournaments_0___typename,props_pageProps_match_matchInfo_team1_tournaments_0_series___typename,props_pageProps_match_matchInfo_team1_tournaments_0_series_seriesName,props_pageProps_match_matchInfo_team1_tournaments_0_series_seriesUrn,props_pageProps_match_matchInfo_team1_tournaments_0_tournamentUrn,props_pageProps_match_matchInfo_team2___typename,props_pageProps_match_matchInfo_team2_abbreviation,props_pageProps_match_matchInfo_team2_factorId,props_pageProps_match_matchInfo_team2_fullName,props_pageProps_match_matchInfo_team2_gameRecord_totalLost,props_pageProps_match_matchInfo_team2_gameRecord_totalWin,props_pageProps_match_matchInfo_team2_playerHistories_0___typename,props_pageProps_match_matchInfo_team2_playerHistories_0_playerDetails___typename,props_pageProps_match_matchInfo_team2_playerHistories_0_playerDetails_factorId,props_pageProps_match_matchInfo_team2_playerHistories_0_playerDetails_fullName,props_pageProps_match_matchInfo_team2_playerHistories_0_playerDetails_headshotUrl,props_pageProps_match_matchInfo_team2_playerHistories_0_playerDetails_name,props_pageProps_match_matchInfo_team2_playerHistories_0_playerDetails_perid,props_pageProps_match_matchInfo_team2_playerHistories_0_playerPerid,props_pageProps_match_matchInfo_team2_playerHistories_0_role,props_pageProps_match_matchInfo_team2_playerHistories_0_tournamentUrn,props_pageProps_match_matchInfo_team2_playerHistories_1___typename,props_pageProps_match_matchInfo_team2_playerHistories_1_playerDetails___typename,props_pageProps_match_matchInfo_team2_playerHistories_1_playerDetails_factorId,props_pageProps_match_matchInfo_team2_playerHistories_1_playerDetails_fullName,props_pageProps_match_matchInfo_team2_playerHistories_1_playerDetails_headshotUrl,props_pageProps_match_matchInfo_team2_playerHistories_1_playerDetails_name,props_pageProps_match_matchInfo_team2_playerHistories_1_playerDetails_perid,props_pageProps_match_matchInfo_team2_playerHistories_1_playerPerid,props_pageProps_match_matchInfo_team2_playerHistories_1_role,props_pageProps_match_matchInfo_team2_playerHistories_1_tournamentUrn,props_pageProps_match_matchInfo_team2_playerHistories_2___typename,props_pageProps_match_matchInfo_team2_playerHistories_2_playerDetails___typename,props_pageProps_match_matchInfo_team2_playerHistories_2_playerDetails_factorId,props_pageProps_match_matchInfo_team2_playerHistories_2_playerDetails_fullName,props_pageProps_match_matchInfo_team2_playerHistories_2_playerDetails_headshotUrl,props_pageProps_match_matchInfo_team2_playerHistories_2_playerDetails_name,props_pageProps_match_matchInfo_team2_playerHistories_2_playerDetails_perid,props_pageProps_match_matchInfo_team2_playerHistories_2_playerPerid,props_pageProps_match_matchInfo_team2_playerHistories_2_role,props_pageProps_match_matchInfo_team2_playerHistories_2_tournamentUrn,props_pageProps_match_matchInfo_team2_playerHistories_3___typename,props_pageProps_match_matchInfo_team2_playerHistories_3_playerDetails___typename,props_pageProps_match_matchInfo_team2_playerHistories_3_playerDetails_factorId,props_pageProps_match_matchInfo_team2_playerHistories_3_playerDetails_fullName,props_pageProps_match_matchInfo_team2_playerHistories_3_playerDetails_headshotUrl,props_pageProps_match_matchInfo_team2_playerHistories_3_playerDetails_name,props_pageProps_match_matchInfo_team2_playerHistories_3_playerDetails_perid,props_pageProps_match_matchInfo_team2_playerHistories_3_playerPerid,props_pageProps_match_matchInfo_team2_playerHistories_3_role,props_pageProps_match_matchInfo_team2_playerHistories_3_tournamentUrn,props_pageProps_match_matchInfo_team2_playerHistories_4___typename,props_pageProps_match_matchInfo_team2_playerHistories_4_playerDetails___typename,props_pageProps_match_matchInfo_team2_playerHistories_4_playerDetails_factorId,props_pageProps_match_matchInfo_team2_playerHistories_4_playerDetails_fullName,props_pageProps_match_matchInfo_team2_playerHistories_4_playerDetails_headshotUrl,props_pageProps_match_matchInfo_team2_playerHistories_4_playerDetails_name,props_pageProps_match_matchInfo_team2_playerHistories_4_playerDetails_perid,props_pageProps_match_matchInfo_team2_playerHistories_4_playerPerid,props_pageProps_match_matchInfo_team2_playerHistories_4_role,props_pageProps_match_matchInfo_team2_playerHistories_4_tournamentUrn,props_pageProps_match_matchInfo_team2_playerHistories_5___typename,props_pageProps_match_matchInfo_team2_playerHistories_5_playerDetails___typename,props_pageProps_match_matchInfo_team2_playerHistories_5_playerDetails_factorId,props_pageProps_match_matchInfo_team2_playerHistories_5_playerDetails_fullName,props_pageProps_match_matchInfo_team2_playerHistories_5_playerDetails_headshotUrl,props_pageProps_match_matchInfo_team2_playerHistories_5_playerDetails_name,props_pageProps_match_matchInfo_team2_playerHistories_5_playerDetails_perid,props_pageProps_match_matchInfo_team2_playerHistories_5_playerPerid,props_pageProps_match_matchInfo_team2_playerHistories_5_role,props_pageProps_match_matchInfo_team2_playerHistories_5_tournamentUrn,props_pageProps_match_matchInfo_team2_playerHistories_6___typename,props_pageProps_match_matchInfo_team2_playerHistories_6_playerDetails___typename,props_pageProps_match_matchInfo_team2_playerHistories_6_playerDetails_factorId,props_pageProps_match_matchInfo_team2_playerHistories_6_playerDetails_fullName,props_pageProps_match_matchInfo_team2_playerHistories_6_playerDetails_headshotUrl,props_pageProps_match_matchInfo_team2_playerHistories_6_playerDetails_name,props_pageProps_match_matchInfo_team2_playerHistories_6_playerDetails_perid,props_pageProps_match_matchInfo_team2_playerHistories_6_playerPerid,props_pageProps_match_matchInfo_team2_playerHistories_6_role,props_pageProps_match_matchInfo_team2_playerHistories_6_tournamentUrn,props_pageProps_match_matchInfo_team2_playerHistories_7___typename,props_pageProps_match_matchInfo_team2_playerHistories_7_playerDetails___typename,props_pageProps_match_matchInfo_team2_playerHistories_7_playerDetails_factorId,props_pageProps_match_matchInfo_team2_playerHistories_7_playerDetails_fullName,props_pageProps_match_matchInfo_team2_playerHistories_7_playerDetails_headshotUrl,props_pageProps_match_matchInfo_team2_playerHistories_7_playerDetails_name,props_pageProps_match_matchInfo_team2_playerHistories_7_playerDetails_perid,props_pageProps_match_matchInfo_team2_playerHistories_7_playerPerid,props_pageProps_match_matchInfo_team2_playerHistories_7_role,props_pageProps_match_matchInfo_team2_playerHistories_7_tournamentUrn,props_pageProps_match_matchInfo_team2_playerHistories_8___typename,props_pageProps_match_matchInfo_team2_playerHistories_8_playerDetails___typename,props_pageProps_match_matchInfo_team2_playerHistories_8_playerDetails_factorId,props_pageProps_match_matchInfo_team2_playerHistories_8_playerDetails_fullName,props_pageProps_match_matchInfo_team2_playerHistories_8_playerDetails_headshotUrl,props_pageProps_match_matchInfo_team2_playerHistories_8_playerDetails_name,props_pageProps_match_matchInfo_team2_playerHistories_8_playerDetails_perid,props_pageProps_match_matchInfo_team2_playerHistories_8_playerPerid,props_pageProps_match_matchInfo_team2_playerHistories_8_role,props_pageProps_match_matchInfo_team2_playerHistories_8_tournamentUrn,props_pageProps_match_matchInfo_team2_playerHistories_9___typename,props_pageProps_match_matchInfo_team2_playerHistories_9_playerDetails___typename,props_pageProps_match_matchInfo_team2_playerHistories_9_playerDetails_factorId,props_pageProps_match_matchInfo_team2_playerHistories_9_playerDetails_fullName,props_pageProps_match_matchInfo_team2_playerHistories_9_playerDetails_headshotUrl,props_pageProps_match_matchInfo_team2_playerHistories_9_playerDetails_name,props_pageProps_match_matchInfo_team2_playerHistories_9_playerDetails_perid,props_pageProps_match_matchInfo_team2_playerHistories_9_playerPerid,props_pageProps_match_matchInfo_team2_playerHistories_9_role,props_pageProps_match_matchInfo_team2_playerHistories_9_tournamentUrn,props_pageProps_match_matchInfo_team2_playerHistories_10___typename,props_pageProps_match_matchInfo_team2_playerHistories_10_playerDetails___typename,props_pageProps_match_matchInfo_team2_playerHistories_10_playerDetails_factorId,props_pageProps_match_matchInfo_team2_playerHistories_10_playerDetails_fullName,props_pageProps_match_matchInfo_team2_playerHistories_10_playerDetails_headshotUrl,props_pageProps_match_matchInfo_team2_playerHistories_10_playerDetails_name,props_pageProps_match_matchInfo_team2_playerHistories_10_playerDetails_perid,props_pageProps_match_matchInfo_team2_playerHistories_10_playerPerid,props_pageProps_match_matchInfo_team2_playerHistories_10_role,props_pageProps_match_matchInfo_team2_playerHistories_10_tournamentUrn,props_pageProps_match_matchInfo_team2_playerHistories_11___typename,props_pageProps_match_matchInfo_team2_playerHistories_11_playerDetails___typename,props_pageProps_match_matchInfo_team2_playerHistories_11_playerDetails_factorId,props_pageProps_match_matchInfo_team2_playerHistories_11_playerDetails_fullName,props_pageProps_match_matchInfo_team2_playerHistories_11_playerDetails_headshotUrl,props_pageProps_match_matchInfo_team2_playerHistories_11_playerDetails_name,props_pageProps_match_matchInfo_team2_playerHistories_11_playerDetails_perid,props_pageProps_match_matchInfo_team2_playerHistories_11_playerPerid,props_pageProps_match_matchInfo_team2_playerHistories_11_role,props_pageProps_match_matchInfo_team2_playerHistories_11_tournamentUrn,props_pageProps_match_matchInfo_team2_playerHistories_12___typename,props_pageProps_match_matchInfo_team2_playerHistories_12_playerDetails___typename,props_pageProps_match_matchInfo_team2_playerHistories_12_playerDetails_factorId,props_pageProps_match_matchInfo_team2_playerHistories_12_playerDetails_fullName,props_pageProps_match_matchInfo_team2_playerHistories_12_playerDetails_headshotUrl,props_pageProps_match_matchInfo_team2_playerHistories_12_playerDetails_name,props_pageProps_match_matchInfo_team2_playerHistories_12_playerDetails_perid,props_pageProps_match_matchInfo_team2_playerHistories_12_playerPerid,props_pageProps_match_matchInfo_team2_playerHistories_12_role,props_pageProps_match_matchInfo_team2_playerHistories_12_tournamentUrn,props_pageProps_match_matchInfo_team2_playerHistories_13___typename,props_pageProps_match_matchInfo_team2_playerHistories_13_playerDetails___typename,props_pageProps_match_matchInfo_team2_playerHistories_13_playerDetails_factorId,props_pageProps_match_matchInfo_team2_playerHistories_13_playerDetails_fullName,props_pageProps_match_matchInfo_team2_playerHistories_13_playerDetails_headshotUrl,props_pageProps_match_matchInfo_team2_playerHistories_13_playerDetails_name,props_pageProps_match_matchInfo_team2_playerHistories_13_playerDetails_perid,props_pageProps_match_matchInfo_team2_playerHistories_13_playerPerid,props_pageProps_match_matchInfo_team2_playerHistories_13_role,props_pageProps_match_matchInfo_team2_playerHistories_13_tournamentUrn,props_pageProps_match_matchInfo_team2_playerHistories_14___typename,props_pageProps_match_matchInfo_team2_playerHistories_14_playerDetails___typename,props_pageProps_match_matchInfo_team2_playerHistories_14_playerDetails_factorId,props_pageProps_match_matchInfo_team2_playerHistories_14_playerDetails_fullName,props_pageProps_match_matchInfo_team2_playerHistories_14_playerDetails_headshotUrl,props_pageProps_match_matchInfo_team2_playerHistories_14_playerDetails_name,props_pageProps_match_matchInfo_team2_playerHistories_14_playerDetails_perid,props_pageProps_match_matchInfo_team2_playerHistories_14_playerPerid,props_pageProps_match_matchInfo_team2_playerHistories_14_role,props_pageProps_match_matchInfo_team2_playerHistories_14_tournamentUrn,props_pageProps_match_matchInfo_team2_playerHistories_15___typename,props_pageProps_match_matchInfo_team2_playerHistories_15_playerDetails___typename,props_pageProps_match_matchInfo_team2_playerHistories_15_playerDetails_factorId,props_pageProps_match_matchInfo_team2_playerHistories_15_playerDetails_fullName,props_pageProps_match_matchInfo_team2_playerHistories_15_playerDetails_headshotUrl,props_pageProps_match_matchInfo_team2_playerHistories_15_playerDetails_name,props_pageProps_match_matchInfo_team2_playerHistories_15_playerDetails_perid,props_pageProps_match_matchInfo_team2_playerHistories_15_playerPerid,props_pageProps_match_matchInfo_team2_playerHistories_15_role,props_pageProps_match_matchInfo_team2_playerHistories_15_tournamentUrn,props_pageProps_match_matchInfo_team2_playerHistories_16___typename,props_pageProps_match_matchInfo_team2_playerHistories_16_playerDetails___typename,props_pageProps_match_matchInfo_team2_playerHistories_16_playerDetails_factorId,props_pageProps_match_matchInfo_team2_playerHistories_16_playerDetails_fullName,props_pageProps_match_matchInfo_team2_playerHistories_16_playerDetails_headshotUrl,props_pageProps_match_matchInfo_team2_playerHistories_16_playerDetails_name,props_pageProps_match_matchInfo_team2_playerHistories_16_playerDetails_perid,props_pageProps_match_matchInfo_team2_playerHistories_16_playerPerid,props_pageProps_match_matchInfo_team2_playerHistories_16_role,props_pageProps_match_matchInfo_team2_playerHistories_16_tournamentUrn,props_pageProps_match_matchInfo_team2_playerHistories_17___typename,props_pageProps_match_matchInfo_team2_playerHistories_17_playerDetails___typename,props_pageProps_match_matchInfo_team2_playerHistories_17_playerDetails_factorId,props_pageProps_match_matchInfo_team2_playerHistories_17_playerDetails_fullName,props_pageProps_match_matchInfo_team2_playerHistories_17_playerDetails_headshotUrl,props_pageProps_match_matchInfo_team2_playerHistories_17_playerDetails_name,props_pageProps_match_matchInfo_team2_playerHistories_17_playerDetails_perid,props_pageProps_match_matchInfo_team2_playerHistories_17_playerPerid,props_pageProps_match_matchInfo_team2_playerHistories_17_role,props_pageProps_match_matchInfo_team2_playerHistories_17_tournamentUrn,props_pageProps_match_matchInfo_team2_playerHistories_18___typename,props_pageProps_match_matchInfo_team2_playerHistories_18_playerDetails___typename,props_pageProps_match_matchInfo_team2_playerHistories_18_playerDetails_factorId,props_pageProps_match_matchInfo_team2_playerHistories_18_playerDetails_fullName,props_pageProps_match_matchInfo_team2_playerHistories_18_playerDetails_headshotUrl,props_pageProps_match_matchInfo_team2_playerHistories_18_playerDetails_name,props_pageProps_match_matchInfo_team2_playerHistories_18_playerDetails_perid,props_pageProps_match_matchInfo_team2_playerHistories_18_playerPerid,props_pageProps_match_matchInfo_team2_playerHistories_18_role,props_pageProps_match_matchInfo_team2_playerHistories_18_tournamentUrn,props_pageProps_match_matchInfo_team2_playerHistories_19___typename,props_pageProps_match_matchInfo_team2_playerHistories_19_playerDetails___typename,props_pageProps_match_matchInfo_team2_playerHistories_19_playerDetails_factorId,props_pageProps_match_matchInfo_team2_playerHistories_19_playerDetails_fullName,props_pageProps_match_matchInfo_team2_playerHistories_19_playerDetails_headshotUrl,props_pageProps_match_matchInfo_team2_playerHistories_19_playerDetails_name,props_pageProps_match_matchInfo_team2_playerHistories_19_playerDetails_perid,props_pageProps_match_matchInfo_team2_playerHistories_19_playerPerid,props_pageProps_match_matchInfo_team2_playerHistories_19_role,props_pageProps_match_matchInfo_team2_playerHistories_19_tournamentUrn,props_pageProps_match_matchInfo_team2_playerHistories_20___typename,props_pageProps_match_matchInfo_team2_playerHistories_20_playerDetails___typename,props_pageProps_match_matchInfo_team2_playerHistories_20_playerDetails_factorId,props_pageProps_match_matchInfo_team2_playerHistories_20_playerDetails_fullName,props_pageProps_match_matchInfo_team2_playerHistories_20_playerDetails_headshotUrl,props_pageProps_match_matchInfo_team2_playerHistories_20_playerDetails_name,props_pageProps_match_matchInfo_team2_playerHistories_20_playerDetails_perid,props_pageProps_match_matchInfo_team2_playerHistories_20_playerPerid,props_pageProps_match_matchInfo_team2_playerHistories_20_role,props_pageProps_match_matchInfo_team2_playerHistories_20_tournamentUrn,props_pageProps_match_matchInfo_team2_playerHistories_21___typename,props_pageProps_match_matchInfo_team2_playerHistories_21_playerDetails___typename,props_pageProps_match_matchInfo_team2_playerHistories_21_playerDetails_factorId,props_pageProps_match_matchInfo_team2_playerHistories_21_playerDetails_fullName,props_pageProps_match_matchInfo_team2_playerHistories_21_playerDetails_headshotUrl,props_pageProps_match_matchInfo_team2_playerHistories_21_playerDetails_name,props_pageProps_match_matchInfo_team2_playerHistories_21_playerDetails_perid,props_pageProps_match_matchInfo_team2_playerHistories_21_playerPerid,props_pageProps_match_matchInfo_team2_playerHistories_21_role,props_pageProps_match_matchInfo_team2_playerHistories_21_tournamentUrn,props_pageProps_match_matchInfo_team2_playerHistories_22___typename,props_pageProps_match_matchInfo_team2_playerHistories_22_playerDetails___typename,props_pageProps_match_matchInfo_team2_playerHistories_22_playerDetails_factorId,props_pageProps_match_matchInfo_team2_playerHistories_22_playerDetails_fullName,props_pageProps_match_matchInfo_team2_playerHistories_22_playerDetails_headshotUrl,props_pageProps_match_matchInfo_team2_playerHistories_22_playerDetails_name,props_pageProps_match_matchInfo_team2_playerHistories_22_playerDetails_perid,props_pageProps_match_matchInfo_team2_playerHistories_22_playerPerid,props_pageProps_match_matchInfo_team2_playerHistories_22_role,props_pageProps_match_matchInfo_team2_playerHistories_22_tournamentUrn,props_pageProps_match_matchInfo_team2_playerHistories_23___typename,props_pageProps_match_matchInfo_team2_playerHistories_23_playerDetails___typename,props_pageProps_match_matchInfo_team2_playerHistories_23_playerDetails_factorId,props_pageProps_match_matchInfo_team2_playerHistories_23_playerDetails_fullName,props_pageProps_match_matchInfo_team2_playerHistories_23_playerDetails_headshotUrl,props_pageProps_match_matchInfo_team2_playerHistories_23_playerDetails_name,props_pageProps_match_matchInfo_team2_playerHistories_23_playerDetails_perid,props_pageProps_match_matchInfo_team2_playerHistories_23_playerPerid,props_pageProps_match_matchInfo_team2_playerHistories_23_role,props_pageProps_match_matchInfo_team2_playerHistories_23_tournamentUrn,props_pageProps_match_matchInfo_team2_playerHistories_24___typename,props_pageProps_match_matchInfo_team2_playerHistories_24_playerDetails___typename,props_pageProps_match_matchInfo_team2_playerHistories_24_playerDetails_factorId,props_pageProps_match_matchInfo_team2_playerHistories_24_playerDetails_fullName,props_pageProps_match_matchInfo_team2_playerHistories_24_playerDetails_headshotUrl,props_pageProps_match_matchInfo_team2_playerHistories_24_playerDetails_name,props_pageProps_match_matchInfo_team2_playerHistories_24_playerDetails_perid,props_pageProps_match_matchInfo_team2_playerHistories_24_playerPerid,props_pageProps_match_matchInfo_team2_playerHistories_24_role,props_pageProps_match_matchInfo_team2_playerHistories_24_tournamentUrn,props_pageProps_match_matchInfo_team2_playerHistories_25___typename,props_pageProps_match_matchInfo_team2_playerHistories_25_playerDetails___typename,props_pageProps_match_matchInfo_team2_playerHistories_25_playerDetails_factorId,props_pageProps_match_matchInfo_team2_playerHistories_25_playerDetails_fullName,props_pageProps_match_matchInfo_team2_playerHistories_25_playerDetails_headshotUrl,props_pageProps_match_matchInfo_team2_playerHistories_25_playerDetails_name,props_pageProps_match_matchInfo_team2_playerHistories_25_playerDetails_perid,props_pageProps_match_matchInfo_team2_playerHistories_25_playerPerid,props_pageProps_match_matchInfo_team2_playerHistories_25_role,props_pageProps_match_matchInfo_team2_playerHistories_25_tournamentUrn,props_pageProps_match_matchInfo_team2_playerHistories_26___typename,props_pageProps_match_matchInfo_team2_playerHistories_26_playerDetails___typename,props_pageProps_match_matchInfo_team2_playerHistories_26_playerDetails_factorId,props_pageProps_match_matchInfo_team2_playerHistories_26_playerDetails_fullName,props_pageProps_match_matchInfo_team2_playerHistories_26_playerDetails_headshotUrl,props_pageProps_match_matchInfo_team2_playerHistories_26_playerDetails_name,props_pageProps_match_matchInfo_team2_playerHistories_26_playerDetails_perid,props_pageProps_match_matchInfo_team2_playerHistories_26_playerPerid,props_pageProps_match_matchInfo_team2_playerHistories_26_role,props_pageProps_match_matchInfo_team2_playerHistories_26_tournamentUrn,props_pageProps_match_matchInfo_team2_playerHistories_27___typename,props_pageProps_match_matchInfo_team2_playerHistories_27_playerDetails___typename,props_pageProps_match_matchInfo_team2_playerHistories_27_playerDetails_factorId,props_pageProps_match_matchInfo_team2_playerHistories_27_playerDetails_fullName,props_pageProps_match_matchInfo_team2_playerHistories_27_playerDetails_headshotUrl,props_pageProps_match_matchInfo_team2_playerHistories_27_playerDetails_name,props_pageProps_match_matchInfo_team2_playerHistories_27_playerDetails_perid,props_pageProps_match_matchInfo_team2_playerHistories_27_playerPerid,props_pageProps_match_matchInfo_team2_playerHistories_27_role,props_pageProps_match_matchInfo_team2_playerHistories_27_tournamentUrn,props_pageProps_match_matchInfo_team2_playerHistories_28___typename,props_pageProps_match_matchInfo_team2_playerHistories_28_playerDetails___typename,props_pageProps_match_matchInfo_team2_playerHistories_28_playerDetails_factorId,props_pageProps_match_matchInfo_team2_playerHistories_28_playerDetails_fullName,props_pageProps_match_matchInfo_team2_playerHistories_28_playerDetails_headshotUrl,props_pageProps_match_matchInfo_team2_playerHistories_28_playerDetails_name,props_pageProps_match_matchInfo_team2_playerHistories_28_playerDetails_perid,props_pageProps_match_matchInfo_team2_playerHistories_28_playerPerid,props_pageProps_match_matchInfo_team2_playerHistories_28_role,props_pageProps_match_matchInfo_team2_playerHistories_28_tournamentUrn,props_pageProps_match_matchInfo_team2_playerHistories_29___typename,props_pageProps_match_matchInfo_team2_playerHistories_29_playerDetails___typename,props_pageProps_match_matchInfo_team2_playerHistories_29_playerDetails_factorId,props_pageProps_match_matchInfo_team2_playerHistories_29_playerDetails_fullName,props_pageProps_match_matchInfo_team2_playerHistories_29_playerDetails_headshotUrl,props_pageProps_match_matchInfo_team2_playerHistories_29_playerDetails_name,props_pageProps_match_matchInfo_team2_playerHistories_29_playerDetails_perid,props_pageProps_match_matchInfo_team2_playerHistories_29_playerPerid,props_pageProps_match_matchInfo_team2_playerHistories_29_role,props_pageProps_match_matchInfo_team2_playerHistories_29_tournamentUrn,props_pageProps_match_matchInfo_team2_playerHistories_30___typename,props_pageProps_match_matchInfo_team2_playerHistories_30_playerDetails___typename,props_pageProps_match_matchInfo_team2_playerHistories_30_playerDetails_factorId,props_pageProps_match_matchInfo_team2_playerHistories_30_playerDetails_fullName,props_pageProps_match_matchInfo_team2_playerHistories_30_playerDetails_headshotUrl,props_pageProps_match_matchInfo_team2_playerHistories_30_playerDetails_name,props_pageProps_match_matchInfo_team2_playerHistories_30_playerDetails_perid,props_pageProps_match_matchInfo_team2_playerHistories_30_playerPerid,props_pageProps_match_matchInfo_team2_playerHistories_30_role,props_pageProps_match_matchInfo_team2_playerHistories_30_tournamentUrn,props_pageProps_match_matchInfo_team2_playerHistories_31___typename,props_pageProps_match_matchInfo_team2_playerHistories_31_playerDetails___typename,props_pageProps_match_matchInfo_team2_playerHistories_31_playerDetails_factorId,props_pageProps_match_matchInfo_team2_playerHistories_31_playerDetails_fullName,props_pageProps_match_matchInfo_team2_playerHistories_31_playerDetails_headshotUrl,props_pageProps_match_matchInfo_team2_playerHistories_31_playerDetails_name,props_pageProps_match_matchInfo_team2_playerHistories_31_playerDetails_perid,props_pageProps_match_matchInfo_team2_playerHistories_31_playerPerid,props_pageProps_match_matchInfo_team2_playerHistories_31_role,props_pageProps_match_matchInfo_team2_playerHistories_31_tournamentUrn,props_pageProps_match_matchInfo_team2_playerHistories_32___typename,props_pageProps_match_matchInfo_team2_playerHistories_32_playerDetails___typename,props_pageProps_match_matchInfo_team2_playerHistories_32_playerDetails_factorId,props_pageProps_match_matchInfo_team2_playerHistories_32_playerDetails_fullName,props_pageProps_match_matchInfo_team2_playerHistories_32_playerDetails_headshotUrl,props_pageProps_match_matchInfo_team2_playerHistories_32_playerDetails_name,props_pageProps_match_matchInfo_team2_playerHistories_32_playerDetails_perid,props_pageProps_match_matchInfo_team2_playerHistories_32_playerPerid,props_pageProps_match_matchInfo_team2_playerHistories_32_role,props_pageProps_match_matchInfo_team2_playerHistories_32_tournamentUrn,props_pageProps_match_matchInfo_team2_playerHistories_33___typename,props_pageProps_match_matchInfo_team2_playerHistories_33_playerDetails___typename,props_pageProps_match_matchInfo_team2_playerHistories_33_playerDetails_factorId,props_pageProps_match_matchInfo_team2_playerHistories_33_playerDetails_fullName,props_pageProps_match_matchInfo_team2_playerHistories_33_playerDetails_headshotUrl,props_pageProps_match_matchInfo_team2_playerHistories_33_playerDetails_name,props_pageProps_match_matchInfo_team2_playerHistories_33_playerDetails_perid,props_pageProps_match_matchInfo_team2_playerHistories_33_playerPerid,props_pageProps_match_matchInfo_team2_playerHistories_33_role,props_pageProps_match_matchInfo_team2_playerHistories_33_tournamentUrn,props_pageProps_match_matchInfo_team2_playerHistories_34___typename,props_pageProps_match_matchInfo_team2_playerHistories_34_playerDetails___typename,props_pageProps_match_matchInfo_team2_playerHistories_34_playerDetails_factorId,props_pageProps_match_matchInfo_team2_playerHistories_34_playerDetails_fullName,props_pageProps_match_matchInfo_team2_playerHistories_34_playerDetails_headshotUrl,props_pageProps_match_matchInfo_team2_playerHistories_34_playerDetails_name,props_pageProps_match_matchInfo_team2_playerHistories_34_playerDetails_perid,props_pageProps_match_matchInfo_team2_playerHistories_34_playerPerid,props_pageProps_match_matchInfo_team2_playerHistories_34_role,props_pageProps_match_matchInfo_team2_playerHistories_34_tournamentUrn,props_pageProps_match_matchInfo_team2_playerHistories_35___typename,props_pageProps_match_matchInfo_team2_playerHistories_35_playerDetails___typename,props_pageProps_match_matchInfo_team2_playerHistories_35_playerDetails_factorId,props_pageProps_match_matchInfo_team2_playerHistories_35_playerDetails_fullName,props_pageProps_match_matchInfo_team2_playerHistories_35_playerDetails_headshotUrl,props_pageProps_match_matchInfo_team2_playerHistories_35_playerDetails_name,props_pageProps_match_matchInfo_team2_playerHistories_35_playerDetails_perid,props_pageProps_match_matchInfo_team2_playerHistories_35_playerPerid,props_pageProps_match_matchInfo_team2_playerHistories_35_role,props_pageProps_match_matchInfo_team2_playerHistories_35_tournamentUrn,props_pageProps_match_matchInfo_team2_playerHistories_36___typename,props_pageProps_match_matchInfo_team2_playerHistories_36_playerDetails___typename,props_pageProps_match_matchInfo_team2_playerHistories_36_playerDetails_factorId,props_pageProps_match_matchInfo_team2_playerHistories_36_playerDetails_fullName,props_pageProps_match_matchInfo_team2_playerHistories_36_playerDetails_headshotUrl,props_pageProps_match_matchInfo_team2_playerHistories_36_playerDetails_name,props_pageProps_match_matchInfo_team2_playerHistories_36_playerDetails_perid,props_pageProps_match_matchInfo_team2_playerHistories_36_playerPerid,props_pageProps_match_matchInfo_team2_playerHistories_36_role,props_pageProps_match_matchInfo_team2_playerHistories_36_tournamentUrn,props_pageProps_match_matchInfo_team2_playerHistories_37___typename,props_pageProps_match_matchInfo_team2_playerHistories_37_playerDetails___typename,props_pageProps_match_matchInfo_team2_playerHistories_37_playerDetails_factorId,props_pageProps_match_matchInfo_team2_playerHistories_37_playerDetails_fullName,props_pageProps_match_matchInfo_team2_playerHistories_37_playerDetails_headshotUrl,props_pageProps_match_matchInfo_team2_playerHistories_37_playerDetails_name,props_pageProps_match_matchInfo_team2_playerHistories_37_playerDetails_perid,props_pageProps_match_matchInfo_team2_playerHistories_37_playerPerid,props_pageProps_match_matchInfo_team2_playerHistories_37_role,props_pageProps_match_matchInfo_team2_playerHistories_37_tournamentUrn,props_pageProps_match_matchInfo_team2_playerHistories_38___typename,props_pageProps_match_matchInfo_team2_playerHistories_38_playerDetails,props_pageProps_match_matchInfo_team2_playerHistories_38_playerPerid,props_pageProps_match_matchInfo_team2_playerHistories_38_role,props_pageProps_match_matchInfo_team2_playerHistories_38_tournamentUrn,props_pageProps_match_matchInfo_team2_playerHistories_39___typename,props_pageProps_match_matchInfo_team2_playerHistories_39_playerDetails,props_pageProps_match_matchInfo_team2_playerHistories_39_playerPerid,props_pageProps_match_matchInfo_team2_playerHistories_39_role,props_pageProps_match_matchInfo_team2_playerHistories_39_tournamentUrn,props_pageProps_match_matchInfo_team2_playerHistories_40___typename,props_pageProps_match_matchInfo_team2_playerHistories_40_playerDetails,props_pageProps_match_matchInfo_team2_playerHistories_40_playerPerid,props_pageProps_match_matchInfo_team2_playerHistories_40_role,props_pageProps_match_matchInfo_team2_playerHistories_40_tournamentUrn,props_pageProps_match_matchInfo_team2_playerHistories_41___typename,props_pageProps_match_matchInfo_team2_playerHistories_41_playerDetails,props_pageProps_match_matchInfo_team2_playerHistories_41_playerPerid,props_pageProps_match_matchInfo_team2_playerHistories_41_role,props_pageProps_match_matchInfo_team2_playerHistories_41_tournamentUrn,props_pageProps_match_matchInfo_team2_playerHistories_42___typename,props_pageProps_match_matchInfo_team2_playerHistories_42_playerDetails,props_pageProps_match_matchInfo_team2_playerHistories_42_playerPerid,props_pageProps_match_matchInfo_team2_playerHistories_42_role,props_pageProps_match_matchInfo_team2_playerHistories_42_tournamentUrn,props_pageProps_match_matchInfo_team2_playerHistories_43___typename,props_pageProps_match_matchInfo_team2_playerHistories_43_playerDetails,props_pageProps_match_matchInfo_team2_playerHistories_43_playerPerid,props_pageProps_match_matchInfo_team2_playerHistories_43_role,props_pageProps_match_matchInfo_team2_playerHistories_43_tournamentUrn,props_pageProps_match_matchInfo_team2_playerHistories_44___typename,props_pageProps_match_matchInfo_team2_playerHistories_44_playerDetails,props_pageProps_match_matchInfo_team2_playerHistories_44_playerPerid,props_pageProps_match_matchInfo_team2_playerHistories_44_role,props_pageProps_match_matchInfo_team2_playerHistories_44_tournamentUrn,props_pageProps_match_matchInfo_team2_playerHistories_45___typename,props_pageProps_match_matchInfo_team2_playerHistories_45_playerDetails,props_pageProps_match_matchInfo_team2_playerHistories_45_playerPerid,props_pageProps_match_matchInfo_team2_playerHistories_45_role,props_pageProps_match_matchInfo_team2_playerHistories_45_tournamentUrn,props_pageProps_match_matchInfo_team2_playerHistories_46___typename,props_pageProps_match_matchInfo_team2_playerHistories_46_playerDetails,props_pageProps_match_matchInfo_team2_playerHistories_46_playerPerid,props_pageProps_match_matchInfo_team2_playerHistories_46_role,props_pageProps_match_matchInfo_team2_playerHistories_46_tournamentUrn,props_pageProps_match_matchInfo_team2_playerHistories_47___typename,props_pageProps_match_matchInfo_team2_playerHistories_47_playerDetails,props_pageProps_match_matchInfo_team2_playerHistories_47_playerPerid,props_pageProps_match_matchInfo_team2_playerHistories_47_role,props_pageProps_match_matchInfo_team2_playerHistories_47_tournamentUrn,props_pageProps_match_matchInfo_team2_playerHistories_48___typename,props_pageProps_match_matchInfo_team2_playerHistories_48_playerDetails,props_pageProps_match_matchInfo_team2_playerHistories_48_playerPerid,props_pageProps_match_matchInfo_team2_playerHistories_48_role,props_pageProps_match_matchInfo_team2_playerHistories_48_tournamentUrn,props_pageProps_match_matchInfo_team2_playerHistories_49___typename,props_pageProps_match_matchInfo_team2_playerHistories_49_playerDetails,props_pageProps_match_matchInfo_team2_playerHistories_49_playerPerid,props_pageProps_match_matchInfo_team2_playerHistories_49_role,props_pageProps_match_matchInfo_team2_playerHistories_49_tournamentUrn,props_pageProps_match_matchInfo_team2_playerHistories_50___typename,props_pageProps_match_matchInfo_team2_playerHistories_50_playerDetails,props_pageProps_match_matchInfo_team2_playerHistories_50_playerPerid,props_pageProps_match_matchInfo_team2_playerHistories_50_role,props_pageProps_match_matchInfo_team2_playerHistories_50_tournamentUrn,props_pageProps_match_matchInfo_team2_playerHistories_51___typename,props_pageProps_match_matchInfo_team2_playerHistories_51_playerDetails,props_pageProps_match_matchInfo_team2_playerHistories_51_playerPerid,props_pageProps_match_matchInfo_team2_playerHistories_51_role,props_pageProps_match_matchInfo_team2_playerHistories_51_tournamentUrn,props_pageProps_match_matchInfo_team2_powrRanking___typename,props_pageProps_match_matchInfo_team2_powrRanking_gameRecord,props_pageProps_match_matchInfo_team2_powrRanking_gamesPlayed,props_pageProps_match_matchInfo_team2_powrRanking_prevRanking,props_pageProps_match_matchInfo_team2_powrRanking_rank,props_pageProps_match_matchInfo_team2_powrRanking_ranking,props_pageProps_match_matchInfo_team2_powrRanking_team,props_pageProps_match_matchInfo_team2_powrRanking_teamPerid,props_pageProps_match_matchInfo_team2_roster_0_playerDetails___typename,props_pageProps_match_matchInfo_team2_roster_0_playerDetails_factorId,props_pageProps_match_matchInfo_team2_roster_0_playerDetails_fullName,props_pageProps_match_matchInfo_team2_roster_0_playerDetails_headshotUrl,props_pageProps_match_matchInfo_team2_roster_0_playerDetails_name,props_pageProps_match_matchInfo_team2_roster_0_playerDetails_perid,props_pageProps_match_matchInfo_team2_roster_0_playerName,props_pageProps_match_matchInfo_team2_roster_0_playerPerid,props_pageProps_match_matchInfo_team2_roster_0_role,props_pageProps_match_matchInfo_team2_roster_1_playerDetails___typename,props_pageProps_match_matchInfo_team2_roster_1_playerDetails_factorId,props_pageProps_match_matchInfo_team2_roster_1_playerDetails_fullName,props_pageProps_match_matchInfo_team2_roster_1_playerDetails_headshotUrl,props_pageProps_match_matchInfo_team2_roster_1_playerDetails_name,props_pageProps_match_matchInfo_team2_roster_1_playerDetails_perid,props_pageProps_match_matchInfo_team2_roster_1_playerName,props_pageProps_match_matchInfo_team2_roster_1_playerPerid,props_pageProps_match_matchInfo_team2_roster_1_role,props_pageProps_match_matchInfo_team2_roster_2_playerDetails___typename,props_pageProps_match_matchInfo_team2_roster_2_playerDetails_factorId,props_pageProps_match_matchInfo_team2_roster_2_playerDetails_fullName,props_pageProps_match_matchInfo_team2_roster_2_playerDetails_headshotUrl,props_pageProps_match_matchInfo_team2_roster_2_playerDetails_name,props_pageProps_match_matchInfo_team2_roster_2_playerDetails_perid,props_pageProps_match_matchInfo_team2_roster_2_playerName,props_pageProps_match_matchInfo_team2_roster_2_playerPerid,props_pageProps_match_matchInfo_team2_roster_2_role,props_pageProps_match_matchInfo_team2_roster_3_playerDetails___typename,props_pageProps_match_matchInfo_team2_roster_3_playerDetails_factorId,props_pageProps_match_matchInfo_team2_roster_3_playerDetails_fullName,props_pageProps_match_matchInfo_team2_roster_3_playerDetails_headshotUrl,props_pageProps_match_matchInfo_team2_roster_3_playerDetails_name,props_pageProps_match_matchInfo_team2_roster_3_playerDetails_perid,props_pageProps_match_matchInfo_team2_roster_3_playerName,props_pageProps_match_matchInfo_team2_roster_3_playerPerid,props_pageProps_match_matchInfo_team2_roster_3_role,props_pageProps_match_matchInfo_team2_roster_4_playerDetails___typename,props_pageProps_match_matchInfo_team2_roster_4_playerDetails_factorId,props_pageProps_match_matchInfo_team2_roster_4_playerDetails_fullName,props_pageProps_match_matchInfo_team2_roster_4_playerDetails_headshotUrl,props_pageProps_match_matchInfo_team2_roster_4_playerDetails_name,props_pageProps_match_matchInfo_team2_roster_4_playerDetails_perid,props_pageProps_match_matchInfo_team2_roster_4_playerName,props_pageProps_match_matchInfo_team2_roster_4_playerPerid,props_pageProps_match_matchInfo_team2_roster_4_role,props_pageProps_match_matchInfo_team2_teamLogo___typename,props_pageProps_match_matchInfo_team2_teamLogo_darkFlip,props_pageProps_match_matchInfo_team2_teamLogo_darkShadow,props_pageProps_match_matchInfo_team2_teamLogo_logoUrl,props_pageProps_match_matchInfo_team2_teamStandings___typename,props_pageProps_match_matchInfo_team2_teamStandings_lossSeries,props_pageProps_match_matchInfo_team2_teamStandings_position,props_pageProps_match_matchInfo_team2_teamStandings_seriesUrn,props_pageProps_match_matchInfo_team2_teamStandings_teamDetails___typename,props_pageProps_match_matchInfo_team2_teamStandings_teamDetails_factorId,props_pageProps_match_matchInfo_team2_teamStandings_teamDetails_fullName,props_pageProps_match_matchInfo_team2_teamStandings_teamDetails_teamLogo___typename,props_pageProps_match_matchInfo_team2_teamStandings_teamDetails_teamLogo_darkFlip,props_pageProps_match_matchInfo_team2_teamStandings_teamDetails_teamLogo_darkShadow,props_pageProps_match_matchInfo_team2_teamStandings_teamDetails_teamLogo_logoUrl,props_pageProps_match_matchInfo_team2_teamStandings_teamDetails_teamUrn,props_pageProps_match_matchInfo_team2_teamStandings_teamPerid,props_pageProps_match_matchInfo_team2_teamStandings_teamRanking___typename,props_pageProps_match_matchInfo_team2_teamStandings_teamRanking_ranking,props_pageProps_match_matchInfo_team2_teamStandings_winSeries,props_pageProps_match_matchInfo_team2_teamUrn,props_pageProps_match_matchInfo_team2_tournaments_0___typename,props_pageProps_match_matchInfo_team2_tournaments_0_series___typename,props_pageProps_match_matchInfo_team2_tournaments_0_series_seriesName,props_pageProps_match_matchInfo_team2_tournaments_0_series_seriesUrn,props_pageProps_match_matchInfo_team2_tournaments_0_tournamentUrn,props_pageProps_match_matchInfo_team2_tournaments_1___typename,props_pageProps_match_matchInfo_team2_tournaments_1_series___typename,props_pageProps_match_matchInfo_team2_tournaments_1_series_seriesName,props_pageProps_match_matchInfo_team2_tournaments_1_series_seriesUrn,props_pageProps_match_matchInfo_team2_tournaments_1_tournamentUrn,props_pageProps_match_matchInfo_team2_tournaments_2___typename,props_pageProps_match_matchInfo_team2_tournaments_2_series___typename,props_pageProps_match_matchInfo_team2_tournaments_2_series_seriesName,props_pageProps_match_matchInfo_team2_tournaments_2_series_seriesUrn,props_pageProps_match_matchInfo_team2_tournaments_2_tournamentUrn,props_pageProps_match_matchInfo_tournament___typename,props_pageProps_match_matchInfo_tournament_endDate,props_pageProps_match_matchInfo_tournament_lastModified,props_pageProps_match_matchInfo_tournament_name,props_pageProps_match_matchInfo_tournament_season___typename,props_pageProps_match_matchInfo_tournament_season_seasonFullName,props_pageProps_match_matchInfo_tournament_season_seasonName,props_pageProps_match_matchInfo_tournament_season_seasonUrn,props_pageProps_match_matchInfo_tournament_series___typename,props_pageProps_match_matchInfo_tournament_series_seriesName,props_pageProps_match_matchInfo_tournament_series_seriesUrn,props_pageProps_match_matchInfo_tournament_startDate,props_pageProps_match_matchInfo_tournament_tier,props_pageProps_match_matchInfo_tournament_tierLabel,props_pageProps_match_matchInfo_tournament_titleId,props_pageProps_match_matchInfo_tournament_tournamentUrn,props_pageProps_match_pageState_gameNumber,props_pageProps_match_pageState_hasNoTabParams,props_pageProps_match_pageState_matchId,props_pageProps_match_pageState_postMatchTab,props_pageProps_match_seriesName,props_pageProps_match_team1_championPicks___typename,props_pageProps_match_team1_championPicks_items_0___typename,props_pageProps_match_team1_championPicks_items_0_banCount,props_pageProps_match_team1_championPicks_items_0_champion,props_pageProps_match_team1_championPicks_items_0_pickCount,props_pageProps_match_team1_championPicks_items_0_totalCount,props_pageProps_match_team1_championPicks_items_0_winBanCount,props_pageProps_match_team1_championPicks_items_0_winPickCount,props_pageProps_match_team1_championPicks_items_1___typename,props_pageProps_match_team1_championPicks_items_1_banCount,props_pageProps_match_team1_championPicks_items_1_champion,props_pageProps_match_team1_championPicks_items_1_pickCount,props_pageProps_match_team1_championPicks_items_1_totalCount,props_pageProps_match_team1_championPicks_items_1_winBanCount,props_pageProps_match_team1_championPicks_items_1_winPickCount,props_pageProps_match_team1_championPicks_items_2___typename,props_pageProps_match_team1_championPicks_items_2_banCount,props_pageProps_match_team1_championPicks_items_2_champion,props_pageProps_match_team1_championPicks_items_2_pickCount,props_pageProps_match_team1_championPicks_items_2_totalCount,props_pageProps_match_team1_championPicks_items_2_winBanCount,props_pageProps_match_team1_championPicks_items_2_winPickCount,props_pageProps_match_team1_championPicks_items_3___typename,props_pageProps_match_team1_championPicks_items_3_banCount,props_pageProps_match_team1_championPicks_items_3_champion,props_pageProps_match_team1_championPicks_items_3_pickCount,props_pageProps_match_team1_championPicks_items_3_totalCount,props_pageProps_match_team1_championPicks_items_3_winBanCount,props_pageProps_match_team1_championPicks_items_3_winPickCount,props_pageProps_match_team1_championPicks_items_4___typename,props_pageProps_match_team1_championPicks_items_4_banCount,props_pageProps_match_team1_championPicks_items_4_champion,props_pageProps_match_team1_championPicks_items_4_pickCount,props_pageProps_match_team1_championPicks_items_4_totalCount,props_pageProps_match_team1_championPicks_items_4_winBanCount,props_pageProps_match_team1_championPicks_items_4_winPickCount,props_pageProps_match_team1_championPicks_items_5___typename,props_pageProps_match_team1_championPicks_items_5_banCount,props_pageProps_match_team1_championPicks_items_5_champion,props_pageProps_match_team1_championPicks_items_5_pickCount,props_pageProps_match_team1_championPicks_items_5_totalCount,props_pageProps_match_team1_championPicks_items_5_winBanCount,props_pageProps_match_team1_championPicks_items_5_winPickCount,props_pageProps_match_team1_championPicks_items_6___typename,props_pageProps_match_team1_championPicks_items_6_banCount,props_pageProps_match_team1_championPicks_items_6_champion,props_pageProps_match_team1_championPicks_items_6_pickCount,props_pageProps_match_team1_championPicks_items_6_totalCount,props_pageProps_match_team1_championPicks_items_6_winBanCount,props_pageProps_match_team1_championPicks_items_6_winPickCount,props_pageProps_match_team1_championPicks_items_7___typename,props_pageProps_match_team1_championPicks_items_7_banCount,props_pageProps_match_team1_championPicks_items_7_champion,props_pageProps_match_team1_championPicks_items_7_pickCount,props_pageProps_match_team1_championPicks_items_7_totalCount,props_pageProps_match_team1_championPicks_items_7_winBanCount,props_pageProps_match_team1_championPicks_items_7_winPickCount,props_pageProps_match_team1_championPicks_items_8___typename,props_pageProps_match_team1_championPicks_items_8_banCount,props_pageProps_match_team1_championPicks_items_8_champion,props_pageProps_match_team1_championPicks_items_8_pickCount,props_pageProps_match_team1_championPicks_items_8_totalCount,props_pageProps_match_team1_championPicks_items_8_winBanCount,props_pageProps_match_team1_championPicks_items_8_winPickCount,props_pageProps_match_team1_championPicks_items_9___typename,props_pageProps_match_team1_championPicks_items_9_banCount,props_pageProps_match_team1_championPicks_items_9_champion,props_pageProps_match_team1_championPicks_items_9_pickCount,props_pageProps_match_team1_championPicks_items_9_totalCount,props_pageProps_match_team1_championPicks_items_9_winBanCount,props_pageProps_match_team1_championPicks_items_9_winPickCount,props_pageProps_match_team1_championPicks_items_10___typename,props_pageProps_match_team1_championPicks_items_10_banCount,props_pageProps_match_team1_championPicks_items_10_champion,props_pageProps_match_team1_championPicks_items_10_pickCount,props_pageProps_match_team1_championPicks_items_10_totalCount,props_pageProps_match_team1_championPicks_items_10_winBanCount,props_pageProps_match_team1_championPicks_items_10_winPickCount,props_pageProps_match_team1_championPicks_items_11___typename,props_pageProps_match_team1_championPicks_items_11_banCount,props_pageProps_match_team1_championPicks_items_11_champion,props_pageProps_match_team1_championPicks_items_11_pickCount,props_pageProps_match_team1_championPicks_items_11_totalCount,props_pageProps_match_team1_championPicks_items_11_winBanCount,props_pageProps_match_team1_championPicks_items_11_winPickCount,props_pageProps_match_team1_championPicks_items_12___typename,props_pageProps_match_team1_championPicks_items_12_banCount,props_pageProps_match_team1_championPicks_items_12_champion,props_pageProps_match_team1_championPicks_items_12_pickCount,props_pageProps_match_team1_championPicks_items_12_totalCount,props_pageProps_match_team1_championPicks_items_12_winBanCount,props_pageProps_match_team1_championPicks_items_12_winPickCount,props_pageProps_match_team1_championPicks_items_13___typename,props_pageProps_match_team1_championPicks_items_13_banCount,props_pageProps_match_team1_championPicks_items_13_champion,props_pageProps_match_team1_championPicks_items_13_pickCount,props_pageProps_match_team1_championPicks_items_13_totalCount,props_pageProps_match_team1_championPicks_items_13_winBanCount,props_pageProps_match_team1_championPicks_items_13_winPickCount,props_pageProps_match_team1_championPicks_items_14___typename,props_pageProps_match_team1_championPicks_items_14_banCount,props_pageProps_match_team1_championPicks_items_14_champion,props_pageProps_match_team1_championPicks_items_14_pickCount,props_pageProps_match_team1_championPicks_items_14_totalCount,props_pageProps_match_team1_championPicks_items_14_winBanCount,props_pageProps_match_team1_championPicks_items_14_winPickCount,props_pageProps_match_team1_championPicks_items_15___typename,props_pageProps_match_team1_championPicks_items_15_banCount,props_pageProps_match_team1_championPicks_items_15_champion,props_pageProps_match_team1_championPicks_items_15_pickCount,props_pageProps_match_team1_championPicks_items_15_totalCount,props_pageProps_match_team1_championPicks_items_15_winBanCount,props_pageProps_match_team1_championPicks_items_15_winPickCount,props_pageProps_match_team1_championPicks_items_16___typename,props_pageProps_match_team1_championPicks_items_16_banCount,props_pageProps_match_team1_championPicks_items_16_champion,props_pageProps_match_team1_championPicks_items_16_pickCount,props_pageProps_match_team1_championPicks_items_16_totalCount,props_pageProps_match_team1_championPicks_items_16_winBanCount,props_pageProps_match_team1_championPicks_items_16_winPickCount,props_pageProps_match_team1_championPicks_items_17___typename,props_pageProps_match_team1_championPicks_items_17_banCount,props_pageProps_match_team1_championPicks_items_17_champion,props_pageProps_match_team1_championPicks_items_17_pickCount,props_pageProps_match_team1_championPicks_items_17_totalCount,props_pageProps_match_team1_championPicks_items_17_winBanCount,props_pageProps_match_team1_championPicks_items_17_winPickCount,props_pageProps_match_team1_championPicks_items_18___typename,props_pageProps_match_team1_championPicks_items_18_banCount,props_pageProps_match_team1_championPicks_items_18_champion,props_pageProps_match_team1_championPicks_items_18_pickCount,props_pageProps_match_team1_championPicks_items_18_totalCount,props_pageProps_match_team1_championPicks_items_18_winBanCount,props_pageProps_match_team1_championPicks_items_18_winPickCount,props_pageProps_match_team1_championPicks_items_19___typename,props_pageProps_match_team1_championPicks_items_19_banCount,props_pageProps_match_team1_championPicks_items_19_champion,props_pageProps_match_team1_championPicks_items_19_pickCount,props_pageProps_match_team1_championPicks_items_19_totalCount,props_pageProps_match_team1_championPicks_items_19_winBanCount,props_pageProps_match_team1_championPicks_items_19_winPickCount,props_pageProps_match_team1_championPicks_items_20___typename,props_pageProps_match_team1_championPicks_items_20_banCount,props_pageProps_match_team1_championPicks_items_20_champion,props_pageProps_match_team1_championPicks_items_20_pickCount,props_pageProps_match_team1_championPicks_items_20_totalCount,props_pageProps_match_team1_championPicks_items_20_winBanCount,props_pageProps_match_team1_championPicks_items_20_winPickCount,props_pageProps_match_team1_championPicks_items_21___typename,props_pageProps_match_team1_championPicks_items_21_banCount,props_pageProps_match_team1_championPicks_items_21_champion,props_pageProps_match_team1_championPicks_items_21_pickCount,props_pageProps_match_team1_championPicks_items_21_totalCount,props_pageProps_match_team1_championPicks_items_21_winBanCount,props_pageProps_match_team1_championPicks_items_21_winPickCount,props_pageProps_match_team1_championPicks_items_22___typename,props_pageProps_match_team1_championPicks_items_22_banCount,props_pageProps_match_team1_championPicks_items_22_champion,props_pageProps_match_team1_championPicks_items_22_pickCount,props_pageProps_match_team1_championPicks_items_22_totalCount,props_pageProps_match_team1_championPicks_items_22_winBanCount,props_pageProps_match_team1_championPicks_items_22_winPickCount,props_pageProps_match_team1_championPicks_items_23___typename,props_pageProps_match_team1_championPicks_items_23_banCount,props_pageProps_match_team1_championPicks_items_23_champion,props_pageProps_match_team1_championPicks_items_23_pickCount,props_pageProps_match_team1_championPicks_items_23_totalCount,props_pageProps_match_team1_championPicks_items_23_winBanCount,props_pageProps_match_team1_championPicks_items_23_winPickCount,props_pageProps_match_team1_championPicks_items_24___typename,props_pageProps_match_team1_championPicks_items_24_banCount,props_pageProps_match_team1_championPicks_items_24_champion,props_pageProps_match_team1_championPicks_items_24_pickCount,props_pageProps_match_team1_championPicks_items_24_totalCount,props_pageProps_match_team1_championPicks_items_24_winBanCount,props_pageProps_match_team1_championPicks_items_24_winPickCount,props_pageProps_match_team1_championPicks_items_25___typename,props_pageProps_match_team1_championPicks_items_25_banCount,props_pageProps_match_team1_championPicks_items_25_champion,props_pageProps_match_team1_championPicks_items_25_pickCount,props_pageProps_match_team1_championPicks_items_25_totalCount,props_pageProps_match_team1_championPicks_items_25_winBanCount,props_pageProps_match_team1_championPicks_items_25_winPickCount,props_pageProps_match_team1_championPicks_items_26___typename,props_pageProps_match_team1_championPicks_items_26_banCount,props_pageProps_match_team1_championPicks_items_26_champion,props_pageProps_match_team1_championPicks_items_26_pickCount,props_pageProps_match_team1_championPicks_items_26_totalCount,props_pageProps_match_team1_championPicks_items_26_winBanCount,props_pageProps_match_team1_championPicks_items_26_winPickCount,props_pageProps_match_team1_championPicks_items_27___typename,props_pageProps_match_team1_championPicks_items_27_banCount,props_pageProps_match_team1_championPicks_items_27_champion,props_pageProps_match_team1_championPicks_items_27_pickCount,props_pageProps_match_team1_championPicks_items_27_totalCount,props_pageProps_match_team1_championPicks_items_27_winBanCount,props_pageProps_match_team1_championPicks_items_27_winPickCount,props_pageProps_match_team1_championPicks_items_28___typename,props_pageProps_match_team1_championPicks_items_28_banCount,props_pageProps_match_team1_championPicks_items_28_champion,props_pageProps_match_team1_championPicks_items_28_pickCount,props_pageProps_match_team1_championPicks_items_28_totalCount,props_pageProps_match_team1_championPicks_items_28_winBanCount,props_pageProps_match_team1_championPicks_items_28_winPickCount,props_pageProps_match_team1_championPicks_items_29___typename,props_pageProps_match_team1_championPicks_items_29_banCount,props_pageProps_match_team1_championPicks_items_29_champion,props_pageProps_match_team1_championPicks_items_29_pickCount,props_pageProps_match_team1_championPicks_items_29_totalCount,props_pageProps_match_team1_championPicks_items_29_winBanCount,props_pageProps_match_team1_championPicks_items_29_winPickCount,props_pageProps_match_team1_championPicks_items_30___typename,props_pageProps_match_team1_championPicks_items_30_banCount,props_pageProps_match_team1_championPicks_items_30_champion,props_pageProps_match_team1_championPicks_items_30_pickCount,props_pageProps_match_team1_championPicks_items_30_totalCount,props_pageProps_match_team1_championPicks_items_30_winBanCount,props_pageProps_match_team1_championPicks_items_30_winPickCount,props_pageProps_match_team1_championPicks_items_31___typename,props_pageProps_match_team1_championPicks_items_31_banCount,props_pageProps_match_team1_championPicks_items_31_champion,props_pageProps_match_team1_championPicks_items_31_pickCount,props_pageProps_match_team1_championPicks_items_31_totalCount,props_pageProps_match_team1_championPicks_items_31_winBanCount,props_pageProps_match_team1_championPicks_items_31_winPickCount,props_pageProps_match_team1_championPicks_items_32___typename,props_pageProps_match_team1_championPicks_items_32_banCount,props_pageProps_match_team1_championPicks_items_32_champion,props_pageProps_match_team1_championPicks_items_32_pickCount,props_pageProps_match_team1_championPicks_items_32_totalCount,props_pageProps_match_team1_championPicks_items_32_winBanCount,props_pageProps_match_team1_championPicks_items_32_winPickCount,props_pageProps_match_team1_championPicks_items_33___typename,props_pageProps_match_team1_championPicks_items_33_banCount,props_pageProps_match_team1_championPicks_items_33_champion,props_pageProps_match_team1_championPicks_items_33_pickCount,props_pageProps_match_team1_championPicks_items_33_totalCount,props_pageProps_match_team1_championPicks_items_33_winBanCount,props_pageProps_match_team1_championPicks_items_33_winPickCount,props_pageProps_match_team1_championPicks_items_34___typename,props_pageProps_match_team1_championPicks_items_34_banCount,props_pageProps_match_team1_championPicks_items_34_champion,props_pageProps_match_team1_championPicks_items_34_pickCount,props_pageProps_match_team1_championPicks_items_34_totalCount,props_pageProps_match_team1_championPicks_items_34_winBanCount,props_pageProps_match_team1_championPicks_items_34_winPickCount,props_pageProps_match_team1_championPicks_items_35___typename,props_pageProps_match_team1_championPicks_items_35_banCount,props_pageProps_match_team1_championPicks_items_35_champion,props_pageProps_match_team1_championPicks_items_35_pickCount,props_pageProps_match_team1_championPicks_items_35_totalCount,props_pageProps_match_team1_championPicks_items_35_winBanCount,props_pageProps_match_team1_championPicks_items_35_winPickCount,props_pageProps_match_team1_championPicks_items_36___typename,props_pageProps_match_team1_championPicks_items_36_banCount,props_pageProps_match_team1_championPicks_items_36_champion,props_pageProps_match_team1_championPicks_items_36_pickCount,props_pageProps_match_team1_championPicks_items_36_totalCount,props_pageProps_match_team1_championPicks_items_36_winBanCount,props_pageProps_match_team1_championPicks_items_36_winPickCount,props_pageProps_match_team1_championPicks_items_37___typename,props_pageProps_match_team1_championPicks_items_37_banCount,props_pageProps_match_team1_championPicks_items_37_champion,props_pageProps_match_team1_championPicks_items_37_pickCount,props_pageProps_match_team1_championPicks_items_37_totalCount,props_pageProps_match_team1_championPicks_items_37_winBanCount,props_pageProps_match_team1_championPicks_items_37_winPickCount,props_pageProps_match_team1_championPicks_items_38___typename,props_pageProps_match_team1_championPicks_items_38_banCount,props_pageProps_match_team1_championPicks_items_38_champion,props_pageProps_match_team1_championPicks_items_38_pickCount,props_pageProps_match_team1_championPicks_items_38_totalCount,props_pageProps_match_team1_championPicks_items_38_winBanCount,props_pageProps_match_team1_championPicks_items_38_winPickCount,props_pageProps_match_team1_championPicks_items_39___typename,props_pageProps_match_team1_championPicks_items_39_banCount,props_pageProps_match_team1_championPicks_items_39_champion,props_pageProps_match_team1_championPicks_items_39_pickCount,props_pageProps_match_team1_championPicks_items_39_totalCount,props_pageProps_match_team1_championPicks_items_39_winBanCount,props_pageProps_match_team1_championPicks_items_39_winPickCount,props_pageProps_match_team1_championPicks_items_40___typename,props_pageProps_match_team1_championPicks_items_40_banCount,props_pageProps_match_team1_championPicks_items_40_champion,props_pageProps_match_team1_championPicks_items_40_pickCount,props_pageProps_match_team1_championPicks_items_40_totalCount,props_pageProps_match_team1_championPicks_items_40_winBanCount,props_pageProps_match_team1_championPicks_items_40_winPickCount,props_pageProps_match_team1_championPicks_items_41___typename,props_pageProps_match_team1_championPicks_items_41_banCount,props_pageProps_match_team1_championPicks_items_41_champion,props_pageProps_match_team1_championPicks_items_41_pickCount,props_pageProps_match_team1_championPicks_items_41_totalCount,props_pageProps_match_team1_championPicks_items_41_winBanCount,props_pageProps_match_team1_championPicks_items_41_winPickCount,props_pageProps_match_team1_championPicks_items_42___typename,props_pageProps_match_team1_championPicks_items_42_banCount,props_pageProps_match_team1_championPicks_items_42_champion,props_pageProps_match_team1_championPicks_items_42_pickCount,props_pageProps_match_team1_championPicks_items_42_totalCount,props_pageProps_match_team1_championPicks_items_42_winBanCount,props_pageProps_match_team1_championPicks_items_42_winPickCount,props_pageProps_match_team1_championPicks_items_43___typename,props_pageProps_match_team1_championPicks_items_43_banCount,props_pageProps_match_team1_championPicks_items_43_champion,props_pageProps_match_team1_championPicks_items_43_pickCount,props_pageProps_match_team1_championPicks_items_43_totalCount,props_pageProps_match_team1_championPicks_items_43_winBanCount,props_pageProps_match_team1_championPicks_items_43_winPickCount,props_pageProps_match_team1_championPicks_items_44___typename,props_pageProps_match_team1_championPicks_items_44_banCount,props_pageProps_match_team1_championPicks_items_44_champion,props_pageProps_match_team1_championPicks_items_44_pickCount,props_pageProps_match_team1_championPicks_items_44_totalCount,props_pageProps_match_team1_championPicks_items_44_winBanCount,props_pageProps_match_team1_championPicks_items_44_winPickCount,props_pageProps_match_team1_championPicks_items_45___typename,props_pageProps_match_team1_championPicks_items_45_banCount,props_pageProps_match_team1_championPicks_items_45_champion,props_pageProps_match_team1_championPicks_items_45_pickCount,props_pageProps_match_team1_championPicks_items_45_totalCount,props_pageProps_match_team1_championPicks_items_45_winBanCount,props_pageProps_match_team1_championPicks_items_45_winPickCount,props_pageProps_match_team1_championPicks_items_46___typename,props_pageProps_match_team1_championPicks_items_46_banCount,props_pageProps_match_team1_championPicks_items_46_champion,props_pageProps_match_team1_championPicks_items_46_pickCount,props_pageProps_match_team1_championPicks_items_46_totalCount,props_pageProps_match_team1_championPicks_items_46_winBanCount,props_pageProps_match_team1_championPicks_items_46_winPickCount,props_pageProps_match_team1_championPicks_total,props_pageProps_match_team1_championPicks_totalPickCount,props_pageProps_match_team1_picksByPosition_bot___typename,props_pageProps_match_team1_picksByPosition_bot_items_0___typename,props_pageProps_match_team1_picksByPosition_bot_items_0_banCount,props_pageProps_match_team1_picksByPosition_bot_items_0_champion,props_pageProps_match_team1_picksByPosition_bot_items_0_pickCount,props_pageProps_match_team1_picksByPosition_bot_items_0_totalCount,props_pageProps_match_team1_picksByPosition_bot_items_0_winBanCount,props_pageProps_match_team1_picksByPosition_bot_items_0_winPickCount,props_pageProps_match_team1_picksByPosition_bot_items_1___typename,props_pageProps_match_team1_picksByPosition_bot_items_1_banCount,props_pageProps_match_team1_picksByPosition_bot_items_1_champion,props_pageProps_match_team1_picksByPosition_bot_items_1_pickCount,props_pageProps_match_team1_picksByPosition_bot_items_1_totalCount,props_pageProps_match_team1_picksByPosition_bot_items_1_winBanCount,props_pageProps_match_team1_picksByPosition_bot_items_1_winPickCount,props_pageProps_match_team1_picksByPosition_bot_items_2___typename,props_pageProps_match_team1_picksByPosition_bot_items_2_banCount,props_pageProps_match_team1_picksByPosition_bot_items_2_champion,props_pageProps_match_team1_picksByPosition_bot_items_2_pickCount,props_pageProps_match_team1_picksByPosition_bot_items_2_totalCount,props_pageProps_match_team1_picksByPosition_bot_items_2_winBanCount,props_pageProps_match_team1_picksByPosition_bot_items_2_winPickCount,props_pageProps_match_team1_picksByPosition_bot_items_3___typename,props_pageProps_match_team1_picksByPosition_bot_items_3_banCount,props_pageProps_match_team1_picksByPosition_bot_items_3_champion,props_pageProps_match_team1_picksByPosition_bot_items_3_pickCount,props_pageProps_match_team1_picksByPosition_bot_items_3_totalCount,props_pageProps_match_team1_picksByPosition_bot_items_3_winBanCount,props_pageProps_match_team1_picksByPosition_bot_items_3_winPickCount,props_pageProps_match_team1_picksByPosition_bot_items_4___typename,props_pageProps_match_team1_picksByPosition_bot_items_4_banCount,props_pageProps_match_team1_picksByPosition_bot_items_4_champion,props_pageProps_match_team1_picksByPosition_bot_items_4_pickCount,props_pageProps_match_team1_picksByPosition_bot_items_4_totalCount,props_pageProps_match_team1_picksByPosition_bot_items_4_winBanCount,props_pageProps_match_team1_picksByPosition_bot_items_4_winPickCount,props_pageProps_match_team1_picksByPosition_bot_items_5___typename,props_pageProps_match_team1_picksByPosition_bot_items_5_banCount,props_pageProps_match_team1_picksByPosition_bot_items_5_champion,props_pageProps_match_team1_picksByPosition_bot_items_5_pickCount,props_pageProps_match_team1_picksByPosition_bot_items_5_totalCount,props_pageProps_match_team1_picksByPosition_bot_items_5_winBanCount,props_pageProps_match_team1_picksByPosition_bot_items_5_winPickCount,props_pageProps_match_team1_picksByPosition_bot_items_6___typename,props_pageProps_match_team1_picksByPosition_bot_items_6_banCount,props_pageProps_match_team1_picksByPosition_bot_items_6_champion,props_pageProps_match_team1_picksByPosition_bot_items_6_pickCount,props_pageProps_match_team1_picksByPosition_bot_items_6_totalCount,props_pageProps_match_team1_picksByPosition_bot_items_6_winBanCount,props_pageProps_match_team1_picksByPosition_bot_items_6_winPickCount,props_pageProps_match_team1_picksByPosition_bot_items_7___typename,props_pageProps_match_team1_picksByPosition_bot_items_7_banCount,props_pageProps_match_team1_picksByPosition_bot_items_7_champion,props_pageProps_match_team1_picksByPosition_bot_items_7_pickCount,props_pageProps_match_team1_picksByPosition_bot_items_7_totalCount,props_pageProps_match_team1_picksByPosition_bot_items_7_winBanCount,props_pageProps_match_team1_picksByPosition_bot_items_7_winPickCount,props_pageProps_match_team1_picksByPosition_bot_items_8___typename,props_pageProps_match_team1_picksByPosition_bot_items_8_banCount,props_pageProps_match_team1_picksByPosition_bot_items_8_champion,props_pageProps_match_team1_picksByPosition_bot_items_8_pickCount,props_pageProps_match_team1_picksByPosition_bot_items_8_totalCount,props_pageProps_match_team1_picksByPosition_bot_items_8_winBanCount,props_pageProps_match_team1_picksByPosition_bot_items_8_winPickCount,props_pageProps_match_team1_picksByPosition_bot_total,props_pageProps_match_team1_picksByPosition_bot_totalPickCount,props_pageProps_match_team1_picksByPosition_jng___typename,props_pageProps_match_team1_picksByPosition_jng_items_0___typename,props_pageProps_match_team1_picksByPosition_jng_items_0_banCount,props_pageProps_match_team1_picksByPosition_jng_items_0_champion,props_pageProps_match_team1_picksByPosition_jng_items_0_pickCount,props_pageProps_match_team1_picksByPosition_jng_items_0_totalCount,props_pageProps_match_team1_picksByPosition_jng_items_0_winBanCount,props_pageProps_match_team1_picksByPosition_jng_items_0_winPickCount,props_pageProps_match_team1_picksByPosition_jng_items_1___typename,props_pageProps_match_team1_picksByPosition_jng_items_1_banCount,props_pageProps_match_team1_picksByPosition_jng_items_1_champion,props_pageProps_match_team1_picksByPosition_jng_items_1_pickCount,props_pageProps_match_team1_picksByPosition_jng_items_1_totalCount,props_pageProps_match_team1_picksByPosition_jng_items_1_winBanCount,props_pageProps_match_team1_picksByPosition_jng_items_1_winPickCount,props_pageProps_match_team1_picksByPosition_jng_items_2___typename,props_pageProps_match_team1_picksByPosition_jng_items_2_banCount,props_pageProps_match_team1_picksByPosition_jng_items_2_champion,props_pageProps_match_team1_picksByPosition_jng_items_2_pickCount,props_pageProps_match_team1_picksByPosition_jng_items_2_totalCount,props_pageProps_match_team1_picksByPosition_jng_items_2_winBanCount,props_pageProps_match_team1_picksByPosition_jng_items_2_winPickCount,props_pageProps_match_team1_picksByPosition_jng_items_3___typename,props_pageProps_match_team1_picksByPosition_jng_items_3_banCount,props_pageProps_match_team1_picksByPosition_jng_items_3_champion,props_pageProps_match_team1_picksByPosition_jng_items_3_pickCount,props_pageProps_match_team1_picksByPosition_jng_items_3_totalCount,props_pageProps_match_team1_picksByPosition_jng_items_3_winBanCount,props_pageProps_match_team1_picksByPosition_jng_items_3_winPickCount,props_pageProps_match_team1_picksByPosition_jng_items_4___typename,props_pageProps_match_team1_picksByPosition_jng_items_4_banCount,props_pageProps_match_team1_picksByPosition_jng_items_4_champion,props_pageProps_match_team1_picksByPosition_jng_items_4_pickCount,props_pageProps_match_team1_picksByPosition_jng_items_4_totalCount,props_pageProps_match_team1_picksByPosition_jng_items_4_winBanCount,props_pageProps_match_team1_picksByPosition_jng_items_4_winPickCount,props_pageProps_match_team1_picksByPosition_jng_items_5___typename,props_pageProps_match_team1_picksByPosition_jng_items_5_banCount,props_pageProps_match_team1_picksByPosition_jng_items_5_champion,props_pageProps_match_team1_picksByPosition_jng_items_5_pickCount,props_pageProps_match_team1_picksByPosition_jng_items_5_totalCount,props_pageProps_match_team1_picksByPosition_jng_items_5_winBanCount,props_pageProps_match_team1_picksByPosition_jng_items_5_winPickCount,props_pageProps_match_team1_picksByPosition_jng_items_6___typename,props_pageProps_match_team1_picksByPosition_jng_items_6_banCount,props_pageProps_match_team1_picksByPosition_jng_items_6_champion,props_pageProps_match_team1_picksByPosition_jng_items_6_pickCount,props_pageProps_match_team1_picksByPosition_jng_items_6_totalCount,props_pageProps_match_team1_picksByPosition_jng_items_6_winBanCount,props_pageProps_match_team1_picksByPosition_jng_items_6_winPickCount,props_pageProps_match_team1_picksByPosition_jng_items_7___typename,props_pageProps_match_team1_picksByPosition_jng_items_7_banCount,props_pageProps_match_team1_picksByPosition_jng_items_7_champion,props_pageProps_match_team1_picksByPosition_jng_items_7_pickCount,props_pageProps_match_team1_picksByPosition_jng_items_7_totalCount,props_pageProps_match_team1_picksByPosition_jng_items_7_winBanCount,props_pageProps_match_team1_picksByPosition_jng_items_7_winPickCount,props_pageProps_match_team1_picksByPosition_jng_total,props_pageProps_match_team1_picksByPosition_jng_totalPickCount,props_pageProps_match_team1_picksByPosition_mid___typename,props_pageProps_match_team1_picksByPosition_mid_items_0___typename,props_pageProps_match_team1_picksByPosition_mid_items_0_banCount,props_pageProps_match_team1_picksByPosition_mid_items_0_champion,props_pageProps_match_team1_picksByPosition_mid_items_0_pickCount,props_pageProps_match_team1_picksByPosition_mid_items_0_totalCount,props_pageProps_match_team1_picksByPosition_mid_items_0_winBanCount,props_pageProps_match_team1_picksByPosition_mid_items_0_winPickCount,props_pageProps_match_team1_picksByPosition_mid_items_1___typename,props_pageProps_match_team1_picksByPosition_mid_items_1_banCount,props_pageProps_match_team1_picksByPosition_mid_items_1_champion,props_pageProps_match_team1_picksByPosition_mid_items_1_pickCount,props_pageProps_match_team1_picksByPosition_mid_items_1_totalCount,props_pageProps_match_team1_picksByPosition_mid_items_1_winBanCount,props_pageProps_match_team1_picksByPosition_mid_items_1_winPickCount,props_pageProps_match_team1_picksByPosition_mid_items_2___typename,props_pageProps_match_team1_picksByPosition_mid_items_2_banCount,props_pageProps_match_team1_picksByPosition_mid_items_2_champion,props_pageProps_match_team1_picksByPosition_mid_items_2_pickCount,props_pageProps_match_team1_picksByPosition_mid_items_2_totalCount,props_pageProps_match_team1_picksByPosition_mid_items_2_winBanCount,props_pageProps_match_team1_picksByPosition_mid_items_2_winPickCount,props_pageProps_match_team1_picksByPosition_mid_items_3___typename,props_pageProps_match_team1_picksByPosition_mid_items_3_banCount,props_pageProps_match_team1_picksByPosition_mid_items_3_champion,props_pageProps_match_team1_picksByPosition_mid_items_3_pickCount,props_pageProps_match_team1_picksByPosition_mid_items_3_totalCount,props_pageProps_match_team1_picksByPosition_mid_items_3_winBanCount,props_pageProps_match_team1_picksByPosition_mid_items_3_winPickCount,props_pageProps_match_team1_picksByPosition_mid_items_4___typename,props_pageProps_match_team1_picksByPosition_mid_items_4_banCount,props_pageProps_match_team1_picksByPosition_mid_items_4_champion,props_pageProps_match_team1_picksByPosition_mid_items_4_pickCount,props_pageProps_match_team1_picksByPosition_mid_items_4_totalCount,props_pageProps_match_team1_picksByPosition_mid_items_4_winBanCount,props_pageProps_match_team1_picksByPosition_mid_items_4_winPickCount,props_pageProps_match_team1_picksByPosition_mid_items_5___typename,props_pageProps_match_team1_picksByPosition_mid_items_5_banCount,props_pageProps_match_team1_picksByPosition_mid_items_5_champion,props_pageProps_match_team1_picksByPosition_mid_items_5_pickCount,props_pageProps_match_team1_picksByPosition_mid_items_5_totalCount,props_pageProps_match_team1_picksByPosition_mid_items_5_winBanCount,props_pageProps_match_team1_picksByPosition_mid_items_5_winPickCount,props_pageProps_match_team1_picksByPosition_mid_items_6___typename,props_pageProps_match_team1_picksByPosition_mid_items_6_banCount,props_pageProps_match_team1_picksByPosition_mid_items_6_champion,props_pageProps_match_team1_picksByPosition_mid_items_6_pickCount,props_pageProps_match_team1_picksByPosition_mid_items_6_totalCount,props_pageProps_match_team1_picksByPosition_mid_items_6_winBanCount,props_pageProps_match_team1_picksByPosition_mid_items_6_winPickCount,props_pageProps_match_team1_picksByPosition_mid_items_7___typename,props_pageProps_match_team1_picksByPosition_mid_items_7_banCount,props_pageProps_match_team1_picksByPosition_mid_items_7_champion,props_pageProps_match_team1_picksByPosition_mid_items_7_pickCount,props_pageProps_match_team1_picksByPosition_mid_items_7_totalCount,props_pageProps_match_team1_picksByPosition_mid_items_7_winBanCount,props_pageProps_match_team1_picksByPosition_mid_items_7_winPickCount,props_pageProps_match_team1_picksByPosition_mid_items_8___typename,props_pageProps_match_team1_picksByPosition_mid_items_8_banCount,props_pageProps_match_team1_picksByPosition_mid_items_8_champion,props_pageProps_match_team1_picksByPosition_mid_items_8_pickCount,props_pageProps_match_team1_picksByPosition_mid_items_8_totalCount,props_pageProps_match_team1_picksByPosition_mid_items_8_winBanCount,props_pageProps_match_team1_picksByPosition_mid_items_8_winPickCount,props_pageProps_match_team1_picksByPosition_mid_items_9___typename,props_pageProps_match_team1_picksByPosition_mid_items_9_banCount,props_pageProps_match_team1_picksByPosition_mid_items_9_champion,props_pageProps_match_team1_picksByPosition_mid_items_9_pickCount,props_pageProps_match_team1_picksByPosition_mid_items_9_totalCount,props_pageProps_match_team1_picksByPosition_mid_items_9_winBanCount,props_pageProps_match_team1_picksByPosition_mid_items_9_winPickCount,props_pageProps_match_team1_picksByPosition_mid_total,props_pageProps_match_team1_picksByPosition_mid_totalPickCount,props_pageProps_match_team1_picksByPosition_sup___typename,props_pageProps_match_team1_picksByPosition_sup_items_0___typename,props_pageProps_match_team1_picksByPosition_sup_items_0_banCount,props_pageProps_match_team1_picksByPosition_sup_items_0_champion,props_pageProps_match_team1_picksByPosition_sup_items_0_pickCount,props_pageProps_match_team1_picksByPosition_sup_items_0_totalCount,props_pageProps_match_team1_picksByPosition_sup_items_0_winBanCount,props_pageProps_match_team1_picksByPosition_sup_items_0_winPickCount,props_pageProps_match_team1_picksByPosition_sup_items_1___typename,props_pageProps_match_team1_picksByPosition_sup_items_1_banCount,props_pageProps_match_team1_picksByPosition_sup_items_1_champion,props_pageProps_match_team1_picksByPosition_sup_items_1_pickCount,props_pageProps_match_team1_picksByPosition_sup_items_1_totalCount,props_pageProps_match_team1_picksByPosition_sup_items_1_winBanCount,props_pageProps_match_team1_picksByPosition_sup_items_1_winPickCount,props_pageProps_match_team1_picksByPosition_sup_items_2___typename,props_pageProps_match_team1_picksByPosition_sup_items_2_banCount,props_pageProps_match_team1_picksByPosition_sup_items_2_champion,props_pageProps_match_team1_picksByPosition_sup_items_2_pickCount,props_pageProps_match_team1_picksByPosition_sup_items_2_totalCount,props_pageProps_match_team1_picksByPosition_sup_items_2_winBanCount,props_pageProps_match_team1_picksByPosition_sup_items_2_winPickCount,props_pageProps_match_team1_picksByPosition_sup_items_3___typename,props_pageProps_match_team1_picksByPosition_sup_items_3_banCount,props_pageProps_match_team1_picksByPosition_sup_items_3_champion,props_pageProps_match_team1_picksByPosition_sup_items_3_pickCount,props_pageProps_match_team1_picksByPosition_sup_items_3_totalCount,props_pageProps_match_team1_picksByPosition_sup_items_3_winBanCount,props_pageProps_match_team1_picksByPosition_sup_items_3_winPickCount,props_pageProps_match_team1_picksByPosition_sup_items_4___typename,props_pageProps_match_team1_picksByPosition_sup_items_4_banCount,props_pageProps_match_team1_picksByPosition_sup_items_4_champion,props_pageProps_match_team1_picksByPosition_sup_items_4_pickCount,props_pageProps_match_team1_picksByPosition_sup_items_4_totalCount,props_pageProps_match_team1_picksByPosition_sup_items_4_winBanCount,props_pageProps_match_team1_picksByPosition_sup_items_4_winPickCount,props_pageProps_match_team1_picksByPosition_sup_items_5___typename,props_pageProps_match_team1_picksByPosition_sup_items_5_banCount,props_pageProps_match_team1_picksByPosition_sup_items_5_champion,props_pageProps_match_team1_picksByPosition_sup_items_5_pickCount,props_pageProps_match_team1_picksByPosition_sup_items_5_totalCount,props_pageProps_match_team1_picksByPosition_sup_items_5_winBanCount,props_pageProps_match_team1_picksByPosition_sup_items_5_winPickCount,props_pageProps_match_team1_picksByPosition_sup_items_6___typename,props_pageProps_match_team1_picksByPosition_sup_items_6_banCount,props_pageProps_match_team1_picksByPosition_sup_items_6_champion,props_pageProps_match_team1_picksByPosition_sup_items_6_pickCount,props_pageProps_match_team1_picksByPosition_sup_items_6_totalCount,props_pageProps_match_team1_picksByPosition_sup_items_6_winBanCount,props_pageProps_match_team1_picksByPosition_sup_items_6_winPickCount,props_pageProps_match_team1_picksByPosition_sup_items_7___typename,props_pageProps_match_team1_picksByPosition_sup_items_7_banCount,props_pageProps_match_team1_picksByPosition_sup_items_7_champion,props_pageProps_match_team1_picksByPosition_sup_items_7_pickCount,props_pageProps_match_team1_picksByPosition_sup_items_7_totalCount,props_pageProps_match_team1_picksByPosition_sup_items_7_winBanCount,props_pageProps_match_team1_picksByPosition_sup_items_7_winPickCount,props_pageProps_match_team1_picksByPosition_sup_items_8___typename,props_pageProps_match_team1_picksByPosition_sup_items_8_banCount,props_pageProps_match_team1_picksByPosition_sup_items_8_champion,props_pageProps_match_team1_picksByPosition_sup_items_8_pickCount,props_pageProps_match_team1_picksByPosition_sup_items_8_totalCount,props_pageProps_match_team1_picksByPosition_sup_items_8_winBanCount,props_pageProps_match_team1_picksByPosition_sup_items_8_winPickCount,props_pageProps_match_team1_picksByPosition_sup_items_9___typename,props_pageProps_match_team1_picksByPosition_sup_items_9_banCount,props_pageProps_match_team1_picksByPosition_sup_items_9_champion,props_pageProps_match_team1_picksByPosition_sup_items_9_pickCount,props_pageProps_match_team1_picksByPosition_sup_items_9_totalCount,props_pageProps_match_team1_picksByPosition_sup_items_9_winBanCount,props_pageProps_match_team1_picksByPosition_sup_items_9_winPickCount,props_pageProps_match_team1_picksByPosition_sup_items_10___typename,props_pageProps_match_team1_picksByPosition_sup_items_10_banCount,props_pageProps_match_team1_picksByPosition_sup_items_10_champion,props_pageProps_match_team1_picksByPosition_sup_items_10_pickCount,props_pageProps_match_team1_picksByPosition_sup_items_10_totalCount,props_pageProps_match_team1_picksByPosition_sup_items_10_winBanCount,props_pageProps_match_team1_picksByPosition_sup_items_10_winPickCount,props_pageProps_match_team1_picksByPosition_sup_items_11___typename,props_pageProps_match_team1_picksByPosition_sup_items_11_banCount,props_pageProps_match_team1_picksByPosition_sup_items_11_champion,props_pageProps_match_team1_picksByPosition_sup_items_11_pickCount,props_pageProps_match_team1_picksByPosition_sup_items_11_totalCount,props_pageProps_match_team1_picksByPosition_sup_items_11_winBanCount,props_pageProps_match_team1_picksByPosition_sup_items_11_winPickCount,props_pageProps_match_team1_picksByPosition_sup_total,props_pageProps_match_team1_picksByPosition_sup_totalPickCount,props_pageProps_match_team1_picksByPosition_top___typename,props_pageProps_match_team1_picksByPosition_top_items_0___typename,props_pageProps_match_team1_picksByPosition_top_items_0_banCount,props_pageProps_match_team1_picksByPosition_top_items_0_champion,props_pageProps_match_team1_picksByPosition_top_items_0_pickCount,props_pageProps_match_team1_picksByPosition_top_items_0_totalCount,props_pageProps_match_team1_picksByPosition_top_items_0_winBanCount,props_pageProps_match_team1_picksByPosition_top_items_0_winPickCount,props_pageProps_match_team1_picksByPosition_top_items_1___typename,props_pageProps_match_team1_picksByPosition_top_items_1_banCount,props_pageProps_match_team1_picksByPosition_top_items_1_champion,props_pageProps_match_team1_picksByPosition_top_items_1_pickCount,props_pageProps_match_team1_picksByPosition_top_items_1_totalCount,props_pageProps_match_team1_picksByPosition_top_items_1_winBanCount,props_pageProps_match_team1_picksByPosition_top_items_1_winPickCount,props_pageProps_match_team1_picksByPosition_top_items_2___typename,props_pageProps_match_team1_picksByPosition_top_items_2_banCount,props_pageProps_match_team1_picksByPosition_top_items_2_champion,props_pageProps_match_team1_picksByPosition_top_items_2_pickCount,props_pageProps_match_team1_picksByPosition_top_items_2_totalCount,props_pageProps_match_team1_picksByPosition_top_items_2_winBanCount,props_pageProps_match_team1_picksByPosition_top_items_2_winPickCount,props_pageProps_match_team1_picksByPosition_top_items_3___typename,props_pageProps_match_team1_picksByPosition_top_items_3_banCount,props_pageProps_match_team1_picksByPosition_top_items_3_champion,props_pageProps_match_team1_picksByPosition_top_items_3_pickCount,props_pageProps_match_team1_picksByPosition_top_items_3_totalCount,props_pageProps_match_team1_picksByPosition_top_items_3_winBanCount,props_pageProps_match_team1_picksByPosition_top_items_3_winPickCount,props_pageProps_match_team1_picksByPosition_top_items_4___typename,props_pageProps_match_team1_picksByPosition_top_items_4_banCount,props_pageProps_match_team1_picksByPosition_top_items_4_champion,props_pageProps_match_team1_picksByPosition_top_items_4_pickCount,props_pageProps_match_team1_picksByPosition_top_items_4_totalCount,props_pageProps_match_team1_picksByPosition_top_items_4_winBanCount,props_pageProps_match_team1_picksByPosition_top_items_4_winPickCount,props_pageProps_match_team1_picksByPosition_top_items_5___typename,props_pageProps_match_team1_picksByPosition_top_items_5_banCount,props_pageProps_match_team1_picksByPosition_top_items_5_champion,props_pageProps_match_team1_picksByPosition_top_items_5_pickCount,props_pageProps_match_team1_picksByPosition_top_items_5_totalCount,props_pageProps_match_team1_picksByPosition_top_items_5_winBanCount,props_pageProps_match_team1_picksByPosition_top_items_5_winPickCount,props_pageProps_match_team1_picksByPosition_top_items_6___typename,props_pageProps_match_team1_picksByPosition_top_items_6_banCount,props_pageProps_match_team1_picksByPosition_top_items_6_champion,props_pageProps_match_team1_picksByPosition_top_items_6_pickCount,props_pageProps_match_team1_picksByPosition_top_items_6_totalCount,props_pageProps_match_team1_picksByPosition_top_items_6_winBanCount,props_pageProps_match_team1_picksByPosition_top_items_6_winPickCount,props_pageProps_match_team1_picksByPosition_top_items_7___typename,props_pageProps_match_team1_picksByPosition_top_items_7_banCount,props_pageProps_match_team1_picksByPosition_top_items_7_champion,props_pageProps_match_team1_picksByPosition_top_items_7_pickCount,props_pageProps_match_team1_picksByPosition_top_items_7_totalCount,props_pageProps_match_team1_picksByPosition_top_items_7_winBanCount,props_pageProps_match_team1_picksByPosition_top_items_7_winPickCount,props_pageProps_match_team1_picksByPosition_top_items_8___typename,props_pageProps_match_team1_picksByPosition_top_items_8_banCount,props_pageProps_match_team1_picksByPosition_top_items_8_champion,props_pageProps_match_team1_picksByPosition_top_items_8_pickCount,props_pageProps_match_team1_picksByPosition_top_items_8_totalCount,props_pageProps_match_team1_picksByPosition_top_items_8_winBanCount,props_pageProps_match_team1_picksByPosition_top_items_8_winPickCount,props_pageProps_match_team1_picksByPosition_top_items_9___typename,props_pageProps_match_team1_picksByPosition_top_items_9_banCount,props_pageProps_match_team1_picksByPosition_top_items_9_champion,props_pageProps_match_team1_picksByPosition_top_items_9_pickCount,props_pageProps_match_team1_picksByPosition_top_items_9_totalCount,props_pageProps_match_team1_picksByPosition_top_items_9_winBanCount,props_pageProps_match_team1_picksByPosition_top_items_9_winPickCount,props_pageProps_match_team1_picksByPosition_top_total,props_pageProps_match_team1_picksByPosition_top_totalPickCount,props_pageProps_match_team1_playerSeasonStats_0___typename,props_pageProps_match_team1_playerSeasonStats_0_avgAssists,props_pageProps_match_team1_playerSeasonStats_0_avgDamagePerTeamfights,props_pageProps_match_team1_playerSeasonStats_0_avgDeaths,props_pageProps_match_team1_playerSeasonStats_0_avgDmgHealedOnTeamPerMin,props_pageProps_match_team1_playerSeasonStats_0_avgDmgToChampsPerMin,props_pageProps_match_team1_playerSeasonStats_0_avgGold,props_pageProps_match_team1_playerSeasonStats_0_avgGoldAtFifteen,props_pageProps_match_team1_playerSeasonStats_0_avgGoldDiffAtFifteen,props_pageProps_match_team1_playerSeasonStats_0_avgIsoDeaths,props_pageProps_match_team1_playerSeasonStats_0_avgKills,props_pageProps_match_team1_playerSeasonStats_0_avgMinionsKilled,props_pageProps_match_team1_playerSeasonStats_0_avgMinsBetweenDeaths,props_pageProps_match_team1_playerSeasonStats_0_avgMinsBetweenKills,props_pageProps_match_team1_playerSeasonStats_0_avgNeutralMinionKilled,props_pageProps_match_team1_playerSeasonStats_0_avgRecalls,props_pageProps_match_team1_playerSeasonStats_0_avgSoloKills,props_pageProps_match_team1_playerSeasonStats_0_avgVisionScore,props_pageProps_match_team1_playerSeasonStats_0_avgWardsKilled,props_pageProps_match_team1_playerSeasonStats_0_avgWardsPlaced,props_pageProps_match_team1_playerSeasonStats_0_firstBloodRate,props_pageProps_match_team1_playerSeasonStats_0_player,props_pageProps_match_team1_playerSeasonStats_0_playerPerid,props_pageProps_match_team1_playerSeasonStats_0_rank,props_pageProps_match_team1_playerSeasonStats_0_role,props_pageProps_match_team1_playerSeasonStats_0_seasonName,props_pageProps_match_team1_playerSeasonStats_0_tournamentName,props_pageProps_match_team1_playerSeasonStats_1___typename,props_pageProps_match_team1_playerSeasonStats_1_avgAssists,props_pageProps_match_team1_playerSeasonStats_1_avgDamagePerTeamfights,props_pageProps_match_team1_playerSeasonStats_1_avgDeaths,props_pageProps_match_team1_playerSeasonStats_1_avgDmgHealedOnTeamPerMin,props_pageProps_match_team1_playerSeasonStats_1_avgDmgToChampsPerMin,props_pageProps_match_team1_playerSeasonStats_1_avgGold,props_pageProps_match_team1_playerSeasonStats_1_avgGoldAtFifteen,props_pageProps_match_team1_playerSeasonStats_1_avgGoldDiffAtFifteen,props_pageProps_match_team1_playerSeasonStats_1_avgIsoDeaths,props_pageProps_match_team1_playerSeasonStats_1_avgKills,props_pageProps_match_team1_playerSeasonStats_1_avgMinionsKilled,props_pageProps_match_team1_playerSeasonStats_1_avgMinsBetweenDeaths,props_pageProps_match_team1_playerSeasonStats_1_avgMinsBetweenKills,props_pageProps_match_team1_playerSeasonStats_1_avgNeutralMinionKilled,props_pageProps_match_team1_playerSeasonStats_1_avgRecalls,props_pageProps_match_team1_playerSeasonStats_1_avgSoloKills,props_pageProps_match_team1_playerSeasonStats_1_avgVisionScore,props_pageProps_match_team1_playerSeasonStats_1_avgWardsKilled,props_pageProps_match_team1_playerSeasonStats_1_avgWardsPlaced,props_pageProps_match_team1_playerSeasonStats_1_firstBloodRate,props_pageProps_match_team1_playerSeasonStats_1_player,props_pageProps_match_team1_playerSeasonStats_1_playerPerid,props_pageProps_match_team1_playerSeasonStats_1_rank,props_pageProps_match_team1_playerSeasonStats_1_role,props_pageProps_match_team1_playerSeasonStats_1_seasonName,props_pageProps_match_team1_playerSeasonStats_1_tournamentName,props_pageProps_match_team1_playerSeasonStats_2___typename,props_pageProps_match_team1_playerSeasonStats_2_avgAssists,props_pageProps_match_team1_playerSeasonStats_2_avgDamagePerTeamfights,props_pageProps_match_team1_playerSeasonStats_2_avgDeaths,props_pageProps_match_team1_playerSeasonStats_2_avgDmgHealedOnTeamPerMin,props_pageProps_match_team1_playerSeasonStats_2_avgDmgToChampsPerMin,props_pageProps_match_team1_playerSeasonStats_2_avgGold,props_pageProps_match_team1_playerSeasonStats_2_avgGoldAtFifteen,props_pageProps_match_team1_playerSeasonStats_2_avgGoldDiffAtFifteen,props_pageProps_match_team1_playerSeasonStats_2_avgIsoDeaths,props_pageProps_match_team1_playerSeasonStats_2_avgKills,props_pageProps_match_team1_playerSeasonStats_2_avgMinionsKilled,props_pageProps_match_team1_playerSeasonStats_2_avgMinsBetweenDeaths,props_pageProps_match_team1_playerSeasonStats_2_avgMinsBetweenKills,props_pageProps_match_team1_playerSeasonStats_2_avgNeutralMinionKilled,props_pageProps_match_team1_playerSeasonStats_2_avgRecalls,props_pageProps_match_team1_playerSeasonStats_2_avgSoloKills,props_pageProps_match_team1_playerSeasonStats_2_avgVisionScore,props_pageProps_match_team1_playerSeasonStats_2_avgWardsKilled,props_pageProps_match_team1_playerSeasonStats_2_avgWardsPlaced,props_pageProps_match_team1_playerSeasonStats_2_firstBloodRate,props_pageProps_match_team1_playerSeasonStats_2_player,props_pageProps_match_team1_playerSeasonStats_2_playerPerid,props_pageProps_match_team1_playerSeasonStats_2_rank,props_pageProps_match_team1_playerSeasonStats_2_role,props_pageProps_match_team1_playerSeasonStats_2_seasonName,props_pageProps_match_team1_playerSeasonStats_2_tournamentName,props_pageProps_match_team1_playerSeasonStats_3___typename,props_pageProps_match_team1_playerSeasonStats_3_avgAssists,props_pageProps_match_team1_playerSeasonStats_3_avgDamagePerTeamfights,props_pageProps_match_team1_playerSeasonStats_3_avgDeaths,props_pageProps_match_team1_playerSeasonStats_3_avgDmgHealedOnTeamPerMin,props_pageProps_match_team1_playerSeasonStats_3_avgDmgToChampsPerMin,props_pageProps_match_team1_playerSeasonStats_3_avgGold,props_pageProps_match_team1_playerSeasonStats_3_avgGoldAtFifteen,props_pageProps_match_team1_playerSeasonStats_3_avgGoldDiffAtFifteen,props_pageProps_match_team1_playerSeasonStats_3_avgIsoDeaths,props_pageProps_match_team1_playerSeasonStats_3_avgKills,props_pageProps_match_team1_playerSeasonStats_3_avgMinionsKilled,props_pageProps_match_team1_playerSeasonStats_3_avgMinsBetweenDeaths,props_pageProps_match_team1_playerSeasonStats_3_avgMinsBetweenKills,props_pageProps_match_team1_playerSeasonStats_3_avgNeutralMinionKilled,props_pageProps_match_team1_playerSeasonStats_3_avgRecalls,props_pageProps_match_team1_playerSeasonStats_3_avgSoloKills,props_pageProps_match_team1_playerSeasonStats_3_avgVisionScore,props_pageProps_match_team1_playerSeasonStats_3_avgWardsKilled,props_pageProps_match_team1_playerSeasonStats_3_avgWardsPlaced,props_pageProps_match_team1_playerSeasonStats_3_firstBloodRate,props_pageProps_match_team1_playerSeasonStats_3_player,props_pageProps_match_team1_playerSeasonStats_3_playerPerid,props_pageProps_match_team1_playerSeasonStats_3_rank,props_pageProps_match_team1_playerSeasonStats_3_role,props_pageProps_match_team1_playerSeasonStats_3_seasonName,props_pageProps_match_team1_playerSeasonStats_3_tournamentName,props_pageProps_match_team1_playerSeasonStats_4___typename,props_pageProps_match_team1_playerSeasonStats_4_avgAssists,props_pageProps_match_team1_playerSeasonStats_4_avgDamagePerTeamfights,props_pageProps_match_team1_playerSeasonStats_4_avgDeaths,props_pageProps_match_team1_playerSeasonStats_4_avgDmgHealedOnTeamPerMin,props_pageProps_match_team1_playerSeasonStats_4_avgDmgToChampsPerMin,props_pageProps_match_team1_playerSeasonStats_4_avgGold,props_pageProps_match_team1_playerSeasonStats_4_avgGoldAtFifteen,props_pageProps_match_team1_playerSeasonStats_4_avgGoldDiffAtFifteen,props_pageProps_match_team1_playerSeasonStats_4_avgIsoDeaths,props_pageProps_match_team1_playerSeasonStats_4_avgKills,props_pageProps_match_team1_playerSeasonStats_4_avgMinionsKilled,props_pageProps_match_team1_playerSeasonStats_4_avgMinsBetweenDeaths,props_pageProps_match_team1_playerSeasonStats_4_avgMinsBetweenKills,props_pageProps_match_team1_playerSeasonStats_4_avgNeutralMinionKilled,props_pageProps_match_team1_playerSeasonStats_4_avgRecalls,props_pageProps_match_team1_playerSeasonStats_4_avgSoloKills,props_pageProps_match_team1_playerSeasonStats_4_avgVisionScore,props_pageProps_match_team1_playerSeasonStats_4_avgWardsKilled,props_pageProps_match_team1_playerSeasonStats_4_avgWardsPlaced,props_pageProps_match_team1_playerSeasonStats_4_firstBloodRate,props_pageProps_match_team1_playerSeasonStats_4_player,props_pageProps_match_team1_playerSeasonStats_4_playerPerid,props_pageProps_match_team1_playerSeasonStats_4_rank,props_pageProps_match_team1_playerSeasonStats_4_role,props_pageProps_match_team1_playerSeasonStats_4_seasonName,props_pageProps_match_team1_playerSeasonStats_4_tournamentName,props_pageProps_match_team1_playerSeasonStats_5___typename,props_pageProps_match_team1_playerSeasonStats_5_avgAssists,props_pageProps_match_team1_playerSeasonStats_5_avgDamagePerTeamfights,props_pageProps_match_team1_playerSeasonStats_5_avgDeaths,props_pageProps_match_team1_playerSeasonStats_5_avgDmgHealedOnTeamPerMin,props_pageProps_match_team1_playerSeasonStats_5_avgDmgToChampsPerMin,props_pageProps_match_team1_playerSeasonStats_5_avgGold,props_pageProps_match_team1_playerSeasonStats_5_avgGoldAtFifteen,props_pageProps_match_team1_playerSeasonStats_5_avgGoldDiffAtFifteen,props_pageProps_match_team1_playerSeasonStats_5_avgIsoDeaths,props_pageProps_match_team1_playerSeasonStats_5_avgKills,props_pageProps_match_team1_playerSeasonStats_5_avgMinionsKilled,props_pageProps_match_team1_playerSeasonStats_5_avgMinsBetweenDeaths,props_pageProps_match_team1_playerSeasonStats_5_avgMinsBetweenKills,props_pageProps_match_team1_playerSeasonStats_5_avgNeutralMinionKilled,props_pageProps_match_team1_playerSeasonStats_5_avgRecalls,props_pageProps_match_team1_playerSeasonStats_5_avgSoloKills,props_pageProps_match_team1_playerSeasonStats_5_avgVisionScore,props_pageProps_match_team1_playerSeasonStats_5_avgWardsKilled,props_pageProps_match_team1_playerSeasonStats_5_avgWardsPlaced,props_pageProps_match_team1_playerSeasonStats_5_firstBloodRate,props_pageProps_match_team1_playerSeasonStats_5_player,props_pageProps_match_team1_playerSeasonStats_5_playerPerid,props_pageProps_match_team1_playerSeasonStats_5_rank,props_pageProps_match_team1_playerSeasonStats_5_role,props_pageProps_match_team1_playerSeasonStats_5_seasonName,props_pageProps_match_team1_playerSeasonStats_5_tournamentName,props_pageProps_match_team1_playerSeasonStats_6___typename,props_pageProps_match_team1_playerSeasonStats_6_avgAssists,props_pageProps_match_team1_playerSeasonStats_6_avgDamagePerTeamfights,props_pageProps_match_team1_playerSeasonStats_6_avgDeaths,props_pageProps_match_team1_playerSeasonStats_6_avgDmgHealedOnTeamPerMin,props_pageProps_match_team1_playerSeasonStats_6_avgDmgToChampsPerMin,props_pageProps_match_team1_playerSeasonStats_6_avgGold,props_pageProps_match_team1_playerSeasonStats_6_avgGoldAtFifteen,props_pageProps_match_team1_playerSeasonStats_6_avgGoldDiffAtFifteen,props_pageProps_match_team1_playerSeasonStats_6_avgIsoDeaths,props_pageProps_match_team1_playerSeasonStats_6_avgKills,props_pageProps_match_team1_playerSeasonStats_6_avgMinionsKilled,props_pageProps_match_team1_playerSeasonStats_6_avgMinsBetweenDeaths,props_pageProps_match_team1_playerSeasonStats_6_avgMinsBetweenKills,props_pageProps_match_team1_playerSeasonStats_6_avgNeutralMinionKilled,props_pageProps_match_team1_playerSeasonStats_6_avgRecalls,props_pageProps_match_team1_playerSeasonStats_6_avgSoloKills,props_pageProps_match_team1_playerSeasonStats_6_avgVisionScore,props_pageProps_match_team1_playerSeasonStats_6_avgWardsKilled,props_pageProps_match_team1_playerSeasonStats_6_avgWardsPlaced,props_pageProps_match_team1_playerSeasonStats_6_firstBloodRate,props_pageProps_match_team1_playerSeasonStats_6_player,props_pageProps_match_team1_playerSeasonStats_6_playerPerid,props_pageProps_match_team1_playerSeasonStats_6_rank,props_pageProps_match_team1_playerSeasonStats_6_role,props_pageProps_match_team1_playerSeasonStats_6_seasonName,props_pageProps_match_team1_playerSeasonStats_6_tournamentName,props_pageProps_match_team1_playerSeasonStats_7___typename,props_pageProps_match_team1_playerSeasonStats_7_avgAssists,props_pageProps_match_team1_playerSeasonStats_7_avgDamagePerTeamfights,props_pageProps_match_team1_playerSeasonStats_7_avgDeaths,props_pageProps_match_team1_playerSeasonStats_7_avgDmgHealedOnTeamPerMin,props_pageProps_match_team1_playerSeasonStats_7_avgDmgToChampsPerMin,props_pageProps_match_team1_playerSeasonStats_7_avgGold,props_pageProps_match_team1_playerSeasonStats_7_avgGoldAtFifteen,props_pageProps_match_team1_playerSeasonStats_7_avgGoldDiffAtFifteen,props_pageProps_match_team1_playerSeasonStats_7_avgIsoDeaths,props_pageProps_match_team1_playerSeasonStats_7_avgKills,props_pageProps_match_team1_playerSeasonStats_7_avgMinionsKilled,props_pageProps_match_team1_playerSeasonStats_7_avgMinsBetweenDeaths,props_pageProps_match_team1_playerSeasonStats_7_avgMinsBetweenKills,props_pageProps_match_team1_playerSeasonStats_7_avgNeutralMinionKilled,props_pageProps_match_team1_playerSeasonStats_7_avgRecalls,props_pageProps_match_team1_playerSeasonStats_7_avgSoloKills,props_pageProps_match_team1_playerSeasonStats_7_avgVisionScore,props_pageProps_match_team1_playerSeasonStats_7_avgWardsKilled,props_pageProps_match_team1_playerSeasonStats_7_avgWardsPlaced,props_pageProps_match_team1_playerSeasonStats_7_firstBloodRate,props_pageProps_match_team1_playerSeasonStats_7_player,props_pageProps_match_team1_playerSeasonStats_7_playerPerid,props_pageProps_match_team1_playerSeasonStats_7_rank,props_pageProps_match_team1_playerSeasonStats_7_role,props_pageProps_match_team1_playerSeasonStats_7_seasonName,props_pageProps_match_team1_playerSeasonStats_7_tournamentName,props_pageProps_match_team1_powrRankings_0___typename,props_pageProps_match_team1_powrRankings_0_gamesPlayed,props_pageProps_match_team1_powrRankings_0_isPlayer,props_pageProps_match_team1_powrRankings_0_league,props_pageProps_match_team1_powrRankings_0_player,props_pageProps_match_team1_powrRankings_0_playerDetails___typename,props_pageProps_match_team1_powrRankings_0_playerDetails_factorId,props_pageProps_match_team1_powrRankings_0_playerDetails_fullName,props_pageProps_match_team1_powrRankings_0_playerDetails_headshotUrl,props_pageProps_match_team1_powrRankings_0_playerDetails_name,props_pageProps_match_team1_powrRankings_0_playerPerid,props_pageProps_match_team1_powrRankings_0_prevRanking,props_pageProps_match_team1_powrRankings_0_rank,props_pageProps_match_team1_powrRankings_0_ranking,props_pageProps_match_team1_powrRankings_0_role,props_pageProps_match_team1_powrRankings_0_team,props_pageProps_match_team1_powrRankings_0_teamDetails___typename,props_pageProps_match_team1_powrRankings_0_teamDetails_factorId,props_pageProps_match_team1_powrRankings_0_teamDetails_fullName,props_pageProps_match_team1_powrRankings_0_teamDetails_teamLogo___typename,props_pageProps_match_team1_powrRankings_0_teamDetails_teamLogo_darkFlip,props_pageProps_match_team1_powrRankings_0_teamDetails_teamLogo_darkShadow,props_pageProps_match_team1_powrRankings_0_teamDetails_teamLogo_logoUrl,props_pageProps_match_team1_powrRankings_0_teamDetails_teamUrn,props_pageProps_match_team1_powrRankings_0_teamPerid,props_pageProps_match_team1_powrRankings_1___typename,props_pageProps_match_team1_powrRankings_1_gamesPlayed,props_pageProps_match_team1_powrRankings_1_isPlayer,props_pageProps_match_team1_powrRankings_1_league,props_pageProps_match_team1_powrRankings_1_player,props_pageProps_match_team1_powrRankings_1_playerDetails___typename,props_pageProps_match_team1_powrRankings_1_playerDetails_factorId,props_pageProps_match_team1_powrRankings_1_playerDetails_fullName,props_pageProps_match_team1_powrRankings_1_playerDetails_headshotUrl,props_pageProps_match_team1_powrRankings_1_playerDetails_name,props_pageProps_match_team1_powrRankings_1_playerPerid,props_pageProps_match_team1_powrRankings_1_prevRanking,props_pageProps_match_team1_powrRankings_1_rank,props_pageProps_match_team1_powrRankings_1_ranking,props_pageProps_match_team1_powrRankings_1_role,props_pageProps_match_team1_powrRankings_1_team,props_pageProps_match_team1_powrRankings_1_teamDetails___typename,props_pageProps_match_team1_powrRankings_1_teamDetails_factorId,props_pageProps_match_team1_powrRankings_1_teamDetails_fullName,props_pageProps_match_team1_powrRankings_1_teamDetails_teamLogo___typename,props_pageProps_match_team1_powrRankings_1_teamDetails_teamLogo_darkFlip,props_pageProps_match_team1_powrRankings_1_teamDetails_teamLogo_darkShadow,props_pageProps_match_team1_powrRankings_1_teamDetails_teamLogo_logoUrl,props_pageProps_match_team1_powrRankings_1_teamDetails_teamUrn,props_pageProps_match_team1_powrRankings_1_teamPerid,props_pageProps_match_team1_powrRankings_2___typename,props_pageProps_match_team1_powrRankings_2_gamesPlayed,props_pageProps_match_team1_powrRankings_2_isPlayer,props_pageProps_match_team1_powrRankings_2_league,props_pageProps_match_team1_powrRankings_2_player,props_pageProps_match_team1_powrRankings_2_playerDetails___typename,props_pageProps_match_team1_powrRankings_2_playerDetails_factorId,props_pageProps_match_team1_powrRankings_2_playerDetails_fullName,props_pageProps_match_team1_powrRankings_2_playerDetails_headshotUrl,props_pageProps_match_team1_powrRankings_2_playerDetails_name,props_pageProps_match_team1_powrRankings_2_playerPerid,props_pageProps_match_team1_powrRankings_2_prevRanking,props_pageProps_match_team1_powrRankings_2_rank,props_pageProps_match_team1_powrRankings_2_ranking,props_pageProps_match_team1_powrRankings_2_role,props_pageProps_match_team1_powrRankings_2_team,props_pageProps_match_team1_powrRankings_2_teamDetails___typename,props_pageProps_match_team1_powrRankings_2_teamDetails_factorId,props_pageProps_match_team1_powrRankings_2_teamDetails_fullName,props_pageProps_match_team1_powrRankings_2_teamDetails_teamLogo___typename,props_pageProps_match_team1_powrRankings_2_teamDetails_teamLogo_darkFlip,props_pageProps_match_team1_powrRankings_2_teamDetails_teamLogo_darkShadow,props_pageProps_match_team1_powrRankings_2_teamDetails_teamLogo_logoUrl,props_pageProps_match_team1_powrRankings_2_teamDetails_teamUrn,props_pageProps_match_team1_powrRankings_2_teamPerid,props_pageProps_match_team1_powrRankings_3___typename,props_pageProps_match_team1_powrRankings_3_gamesPlayed,props_pageProps_match_team1_powrRankings_3_isPlayer,props_pageProps_match_team1_powrRankings_3_league,props_pageProps_match_team1_powrRankings_3_player,props_pageProps_match_team1_powrRankings_3_playerDetails___typename,props_pageProps_match_team1_powrRankings_3_playerDetails_factorId,props_pageProps_match_team1_powrRankings_3_playerDetails_fullName,props_pageProps_match_team1_powrRankings_3_playerDetails_headshotUrl,props_pageProps_match_team1_powrRankings_3_playerDetails_name,props_pageProps_match_team1_powrRankings_3_playerPerid,props_pageProps_match_team1_powrRankings_3_prevRanking,props_pageProps_match_team1_powrRankings_3_rank,props_pageProps_match_team1_powrRankings_3_ranking,props_pageProps_match_team1_powrRankings_3_role,props_pageProps_match_team1_powrRankings_3_team,props_pageProps_match_team1_powrRankings_3_teamDetails___typename,props_pageProps_match_team1_powrRankings_3_teamDetails_factorId,props_pageProps_match_team1_powrRankings_3_teamDetails_fullName,props_pageProps_match_team1_powrRankings_3_teamDetails_teamLogo___typename,props_pageProps_match_team1_powrRankings_3_teamDetails_teamLogo_darkFlip,props_pageProps_match_team1_powrRankings_3_teamDetails_teamLogo_darkShadow,props_pageProps_match_team1_powrRankings_3_teamDetails_teamLogo_logoUrl,props_pageProps_match_team1_powrRankings_3_teamDetails_teamUrn,props_pageProps_match_team1_powrRankings_3_teamPerid,props_pageProps_match_team1_powrRankings_4___typename,props_pageProps_match_team1_powrRankings_4_gamesPlayed,props_pageProps_match_team1_powrRankings_4_isPlayer,props_pageProps_match_team1_powrRankings_4_league,props_pageProps_match_team1_powrRankings_4_player,props_pageProps_match_team1_powrRankings_4_playerDetails___typename,props_pageProps_match_team1_powrRankings_4_playerDetails_factorId,props_pageProps_match_team1_powrRankings_4_playerDetails_fullName,props_pageProps_match_team1_powrRankings_4_playerDetails_headshotUrl,props_pageProps_match_team1_powrRankings_4_playerDetails_name,props_pageProps_match_team1_powrRankings_4_playerPerid,props_pageProps_match_team1_powrRankings_4_prevRanking,props_pageProps_match_team1_powrRankings_4_rank,props_pageProps_match_team1_powrRankings_4_ranking,props_pageProps_match_team1_powrRankings_4_role,props_pageProps_match_team1_powrRankings_4_team,props_pageProps_match_team1_powrRankings_4_teamDetails___typename,props_pageProps_match_team1_powrRankings_4_teamDetails_factorId,props_pageProps_match_team1_powrRankings_4_teamDetails_fullName,props_pageProps_match_team1_powrRankings_4_teamDetails_teamLogo___typename,props_pageProps_match_team1_powrRankings_4_teamDetails_teamLogo_darkFlip,props_pageProps_match_team1_powrRankings_4_teamDetails_teamLogo_darkShadow,props_pageProps_match_team1_powrRankings_4_teamDetails_teamLogo_logoUrl,props_pageProps_match_team1_powrRankings_4_teamDetails_teamUrn,props_pageProps_match_team1_powrRankings_4_teamPerid,props_pageProps_match_team1_powrRankings_5___typename,props_pageProps_match_team1_powrRankings_5_gamesPlayed,props_pageProps_match_team1_powrRankings_5_isPlayer,props_pageProps_match_team1_powrRankings_5_league,props_pageProps_match_team1_powrRankings_5_player,props_pageProps_match_team1_powrRankings_5_playerDetails___typename,props_pageProps_match_team1_powrRankings_5_playerDetails_factorId,props_pageProps_match_team1_powrRankings_5_playerDetails_fullName,props_pageProps_match_team1_powrRankings_5_playerDetails_headshotUrl,props_pageProps_match_team1_powrRankings_5_playerDetails_name,props_pageProps_match_team1_powrRankings_5_playerPerid,props_pageProps_match_team1_powrRankings_5_prevRanking,props_pageProps_match_team1_powrRankings_5_rank,props_pageProps_match_team1_powrRankings_5_ranking,props_pageProps_match_team1_powrRankings_5_role,props_pageProps_match_team1_powrRankings_5_team,props_pageProps_match_team1_powrRankings_5_teamDetails___typename,props_pageProps_match_team1_powrRankings_5_teamDetails_factorId,props_pageProps_match_team1_powrRankings_5_teamDetails_fullName,props_pageProps_match_team1_powrRankings_5_teamDetails_teamLogo___typename,props_pageProps_match_team1_powrRankings_5_teamDetails_teamLogo_darkFlip,props_pageProps_match_team1_powrRankings_5_teamDetails_teamLogo_darkShadow,props_pageProps_match_team1_powrRankings_5_teamDetails_teamLogo_logoUrl,props_pageProps_match_team1_powrRankings_5_teamDetails_teamUrn,props_pageProps_match_team1_powrRankings_5_teamPerid,props_pageProps_match_team1_powrRankings_6___typename,props_pageProps_match_team1_powrRankings_6_gamesPlayed,props_pageProps_match_team1_powrRankings_6_isPlayer,props_pageProps_match_team1_powrRankings_6_league,props_pageProps_match_team1_powrRankings_6_player,props_pageProps_match_team1_powrRankings_6_playerDetails___typename,props_pageProps_match_team1_powrRankings_6_playerDetails_factorId,props_pageProps_match_team1_powrRankings_6_playerDetails_fullName,props_pageProps_match_team1_powrRankings_6_playerDetails_headshotUrl,props_pageProps_match_team1_powrRankings_6_playerDetails_name,props_pageProps_match_team1_powrRankings_6_playerPerid,props_pageProps_match_team1_powrRankings_6_prevRanking,props_pageProps_match_team1_powrRankings_6_rank,props_pageProps_match_team1_powrRankings_6_ranking,props_pageProps_match_team1_powrRankings_6_role,props_pageProps_match_team1_powrRankings_6_team,props_pageProps_match_team1_powrRankings_6_teamDetails___typename,props_pageProps_match_team1_powrRankings_6_teamDetails_factorId,props_pageProps_match_team1_powrRankings_6_teamDetails_fullName,props_pageProps_match_team1_powrRankings_6_teamDetails_teamLogo___typename,props_pageProps_match_team1_powrRankings_6_teamDetails_teamLogo_darkFlip,props_pageProps_match_team1_powrRankings_6_teamDetails_teamLogo_darkShadow,props_pageProps_match_team1_powrRankings_6_teamDetails_teamLogo_logoUrl,props_pageProps_match_team1_powrRankings_6_teamDetails_teamUrn,props_pageProps_match_team1_powrRankings_6_teamPerid,props_pageProps_match_team1_teamStats_0___typename,props_pageProps_match_team1_teamStats_0_avgAssists,props_pageProps_match_team1_teamStats_0_avgBaronKills,props_pageProps_match_team1_teamStats_0_avgDamagePerTeamfights,props_pageProps_match_team1_teamStats_0_avgDeaths,props_pageProps_match_team1_teamStats_0_avgDmgHealedOnTeamPerMin,props_pageProps_match_team1_teamStats_0_avgDmgToChampsPerMin,props_pageProps_match_team1_teamStats_0_avgDragonKills,props_pageProps_match_team1_teamStats_0_avgDragonsAtFifteen,props_pageProps_match_team1_teamStats_0_avgGold,props_pageProps_match_team1_teamStats_0_avgGoldAtFifteen,props_pageProps_match_team1_teamStats_0_avgGoldDiffAtFifteen,props_pageProps_match_team1_teamStats_0_avgInhibKills,props_pageProps_match_team1_teamStats_0_avgIsoDeaths,props_pageProps_match_team1_teamStats_0_avgKills,props_pageProps_match_team1_teamStats_0_avgMinionsKilled,props_pageProps_match_team1_teamStats_0_avgMinsBetweenDeaths,props_pageProps_match_team1_teamStats_0_avgMinsBetweenKills,props_pageProps_match_team1_teamStats_0_avgNeutralMinionKilled,props_pageProps_match_team1_teamStats_0_avgRecalls,props_pageProps_match_team1_teamStats_0_avgSoloKills,props_pageProps_match_team1_teamStats_0_avgTowerDiffAtFifteen,props_pageProps_match_team1_teamStats_0_avgTowerKills,props_pageProps_match_team1_teamStats_0_avgTowersAtFifteen,props_pageProps_match_team1_teamStats_0_avgVisionScore,props_pageProps_match_team1_teamStats_0_avgWardsKilled,props_pageProps_match_team1_teamStats_0_avgWardsPlaced,props_pageProps_match_team1_teamStats_0_firstBloodRate,props_pageProps_match_team1_teamStats_0_firstDragonRate,props_pageProps_match_team1_teamStats_0_firstTowerRate,props_pageProps_match_team1_teamStats_0_rank,props_pageProps_match_team1_teamStats_0_seasonName,props_pageProps_match_team1_teamStats_0_selected,props_pageProps_match_team1_teamStats_0_team,props_pageProps_match_team1_teamStats_0_teamPerid,props_pageProps_match_team1_teamStats_0_tournamentName,props_pageProps_match_team1_teamStats_1_avgAssists,props_pageProps_match_team1_teamStats_1_avgBaronKills,props_pageProps_match_team1_teamStats_1_avgDamagePerTeamfights,props_pageProps_match_team1_teamStats_1_avgDeaths,props_pageProps_match_team1_teamStats_1_avgDmgHealedOnTeamPerMin,props_pageProps_match_team1_teamStats_1_avgDmgToChampsPerMin,props_pageProps_match_team1_teamStats_1_avgDragonKills,props_pageProps_match_team1_teamStats_1_avgDragonsAtFifteen,props_pageProps_match_team1_teamStats_1_avgGold,props_pageProps_match_team1_teamStats_1_avgGoldAtFifteen,props_pageProps_match_team1_teamStats_1_avgGoldDiffAtFifteen,props_pageProps_match_team1_teamStats_1_avgInhibKills,props_pageProps_match_team1_teamStats_1_avgIsoDeaths,props_pageProps_match_team1_teamStats_1_avgKills,props_pageProps_match_team1_teamStats_1_avgMinionsKilled,props_pageProps_match_team1_teamStats_1_avgMinsBetweenDeaths,props_pageProps_match_team1_teamStats_1_avgMinsBetweenKills,props_pageProps_match_team1_teamStats_1_avgNeutralMinionKilled,props_pageProps_match_team1_teamStats_1_avgRecalls,props_pageProps_match_team1_teamStats_1_avgSoloKills,props_pageProps_match_team1_teamStats_1_avgTowerDiffAtFifteen,props_pageProps_match_team1_teamStats_1_avgTowerKills,props_pageProps_match_team1_teamStats_1_avgTowersAtFifteen,props_pageProps_match_team1_teamStats_1_avgVisionScore,props_pageProps_match_team1_teamStats_1_avgWardsKilled,props_pageProps_match_team1_teamStats_1_avgWardsPlaced,props_pageProps_match_team1_teamStats_1_firstBloodRate,props_pageProps_match_team1_teamStats_1_firstDragonRate,props_pageProps_match_team1_teamStats_1_firstTowerRate,props_pageProps_match_team1_teamStats_1_rank,props_pageProps_match_team1_teamStats_1_tournamentName,props_pageProps_match_team1_topPlayers_0___typename,props_pageProps_match_team1_topPlayers_0_avgDamage,props_pageProps_match_team1_topPlayers_0_avgDamageHealed,props_pageProps_match_team1_topPlayers_0_avgDamagePerTeamfight,props_pageProps_match_team1_topPlayers_0_avgGold,props_pageProps_match_team1_topPlayers_0_avgGoldAtFifteen,props_pageProps_match_team1_topPlayers_0_avgGoldDiffAtFifteen,props_pageProps_match_team1_topPlayers_0_gamesPlayed,props_pageProps_match_team1_topPlayers_0_player,props_pageProps_match_team1_topPlayers_0_playerDetails___typename,props_pageProps_match_team1_topPlayers_0_playerDetails_factorId,props_pageProps_match_team1_topPlayers_0_playerDetails_headshotUrl,props_pageProps_match_team1_topPlayers_0_playerDetails_name,props_pageProps_match_team1_topPlayers_0_playerDetails_perid,props_pageProps_match_team1_topPlayers_0_playerPerid,props_pageProps_match_team1_topPlayers_0_rank,props_pageProps_match_team1_topPlayers_0_role,props_pageProps_match_team1_topPlayers_0_totalAssists,props_pageProps_match_team1_topPlayers_0_totalDamageTeamfights,props_pageProps_match_team1_topPlayers_0_totalDeaths,props_pageProps_match_team1_topPlayers_0_totalFirstBloods,props_pageProps_match_team1_topPlayers_0_totalKills,props_pageProps_match_team1_topPlayers_0_totalMinionKills,props_pageProps_match_team1_topPlayers_0_totalSoloKills,props_pageProps_match_team1_topPlayers_0_totalWorthlessDeaths,props_pageProps_match_team1_topPlayers_1___typename,props_pageProps_match_team1_topPlayers_1_avgDamage,props_pageProps_match_team1_topPlayers_1_avgDamageHealed,props_pageProps_match_team1_topPlayers_1_avgDamagePerTeamfight,props_pageProps_match_team1_topPlayers_1_avgGold,props_pageProps_match_team1_topPlayers_1_avgGoldAtFifteen,props_pageProps_match_team1_topPlayers_1_avgGoldDiffAtFifteen,props_pageProps_match_team1_topPlayers_1_gamesPlayed,props_pageProps_match_team1_topPlayers_1_player,props_pageProps_match_team1_topPlayers_1_playerDetails___typename,props_pageProps_match_team1_topPlayers_1_playerDetails_factorId,props_pageProps_match_team1_topPlayers_1_playerDetails_headshotUrl,props_pageProps_match_team1_topPlayers_1_playerDetails_name,props_pageProps_match_team1_topPlayers_1_playerDetails_perid,props_pageProps_match_team1_topPlayers_1_playerPerid,props_pageProps_match_team1_topPlayers_1_rank,props_pageProps_match_team1_topPlayers_1_role,props_pageProps_match_team1_topPlayers_1_totalAssists,props_pageProps_match_team1_topPlayers_1_totalDamageTeamfights,props_pageProps_match_team1_topPlayers_1_totalDeaths,props_pageProps_match_team1_topPlayers_1_totalFirstBloods,props_pageProps_match_team1_topPlayers_1_totalKills,props_pageProps_match_team1_topPlayers_1_totalMinionKills,props_pageProps_match_team1_topPlayers_1_totalSoloKills,props_pageProps_match_team1_topPlayers_1_totalWorthlessDeaths,props_pageProps_match_team1_topPlayers_2___typename,props_pageProps_match_team1_topPlayers_2_avgDamage,props_pageProps_match_team1_topPlayers_2_avgDamageHealed,props_pageProps_match_team1_topPlayers_2_avgDamagePerTeamfight,props_pageProps_match_team1_topPlayers_2_avgGold,props_pageProps_match_team1_topPlayers_2_avgGoldAtFifteen,props_pageProps_match_team1_topPlayers_2_avgGoldDiffAtFifteen,props_pageProps_match_team1_topPlayers_2_gamesPlayed,props_pageProps_match_team1_topPlayers_2_player,props_pageProps_match_team1_topPlayers_2_playerDetails___typename,props_pageProps_match_team1_topPlayers_2_playerDetails_factorId,props_pageProps_match_team1_topPlayers_2_playerDetails_headshotUrl,props_pageProps_match_team1_topPlayers_2_playerDetails_name,props_pageProps_match_team1_topPlayers_2_playerDetails_perid,props_pageProps_match_team1_topPlayers_2_playerPerid,props_pageProps_match_team1_topPlayers_2_rank,props_pageProps_match_team1_topPlayers_2_role,props_pageProps_match_team1_topPlayers_2_totalAssists,props_pageProps_match_team1_topPlayers_2_totalDamageTeamfights,props_pageProps_match_team1_topPlayers_2_totalDeaths,props_pageProps_match_team1_topPlayers_2_totalFirstBloods,props_pageProps_match_team1_topPlayers_2_totalKills,props_pageProps_match_team1_topPlayers_2_totalMinionKills,props_pageProps_match_team1_topPlayers_2_totalSoloKills,props_pageProps_match_team1_topPlayers_2_totalWorthlessDeaths,props_pageProps_match_team1_topPlayers_3___typename,props_pageProps_match_team1_topPlayers_3_avgDamage,props_pageProps_match_team1_topPlayers_3_avgDamageHealed,props_pageProps_match_team1_topPlayers_3_avgDamagePerTeamfight,props_pageProps_match_team1_topPlayers_3_avgGold,props_pageProps_match_team1_topPlayers_3_avgGoldAtFifteen,props_pageProps_match_team1_topPlayers_3_avgGoldDiffAtFifteen,props_pageProps_match_team1_topPlayers_3_gamesPlayed,props_pageProps_match_team1_topPlayers_3_player,props_pageProps_match_team1_topPlayers_3_playerDetails___typename,props_pageProps_match_team1_topPlayers_3_playerDetails_factorId,props_pageProps_match_team1_topPlayers_3_playerDetails_headshotUrl,props_pageProps_match_team1_topPlayers_3_playerDetails_name,props_pageProps_match_team1_topPlayers_3_playerDetails_perid,props_pageProps_match_team1_topPlayers_3_playerPerid,props_pageProps_match_team1_topPlayers_3_rank,props_pageProps_match_team1_topPlayers_3_role,props_pageProps_match_team1_topPlayers_3_totalAssists,props_pageProps_match_team1_topPlayers_3_totalDamageTeamfights,props_pageProps_match_team1_topPlayers_3_totalDeaths,props_pageProps_match_team1_topPlayers_3_totalFirstBloods,props_pageProps_match_team1_topPlayers_3_totalKills,props_pageProps_match_team1_topPlayers_3_totalMinionKills,props_pageProps_match_team1_topPlayers_3_totalSoloKills,props_pageProps_match_team1_topPlayers_3_totalWorthlessDeaths,props_pageProps_match_team1_topPlayers_4___typename,props_pageProps_match_team1_topPlayers_4_avgDamage,props_pageProps_match_team1_topPlayers_4_avgDamageHealed,props_pageProps_match_team1_topPlayers_4_avgDamagePerTeamfight,props_pageProps_match_team1_topPlayers_4_avgGold,props_pageProps_match_team1_topPlayers_4_avgGoldAtFifteen,props_pageProps_match_team1_topPlayers_4_avgGoldDiffAtFifteen,props_pageProps_match_team1_topPlayers_4_gamesPlayed,props_pageProps_match_team1_topPlayers_4_player,props_pageProps_match_team1_topPlayers_4_playerDetails___typename,props_pageProps_match_team1_topPlayers_4_playerDetails_factorId,props_pageProps_match_team1_topPlayers_4_playerDetails_headshotUrl,props_pageProps_match_team1_topPlayers_4_playerDetails_name,props_pageProps_match_team1_topPlayers_4_playerDetails_perid,props_pageProps_match_team1_topPlayers_4_playerPerid,props_pageProps_match_team1_topPlayers_4_rank,props_pageProps_match_team1_topPlayers_4_role,props_pageProps_match_team1_topPlayers_4_totalAssists,props_pageProps_match_team1_topPlayers_4_totalDamageTeamfights,props_pageProps_match_team1_topPlayers_4_totalDeaths,props_pageProps_match_team1_topPlayers_4_totalFirstBloods,props_pageProps_match_team1_topPlayers_4_totalKills,props_pageProps_match_team1_topPlayers_4_totalMinionKills,props_pageProps_match_team1_topPlayers_4_totalSoloKills,props_pageProps_match_team1_topPlayers_4_totalWorthlessDeaths,props_pageProps_match_team1_topPlayers_5___typename,props_pageProps_match_team1_topPlayers_5_avgDamage,props_pageProps_match_team1_topPlayers_5_avgDamageHealed,props_pageProps_match_team1_topPlayers_5_avgDamagePerTeamfight,props_pageProps_match_team1_topPlayers_5_avgGold,props_pageProps_match_team1_topPlayers_5_avgGoldAtFifteen,props_pageProps_match_team1_topPlayers_5_avgGoldDiffAtFifteen,props_pageProps_match_team1_topPlayers_5_gamesPlayed,props_pageProps_match_team1_topPlayers_5_player,props_pageProps_match_team1_topPlayers_5_playerDetails___typename,props_pageProps_match_team1_topPlayers_5_playerDetails_factorId,props_pageProps_match_team1_topPlayers_5_playerDetails_headshotUrl,props_pageProps_match_team1_topPlayers_5_playerDetails_name,props_pageProps_match_team1_topPlayers_5_playerDetails_perid,props_pageProps_match_team1_topPlayers_5_playerPerid,props_pageProps_match_team1_topPlayers_5_rank,props_pageProps_match_team1_topPlayers_5_role,props_pageProps_match_team1_topPlayers_5_totalAssists,props_pageProps_match_team1_topPlayers_5_totalDamageTeamfights,props_pageProps_match_team1_topPlayers_5_totalDeaths,props_pageProps_match_team1_topPlayers_5_totalFirstBloods,props_pageProps_match_team1_topPlayers_5_totalKills,props_pageProps_match_team1_topPlayers_5_totalMinionKills,props_pageProps_match_team1_topPlayers_5_totalSoloKills,props_pageProps_match_team1_topPlayers_5_totalWorthlessDeaths,props_pageProps_match_team1_topPlayers_6___typename,props_pageProps_match_team1_topPlayers_6_avgDamage,props_pageProps_match_team1_topPlayers_6_avgDamageHealed,props_pageProps_match_team1_topPlayers_6_avgDamagePerTeamfight,props_pageProps_match_team1_topPlayers_6_avgGold,props_pageProps_match_team1_topPlayers_6_avgGoldAtFifteen,props_pageProps_match_team1_topPlayers_6_avgGoldDiffAtFifteen,props_pageProps_match_team1_topPlayers_6_gamesPlayed,props_pageProps_match_team1_topPlayers_6_player,props_pageProps_match_team1_topPlayers_6_playerDetails___typename,props_pageProps_match_team1_topPlayers_6_playerDetails_factorId,props_pageProps_match_team1_topPlayers_6_playerDetails_headshotUrl,props_pageProps_match_team1_topPlayers_6_playerDetails_name,props_pageProps_match_team1_topPlayers_6_playerDetails_perid,props_pageProps_match_team1_topPlayers_6_playerPerid,props_pageProps_match_team1_topPlayers_6_rank,props_pageProps_match_team1_topPlayers_6_role,props_pageProps_match_team1_topPlayers_6_totalAssists,props_pageProps_match_team1_topPlayers_6_totalDamageTeamfights,props_pageProps_match_team1_topPlayers_6_totalDeaths,props_pageProps_match_team1_topPlayers_6_totalFirstBloods,props_pageProps_match_team1_topPlayers_6_totalKills,props_pageProps_match_team1_topPlayers_6_totalMinionKills,props_pageProps_match_team1_topPlayers_6_totalSoloKills,props_pageProps_match_team1_topPlayers_6_totalWorthlessDeaths,props_pageProps_match_team1_topPlayers_7___typename,props_pageProps_match_team1_topPlayers_7_avgDamage,props_pageProps_match_team1_topPlayers_7_avgDamageHealed,props_pageProps_match_team1_topPlayers_7_avgDamagePerTeamfight,props_pageProps_match_team1_topPlayers_7_avgGold,props_pageProps_match_team1_topPlayers_7_avgGoldAtFifteen,props_pageProps_match_team1_topPlayers_7_avgGoldDiffAtFifteen,props_pageProps_match_team1_topPlayers_7_gamesPlayed,props_pageProps_match_team1_topPlayers_7_player,props_pageProps_match_team1_topPlayers_7_playerDetails___typename,props_pageProps_match_team1_topPlayers_7_playerDetails_factorId,props_pageProps_match_team1_topPlayers_7_playerDetails_headshotUrl,props_pageProps_match_team1_topPlayers_7_playerDetails_name,props_pageProps_match_team1_topPlayers_7_playerDetails_perid,props_pageProps_match_team1_topPlayers_7_playerPerid,props_pageProps_match_team1_topPlayers_7_rank,props_pageProps_match_team1_topPlayers_7_role,props_pageProps_match_team1_topPlayers_7_totalAssists,props_pageProps_match_team1_topPlayers_7_totalDamageTeamfights,props_pageProps_match_team1_topPlayers_7_totalDeaths,props_pageProps_match_team1_topPlayers_7_totalFirstBloods,props_pageProps_match_team1_topPlayers_7_totalKills,props_pageProps_match_team1_topPlayers_7_totalMinionKills,props_pageProps_match_team1_topPlayers_7_totalSoloKills,props_pageProps_match_team1_topPlayers_7_totalWorthlessDeaths,props_pageProps_match_team2_championPicks___typename,props_pageProps_match_team2_championPicks_items_0___typename,props_pageProps_match_team2_championPicks_items_0_banCount,props_pageProps_match_team2_championPicks_items_0_champion,props_pageProps_match_team2_championPicks_items_0_pickCount,props_pageProps_match_team2_championPicks_items_0_totalCount,props_pageProps_match_team2_championPicks_items_0_winBanCount,props_pageProps_match_team2_championPicks_items_0_winPickCount,props_pageProps_match_team2_championPicks_items_1___typename,props_pageProps_match_team2_championPicks_items_1_banCount,props_pageProps_match_team2_championPicks_items_1_champion,props_pageProps_match_team2_championPicks_items_1_pickCount,props_pageProps_match_team2_championPicks_items_1_totalCount,props_pageProps_match_team2_championPicks_items_1_winBanCount,props_pageProps_match_team2_championPicks_items_1_winPickCount,props_pageProps_match_team2_championPicks_items_2___typename,props_pageProps_match_team2_championPicks_items_2_banCount,props_pageProps_match_team2_championPicks_items_2_champion,props_pageProps_match_team2_championPicks_items_2_pickCount,props_pageProps_match_team2_championPicks_items_2_totalCount,props_pageProps_match_team2_championPicks_items_2_winBanCount,props_pageProps_match_team2_championPicks_items_2_winPickCount,props_pageProps_match_team2_championPicks_items_3___typename,props_pageProps_match_team2_championPicks_items_3_banCount,props_pageProps_match_team2_championPicks_items_3_champion,props_pageProps_match_team2_championPicks_items_3_pickCount,props_pageProps_match_team2_championPicks_items_3_totalCount,props_pageProps_match_team2_championPicks_items_3_winBanCount,props_pageProps_match_team2_championPicks_items_3_winPickCount,props_pageProps_match_team2_championPicks_items_4___typename,props_pageProps_match_team2_championPicks_items_4_banCount,props_pageProps_match_team2_championPicks_items_4_champion,props_pageProps_match_team2_championPicks_items_4_pickCount,props_pageProps_match_team2_championPicks_items_4_totalCount,props_pageProps_match_team2_championPicks_items_4_winBanCount,props_pageProps_match_team2_championPicks_items_4_winPickCount,props_pageProps_match_team2_championPicks_items_5___typename,props_pageProps_match_team2_championPicks_items_5_banCount,props_pageProps_match_team2_championPicks_items_5_champion,props_pageProps_match_team2_championPicks_items_5_pickCount,props_pageProps_match_team2_championPicks_items_5_totalCount,props_pageProps_match_team2_championPicks_items_5_winBanCount,props_pageProps_match_team2_championPicks_items_5_winPickCount,props_pageProps_match_team2_championPicks_items_6___typename,props_pageProps_match_team2_championPicks_items_6_banCount,props_pageProps_match_team2_championPicks_items_6_champion,props_pageProps_match_team2_championPicks_items_6_pickCount,props_pageProps_match_team2_championPicks_items_6_totalCount,props_pageProps_match_team2_championPicks_items_6_winBanCount,props_pageProps_match_team2_championPicks_items_6_winPickCount,props_pageProps_match_team2_championPicks_items_7___typename,props_pageProps_match_team2_championPicks_items_7_banCount,props_pageProps_match_team2_championPicks_items_7_champion,props_pageProps_match_team2_championPicks_items_7_pickCount,props_pageProps_match_team2_championPicks_items_7_totalCount,props_pageProps_match_team2_championPicks_items_7_winBanCount,props_pageProps_match_team2_championPicks_items_7_winPickCount,props_pageProps_match_team2_championPicks_items_8___typename,props_pageProps_match_team2_championPicks_items_8_banCount,props_pageProps_match_team2_championPicks_items_8_champion,props_pageProps_match_team2_championPicks_items_8_pickCount,props_pageProps_match_team2_championPicks_items_8_totalCount,props_pageProps_match_team2_championPicks_items_8_winBanCount,props_pageProps_match_team2_championPicks_items_8_winPickCount,props_pageProps_match_team2_championPicks_items_9___typename,props_pageProps_match_team2_championPicks_items_9_banCount,props_pageProps_match_team2_championPicks_items_9_champion,props_pageProps_match_team2_championPicks_items_9_pickCount,props_pageProps_match_team2_championPicks_items_9_totalCount,props_pageProps_match_team2_championPicks_items_9_winBanCount,props_pageProps_match_team2_championPicks_items_9_winPickCount,props_pageProps_match_team2_championPicks_items_10___typename,props_pageProps_match_team2_championPicks_items_10_banCount,props_pageProps_match_team2_championPicks_items_10_champion,props_pageProps_match_team2_championPicks_items_10_pickCount,props_pageProps_match_team2_championPicks_items_10_totalCount,props_pageProps_match_team2_championPicks_items_10_winBanCount,props_pageProps_match_team2_championPicks_items_10_winPickCount,props_pageProps_match_team2_championPicks_items_11___typename,props_pageProps_match_team2_championPicks_items_11_banCount,props_pageProps_match_team2_championPicks_items_11_champion,props_pageProps_match_team2_championPicks_items_11_pickCount,props_pageProps_match_team2_championPicks_items_11_totalCount,props_pageProps_match_team2_championPicks_items_11_winBanCount,props_pageProps_match_team2_championPicks_items_11_winPickCount,props_pageProps_match_team2_championPicks_items_12___typename,props_pageProps_match_team2_championPicks_items_12_banCount,props_pageProps_match_team2_championPicks_items_12_champion,props_pageProps_match_team2_championPicks_items_12_pickCount,props_pageProps_match_team2_championPicks_items_12_totalCount,props_pageProps_match_team2_championPicks_items_12_winBanCount,props_pageProps_match_team2_championPicks_items_12_winPickCount,props_pageProps_match_team2_championPicks_items_13___typename,props_pageProps_match_team2_championPicks_items_13_banCount,props_pageProps_match_team2_championPicks_items_13_champion,props_pageProps_match_team2_championPicks_items_13_pickCount,props_pageProps_match_team2_championPicks_items_13_totalCount,props_pageProps_match_team2_championPicks_items_13_winBanCount,props_pageProps_match_team2_championPicks_items_13_winPickCount,props_pageProps_match_team2_championPicks_items_14___typename,props_pageProps_match_team2_championPicks_items_14_banCount,props_pageProps_match_team2_championPicks_items_14_champion,props_pageProps_match_team2_championPicks_items_14_pickCount,props_pageProps_match_team2_championPicks_items_14_totalCount,props_pageProps_match_team2_championPicks_items_14_winBanCount,props_pageProps_match_team2_championPicks_items_14_winPickCount,props_pageProps_match_team2_championPicks_items_15___typename,props_pageProps_match_team2_championPicks_items_15_banCount,props_pageProps_match_team2_championPicks_items_15_champion,props_pageProps_match_team2_championPicks_items_15_pickCount,props_pageProps_match_team2_championPicks_items_15_totalCount,props_pageProps_match_team2_championPicks_items_15_winBanCount,props_pageProps_match_team2_championPicks_items_15_winPickCount,props_pageProps_match_team2_championPicks_items_16___typename,props_pageProps_match_team2_championPicks_items_16_banCount,props_pageProps_match_team2_championPicks_items_16_champion,props_pageProps_match_team2_championPicks_items_16_pickCount,props_pageProps_match_team2_championPicks_items_16_totalCount,props_pageProps_match_team2_championPicks_items_16_winBanCount,props_pageProps_match_team2_championPicks_items_16_winPickCount,props_pageProps_match_team2_championPicks_items_17___typename,props_pageProps_match_team2_championPicks_items_17_banCount,props_pageProps_match_team2_championPicks_items_17_champion,props_pageProps_match_team2_championPicks_items_17_pickCount,props_pageProps_match_team2_championPicks_items_17_totalCount,props_pageProps_match_team2_championPicks_items_17_winBanCount,props_pageProps_match_team2_championPicks_items_17_winPickCount,props_pageProps_match_team2_championPicks_items_18___typename,props_pageProps_match_team2_championPicks_items_18_banCount,props_pageProps_match_team2_championPicks_items_18_champion,props_pageProps_match_team2_championPicks_items_18_pickCount,props_pageProps_match_team2_championPicks_items_18_totalCount,props_pageProps_match_team2_championPicks_items_18_winBanCount,props_pageProps_match_team2_championPicks_items_18_winPickCount,props_pageProps_match_team2_championPicks_items_19___typename,props_pageProps_match_team2_championPicks_items_19_banCount,props_pageProps_match_team2_championPicks_items_19_champion,props_pageProps_match_team2_championPicks_items_19_pickCount,props_pageProps_match_team2_championPicks_items_19_totalCount,props_pageProps_match_team2_championPicks_items_19_winBanCount,props_pageProps_match_team2_championPicks_items_19_winPickCount,props_pageProps_match_team2_championPicks_items_20___typename,props_pageProps_match_team2_championPicks_items_20_banCount,props_pageProps_match_team2_championPicks_items_20_champion,props_pageProps_match_team2_championPicks_items_20_pickCount,props_pageProps_match_team2_championPicks_items_20_totalCount,props_pageProps_match_team2_championPicks_items_20_winBanCount,props_pageProps_match_team2_championPicks_items_20_winPickCount,props_pageProps_match_team2_championPicks_items_21___typename,props_pageProps_match_team2_championPicks_items_21_banCount,props_pageProps_match_team2_championPicks_items_21_champion,props_pageProps_match_team2_championPicks_items_21_pickCount,props_pageProps_match_team2_championPicks_items_21_totalCount,props_pageProps_match_team2_championPicks_items_21_winBanCount,props_pageProps_match_team2_championPicks_items_21_winPickCount,props_pageProps_match_team2_championPicks_items_22___typename,props_pageProps_match_team2_championPicks_items_22_banCount,props_pageProps_match_team2_championPicks_items_22_champion,props_pageProps_match_team2_championPicks_items_22_pickCount,props_pageProps_match_team2_championPicks_items_22_totalCount,props_pageProps_match_team2_championPicks_items_22_winBanCount,props_pageProps_match_team2_championPicks_items_22_winPickCount,props_pageProps_match_team2_championPicks_items_23___typename,props_pageProps_match_team2_championPicks_items_23_banCount,props_pageProps_match_team2_championPicks_items_23_champion,props_pageProps_match_team2_championPicks_items_23_pickCount,props_pageProps_match_team2_championPicks_items_23_totalCount,props_pageProps_match_team2_championPicks_items_23_winBanCount,props_pageProps_match_team2_championPicks_items_23_winPickCount,props_pageProps_match_team2_championPicks_items_24___typename,props_pageProps_match_team2_championPicks_items_24_banCount,props_pageProps_match_team2_championPicks_items_24_champion,props_pageProps_match_team2_championPicks_items_24_pickCount,props_pageProps_match_team2_championPicks_items_24_totalCount,props_pageProps_match_team2_championPicks_items_24_winBanCount,props_pageProps_match_team2_championPicks_items_24_winPickCount,props_pageProps_match_team2_championPicks_items_25___typename,props_pageProps_match_team2_championPicks_items_25_banCount,props_pageProps_match_team2_championPicks_items_25_champion,props_pageProps_match_team2_championPicks_items_25_pickCount,props_pageProps_match_team2_championPicks_items_25_totalCount,props_pageProps_match_team2_championPicks_items_25_winBanCount,props_pageProps_match_team2_championPicks_items_25_winPickCount,props_pageProps_match_team2_championPicks_items_26___typename,props_pageProps_match_team2_championPicks_items_26_banCount,props_pageProps_match_team2_championPicks_items_26_champion,props_pageProps_match_team2_championPicks_items_26_pickCount,props_pageProps_match_team2_championPicks_items_26_totalCount,props_pageProps_match_team2_championPicks_items_26_winBanCount,props_pageProps_match_team2_championPicks_items_26_winPickCount,props_pageProps_match_team2_championPicks_items_27___typename,props_pageProps_match_team2_championPicks_items_27_banCount,props_pageProps_match_team2_championPicks_items_27_champion,props_pageProps_match_team2_championPicks_items_27_pickCount,props_pageProps_match_team2_championPicks_items_27_totalCount,props_pageProps_match_team2_championPicks_items_27_winBanCount,props_pageProps_match_team2_championPicks_items_27_winPickCount,props_pageProps_match_team2_championPicks_items_28___typename,props_pageProps_match_team2_championPicks_items_28_banCount,props_pageProps_match_team2_championPicks_items_28_champion,props_pageProps_match_team2_championPicks_items_28_pickCount,props_pageProps_match_team2_championPicks_items_28_totalCount,props_pageProps_match_team2_championPicks_items_28_winBanCount,props_pageProps_match_team2_championPicks_items_28_winPickCount,props_pageProps_match_team2_championPicks_items_29___typename,props_pageProps_match_team2_championPicks_items_29_banCount,props_pageProps_match_team2_championPicks_items_29_champion,props_pageProps_match_team2_championPicks_items_29_pickCount,props_pageProps_match_team2_championPicks_items_29_totalCount,props_pageProps_match_team2_championPicks_items_29_winBanCount,props_pageProps_match_team2_championPicks_items_29_winPickCount,props_pageProps_match_team2_championPicks_items_30___typename,props_pageProps_match_team2_championPicks_items_30_banCount,props_pageProps_match_team2_championPicks_items_30_champion,props_pageProps_match_team2_championPicks_items_30_pickCount,props_pageProps_match_team2_championPicks_items_30_totalCount,props_pageProps_match_team2_championPicks_items_30_winBanCount,props_pageProps_match_team2_championPicks_items_30_winPickCount,props_pageProps_match_team2_championPicks_items_31___typename,props_pageProps_match_team2_championPicks_items_31_banCount,props_pageProps_match_team2_championPicks_items_31_champion,props_pageProps_match_team2_championPicks_items_31_pickCount,props_pageProps_match_team2_championPicks_items_31_totalCount,props_pageProps_match_team2_championPicks_items_31_winBanCount,props_pageProps_match_team2_championPicks_items_31_winPickCount,props_pageProps_match_team2_championPicks_items_32___typename,props_pageProps_match_team2_championPicks_items_32_banCount,props_pageProps_match_team2_championPicks_items_32_champion,props_pageProps_match_team2_championPicks_items_32_pickCount,props_pageProps_match_team2_championPicks_items_32_totalCount,props_pageProps_match_team2_championPicks_items_32_winBanCount,props_pageProps_match_team2_championPicks_items_32_winPickCount,props_pageProps_match_team2_championPicks_items_33___typename,props_pageProps_match_team2_championPicks_items_33_banCount,props_pageProps_match_team2_championPicks_items_33_champion,props_pageProps_match_team2_championPicks_items_33_pickCount,props_pageProps_match_team2_championPicks_items_33_totalCount,props_pageProps_match_team2_championPicks_items_33_winBanCount,props_pageProps_match_team2_championPicks_items_33_winPickCount,props_pageProps_match_team2_championPicks_items_34___typename,props_pageProps_match_team2_championPicks_items_34_banCount,props_pageProps_match_team2_championPicks_items_34_champion,props_pageProps_match_team2_championPicks_items_34_pickCount,props_pageProps_match_team2_championPicks_items_34_totalCount,props_pageProps_match_team2_championPicks_items_34_winBanCount,props_pageProps_match_team2_championPicks_items_34_winPickCount,props_pageProps_match_team2_championPicks_items_35___typename,props_pageProps_match_team2_championPicks_items_35_banCount,props_pageProps_match_team2_championPicks_items_35_champion,props_pageProps_match_team2_championPicks_items_35_pickCount,props_pageProps_match_team2_championPicks_items_35_totalCount,props_pageProps_match_team2_championPicks_items_35_winBanCount,props_pageProps_match_team2_championPicks_items_35_winPickCount,props_pageProps_match_team2_championPicks_items_36___typename,props_pageProps_match_team2_championPicks_items_36_banCount,props_pageProps_match_team2_championPicks_items_36_champion,props_pageProps_match_team2_championPicks_items_36_pickCount,props_pageProps_match_team2_championPicks_items_36_totalCount,props_pageProps_match_team2_championPicks_items_36_winBanCount,props_pageProps_match_team2_championPicks_items_36_winPickCount,props_pageProps_match_team2_championPicks_items_37___typename,props_pageProps_match_team2_championPicks_items_37_banCount,props_pageProps_match_team2_championPicks_items_37_champion,props_pageProps_match_team2_championPicks_items_37_pickCount,props_pageProps_match_team2_championPicks_items_37_totalCount,props_pageProps_match_team2_championPicks_items_37_winBanCount,props_pageProps_match_team2_championPicks_items_37_winPickCount,props_pageProps_match_team2_championPicks_items_38___typename,props_pageProps_match_team2_championPicks_items_38_banCount,props_pageProps_match_team2_championPicks_items_38_champion,props_pageProps_match_team2_championPicks_items_38_pickCount,props_pageProps_match_team2_championPicks_items_38_totalCount,props_pageProps_match_team2_championPicks_items_38_winBanCount,props_pageProps_match_team2_championPicks_items_38_winPickCount,props_pageProps_match_team2_championPicks_items_39___typename,props_pageProps_match_team2_championPicks_items_39_banCount,props_pageProps_match_team2_championPicks_items_39_champion,props_pageProps_match_team2_championPicks_items_39_pickCount,props_pageProps_match_team2_championPicks_items_39_totalCount,props_pageProps_match_team2_championPicks_items_39_winBanCount,props_pageProps_match_team2_championPicks_items_39_winPickCount,props_pageProps_match_team2_championPicks_items_40___typename,props_pageProps_match_team2_championPicks_items_40_banCount,props_pageProps_match_team2_championPicks_items_40_champion,props_pageProps_match_team2_championPicks_items_40_pickCount,props_pageProps_match_team2_championPicks_items_40_totalCount,props_pageProps_match_team2_championPicks_items_40_winBanCount,props_pageProps_match_team2_championPicks_items_40_winPickCount,props_pageProps_match_team2_championPicks_total,props_pageProps_match_team2_championPicks_totalPickCount,props_pageProps_match_team2_picksByPosition_bot___typename,props_pageProps_match_team2_picksByPosition_bot_items_0___typename,props_pageProps_match_team2_picksByPosition_bot_items_0_banCount,props_pageProps_match_team2_picksByPosition_bot_items_0_champion,props_pageProps_match_team2_picksByPosition_bot_items_0_pickCount,props_pageProps_match_team2_picksByPosition_bot_items_0_totalCount,props_pageProps_match_team2_picksByPosition_bot_items_0_winBanCount,props_pageProps_match_team2_picksByPosition_bot_items_0_winPickCount,props_pageProps_match_team2_picksByPosition_bot_items_1___typename,props_pageProps_match_team2_picksByPosition_bot_items_1_banCount,props_pageProps_match_team2_picksByPosition_bot_items_1_champion,props_pageProps_match_team2_picksByPosition_bot_items_1_pickCount,props_pageProps_match_team2_picksByPosition_bot_items_1_totalCount,props_pageProps_match_team2_picksByPosition_bot_items_1_winBanCount,props_pageProps_match_team2_picksByPosition_bot_items_1_winPickCount,props_pageProps_match_team2_picksByPosition_bot_items_2___typename,props_pageProps_match_team2_picksByPosition_bot_items_2_banCount,props_pageProps_match_team2_picksByPosition_bot_items_2_champion,props_pageProps_match_team2_picksByPosition_bot_items_2_pickCount,props_pageProps_match_team2_picksByPosition_bot_items_2_totalCount,props_pageProps_match_team2_picksByPosition_bot_items_2_winBanCount,props_pageProps_match_team2_picksByPosition_bot_items_2_winPickCount,props_pageProps_match_team2_picksByPosition_bot_items_3___typename,props_pageProps_match_team2_picksByPosition_bot_items_3_banCount,props_pageProps_match_team2_picksByPosition_bot_items_3_champion,props_pageProps_match_team2_picksByPosition_bot_items_3_pickCount,props_pageProps_match_team2_picksByPosition_bot_items_3_totalCount,props_pageProps_match_team2_picksByPosition_bot_items_3_winBanCount,props_pageProps_match_team2_picksByPosition_bot_items_3_winPickCount,props_pageProps_match_team2_picksByPosition_bot_items_4___typename,props_pageProps_match_team2_picksByPosition_bot_items_4_banCount,props_pageProps_match_team2_picksByPosition_bot_items_4_champion,props_pageProps_match_team2_picksByPosition_bot_items_4_pickCount,props_pageProps_match_team2_picksByPosition_bot_items_4_totalCount,props_pageProps_match_team2_picksByPosition_bot_items_4_winBanCount,props_pageProps_match_team2_picksByPosition_bot_items_4_winPickCount,props_pageProps_match_team2_picksByPosition_bot_items_5___typename,props_pageProps_match_team2_picksByPosition_bot_items_5_banCount,props_pageProps_match_team2_picksByPosition_bot_items_5_champion,props_pageProps_match_team2_picksByPosition_bot_items_5_pickCount,props_pageProps_match_team2_picksByPosition_bot_items_5_totalCount,props_pageProps_match_team2_picksByPosition_bot_items_5_winBanCount,props_pageProps_match_team2_picksByPosition_bot_items_5_winPickCount,props_pageProps_match_team2_picksByPosition_bot_items_6___typename,props_pageProps_match_team2_picksByPosition_bot_items_6_banCount,props_pageProps_match_team2_picksByPosition_bot_items_6_champion,props_pageProps_match_team2_picksByPosition_bot_items_6_pickCount,props_pageProps_match_team2_picksByPosition_bot_items_6_totalCount,props_pageProps_match_team2_picksByPosition_bot_items_6_winBanCount,props_pageProps_match_team2_picksByPosition_bot_items_6_winPickCount,props_pageProps_match_team2_picksByPosition_bot_items_7___typename,props_pageProps_match_team2_picksByPosition_bot_items_7_banCount,props_pageProps_match_team2_picksByPosition_bot_items_7_champion,props_pageProps_match_team2_picksByPosition_bot_items_7_pickCount,props_pageProps_match_team2_picksByPosition_bot_items_7_totalCount,props_pageProps_match_team2_picksByPosition_bot_items_7_winBanCount,props_pageProps_match_team2_picksByPosition_bot_items_7_winPickCount,props_pageProps_match_team2_picksByPosition_bot_items_8___typename,props_pageProps_match_team2_picksByPosition_bot_items_8_banCount,props_pageProps_match_team2_picksByPosition_bot_items_8_champion,props_pageProps_match_team2_picksByPosition_bot_items_8_pickCount,props_pageProps_match_team2_picksByPosition_bot_items_8_totalCount,props_pageProps_match_team2_picksByPosition_bot_items_8_winBanCount,props_pageProps_match_team2_picksByPosition_bot_items_8_winPickCount,props_pageProps_match_team2_picksByPosition_bot_total,props_pageProps_match_team2_picksByPosition_bot_totalPickCount,props_pageProps_match_team2_picksByPosition_jng___typename,props_pageProps_match_team2_picksByPosition_jng_items_0___typename,props_pageProps_match_team2_picksByPosition_jng_items_0_banCount,props_pageProps_match_team2_picksByPosition_jng_items_0_champion,props_pageProps_match_team2_picksByPosition_jng_items_0_pickCount,props_pageProps_match_team2_picksByPosition_jng_items_0_totalCount,props_pageProps_match_team2_picksByPosition_jng_items_0_winBanCount,props_pageProps_match_team2_picksByPosition_jng_items_0_winPickCount,props_pageProps_match_team2_picksByPosition_jng_items_1___typename,props_pageProps_match_team2_picksByPosition_jng_items_1_banCount,props_pageProps_match_team2_picksByPosition_jng_items_1_champion,props_pageProps_match_team2_picksByPosition_jng_items_1_pickCount,props_pageProps_match_team2_picksByPosition_jng_items_1_totalCount,props_pageProps_match_team2_picksByPosition_jng_items_1_winBanCount,props_pageProps_match_team2_picksByPosition_jng_items_1_winPickCount,props_pageProps_match_team2_picksByPosition_jng_items_2___typename,props_pageProps_match_team2_picksByPosition_jng_items_2_banCount,props_pageProps_match_team2_picksByPosition_jng_items_2_champion,props_pageProps_match_team2_picksByPosition_jng_items_2_pickCount,props_pageProps_match_team2_picksByPosition_jng_items_2_totalCount,props_pageProps_match_team2_picksByPosition_jng_items_2_winBanCount,props_pageProps_match_team2_picksByPosition_jng_items_2_winPickCount,props_pageProps_match_team2_picksByPosition_jng_items_3___typename,props_pageProps_match_team2_picksByPosition_jng_items_3_banCount,props_pageProps_match_team2_picksByPosition_jng_items_3_champion,props_pageProps_match_team2_picksByPosition_jng_items_3_pickCount,props_pageProps_match_team2_picksByPosition_jng_items_3_totalCount,props_pageProps_match_team2_picksByPosition_jng_items_3_winBanCount,props_pageProps_match_team2_picksByPosition_jng_items_3_winPickCount,props_pageProps_match_team2_picksByPosition_jng_items_4___typename,props_pageProps_match_team2_picksByPosition_jng_items_4_banCount,props_pageProps_match_team2_picksByPosition_jng_items_4_champion,props_pageProps_match_team2_picksByPosition_jng_items_4_pickCount,props_pageProps_match_team2_picksByPosition_jng_items_4_totalCount,props_pageProps_match_team2_picksByPosition_jng_items_4_winBanCount,props_pageProps_match_team2_picksByPosition_jng_items_4_winPickCount,props_pageProps_match_team2_picksByPosition_jng_items_5___typename,props_pageProps_match_team2_picksByPosition_jng_items_5_banCount,props_pageProps_match_team2_picksByPosition_jng_items_5_champion,props_pageProps_match_team2_picksByPosition_jng_items_5_pickCount,props_pageProps_match_team2_picksByPosition_jng_items_5_totalCount,props_pageProps_match_team2_picksByPosition_jng_items_5_winBanCount,props_pageProps_match_team2_picksByPosition_jng_items_5_winPickCount,props_pageProps_match_team2_picksByPosition_jng_total,props_pageProps_match_team2_picksByPosition_jng_totalPickCount,props_pageProps_match_team2_picksByPosition_mid___typename,props_pageProps_match_team2_picksByPosition_mid_items_0___typename,props_pageProps_match_team2_picksByPosition_mid_items_0_banCount,props_pageProps_match_team2_picksByPosition_mid_items_0_champion,props_pageProps_match_team2_picksByPosition_mid_items_0_pickCount,props_pageProps_match_team2_picksByPosition_mid_items_0_totalCount,props_pageProps_match_team2_picksByPosition_mid_items_0_winBanCount,props_pageProps_match_team2_picksByPosition_mid_items_0_winPickCount,props_pageProps_match_team2_picksByPosition_mid_items_1___typename,props_pageProps_match_team2_picksByPosition_mid_items_1_banCount,props_pageProps_match_team2_picksByPosition_mid_items_1_champion,props_pageProps_match_team2_picksByPosition_mid_items_1_pickCount,props_pageProps_match_team2_picksByPosition_mid_items_1_totalCount,props_pageProps_match_team2_picksByPosition_mid_items_1_winBanCount,props_pageProps_match_team2_picksByPosition_mid_items_1_winPickCount,props_pageProps_match_team2_picksByPosition_mid_items_2___typename,props_pageProps_match_team2_picksByPosition_mid_items_2_banCount,props_pageProps_match_team2_picksByPosition_mid_items_2_champion,props_pageProps_match_team2_picksByPosition_mid_items_2_pickCount,props_pageProps_match_team2_picksByPosition_mid_items_2_totalCount,props_pageProps_match_team2_picksByPosition_mid_items_2_winBanCount,props_pageProps_match_team2_picksByPosition_mid_items_2_winPickCount,props_pageProps_match_team2_picksByPosition_mid_items_3___typename,props_pageProps_match_team2_picksByPosition_mid_items_3_banCount,props_pageProps_match_team2_picksByPosition_mid_items_3_champion,props_pageProps_match_team2_picksByPosition_mid_items_3_pickCount,props_pageProps_match_team2_picksByPosition_mid_items_3_totalCount,props_pageProps_match_team2_picksByPosition_mid_items_3_winBanCount,props_pageProps_match_team2_picksByPosition_mid_items_3_winPickCount,props_pageProps_match_team2_picksByPosition_mid_items_4___typename,props_pageProps_match_team2_picksByPosition_mid_items_4_banCount,props_pageProps_match_team2_picksByPosition_mid_items_4_champion,props_pageProps_match_team2_picksByPosition_mid_items_4_pickCount,props_pageProps_match_team2_picksByPosition_mid_items_4_totalCount,props_pageProps_match_team2_picksByPosition_mid_items_4_winBanCount,props_pageProps_match_team2_picksByPosition_mid_items_4_winPickCount,props_pageProps_match_team2_picksByPosition_mid_items_5___typename,props_pageProps_match_team2_picksByPosition_mid_items_5_banCount,props_pageProps_match_team2_picksByPosition_mid_items_5_champion,props_pageProps_match_team2_picksByPosition_mid_items_5_pickCount,props_pageProps_match_team2_picksByPosition_mid_items_5_totalCount,props_pageProps_match_team2_picksByPosition_mid_items_5_winBanCount,props_pageProps_match_team2_picksByPosition_mid_items_5_winPickCount,props_pageProps_match_team2_picksByPosition_mid_items_6___typename,props_pageProps_match_team2_picksByPosition_mid_items_6_banCount,props_pageProps_match_team2_picksByPosition_mid_items_6_champion,props_pageProps_match_team2_picksByPosition_mid_items_6_pickCount,props_pageProps_match_team2_picksByPosition_mid_items_6_totalCount,props_pageProps_match_team2_picksByPosition_mid_items_6_winBanCount,props_pageProps_match_team2_picksByPosition_mid_items_6_winPickCount,props_pageProps_match_team2_picksByPosition_mid_items_7___typename,props_pageProps_match_team2_picksByPosition_mid_items_7_banCount,props_pageProps_match_team2_picksByPosition_mid_items_7_champion,props_pageProps_match_team2_picksByPosition_mid_items_7_pickCount,props_pageProps_match_team2_picksByPosition_mid_items_7_totalCount,props_pageProps_match_team2_picksByPosition_mid_items_7_winBanCount,props_pageProps_match_team2_picksByPosition_mid_items_7_winPickCount,props_pageProps_match_team2_picksByPosition_mid_items_8___typename,props_pageProps_match_team2_picksByPosition_mid_items_8_banCount,props_pageProps_match_team2_picksByPosition_mid_items_8_champion,props_pageProps_match_team2_picksByPosition_mid_items_8_pickCount,props_pageProps_match_team2_picksByPosition_mid_items_8_totalCount,props_pageProps_match_team2_picksByPosition_mid_items_8_winBanCount,props_pageProps_match_team2_picksByPosition_mid_items_8_winPickCount,props_pageProps_match_team2_picksByPosition_mid_items_9___typename,props_pageProps_match_team2_picksByPosition_mid_items_9_banCount,props_pageProps_match_team2_picksByPosition_mid_items_9_champion,props_pageProps_match_team2_picksByPosition_mid_items_9_pickCount,props_pageProps_match_team2_picksByPosition_mid_items_9_totalCount,props_pageProps_match_team2_picksByPosition_mid_items_9_winBanCount,props_pageProps_match_team2_picksByPosition_mid_items_9_winPickCount,props_pageProps_match_team2_picksByPosition_mid_items_10___typename,props_pageProps_match_team2_picksByPosition_mid_items_10_banCount,props_pageProps_match_team2_picksByPosition_mid_items_10_champion,props_pageProps_match_team2_picksByPosition_mid_items_10_pickCount,props_pageProps_match_team2_picksByPosition_mid_items_10_totalCount,props_pageProps_match_team2_picksByPosition_mid_items_10_winBanCount,props_pageProps_match_team2_picksByPosition_mid_items_10_winPickCount,props_pageProps_match_team2_picksByPosition_mid_total,props_pageProps_match_team2_picksByPosition_mid_totalPickCount,props_pageProps_match_team2_picksByPosition_sup___typename,props_pageProps_match_team2_picksByPosition_sup_items_0___typename,props_pageProps_match_team2_picksByPosition_sup_items_0_banCount,props_pageProps_match_team2_picksByPosition_sup_items_0_champion,props_pageProps_match_team2_picksByPosition_sup_items_0_pickCount,props_pageProps_match_team2_picksByPosition_sup_items_0_totalCount,props_pageProps_match_team2_picksByPosition_sup_items_0_winBanCount,props_pageProps_match_team2_picksByPosition_sup_items_0_winPickCount,props_pageProps_match_team2_picksByPosition_sup_items_1___typename,props_pageProps_match_team2_picksByPosition_sup_items_1_banCount,props_pageProps_match_team2_picksByPosition_sup_items_1_champion,props_pageProps_match_team2_picksByPosition_sup_items_1_pickCount,props_pageProps_match_team2_picksByPosition_sup_items_1_totalCount,props_pageProps_match_team2_picksByPosition_sup_items_1_winBanCount,props_pageProps_match_team2_picksByPosition_sup_items_1_winPickCount,props_pageProps_match_team2_picksByPosition_sup_items_2___typename,props_pageProps_match_team2_picksByPosition_sup_items_2_banCount,props_pageProps_match_team2_picksByPosition_sup_items_2_champion,props_pageProps_match_team2_picksByPosition_sup_items_2_pickCount,props_pageProps_match_team2_picksByPosition_sup_items_2_totalCount,props_pageProps_match_team2_picksByPosition_sup_items_2_winBanCount,props_pageProps_match_team2_picksByPosition_sup_items_2_winPickCount,props_pageProps_match_team2_picksByPosition_sup_items_3___typename,props_pageProps_match_team2_picksByPosition_sup_items_3_banCount,props_pageProps_match_team2_picksByPosition_sup_items_3_champion,props_pageProps_match_team2_picksByPosition_sup_items_3_pickCount,props_pageProps_match_team2_picksByPosition_sup_items_3_totalCount,props_pageProps_match_team2_picksByPosition_sup_items_3_winBanCount,props_pageProps_match_team2_picksByPosition_sup_items_3_winPickCount,props_pageProps_match_team2_picksByPosition_sup_items_4___typename,props_pageProps_match_team2_picksByPosition_sup_items_4_banCount,props_pageProps_match_team2_picksByPosition_sup_items_4_champion,props_pageProps_match_team2_picksByPosition_sup_items_4_pickCount,props_pageProps_match_team2_picksByPosition_sup_items_4_totalCount,props_pageProps_match_team2_picksByPosition_sup_items_4_winBanCount,props_pageProps_match_team2_picksByPosition_sup_items_4_winPickCount,props_pageProps_match_team2_picksByPosition_sup_items_5___typename,props_pageProps_match_team2_picksByPosition_sup_items_5_banCount,props_pageProps_match_team2_picksByPosition_sup_items_5_champion,props_pageProps_match_team2_picksByPosition_sup_items_5_pickCount,props_pageProps_match_team2_picksByPosition_sup_items_5_totalCount,props_pageProps_match_team2_picksByPosition_sup_items_5_winBanCount,props_pageProps_match_team2_picksByPosition_sup_items_5_winPickCount,props_pageProps_match_team2_picksByPosition_sup_items_6___typename,props_pageProps_match_team2_picksByPosition_sup_items_6_banCount,props_pageProps_match_team2_picksByPosition_sup_items_6_champion,props_pageProps_match_team2_picksByPosition_sup_items_6_pickCount,props_pageProps_match_team2_picksByPosition_sup_items_6_totalCount,props_pageProps_match_team2_picksByPosition_sup_items_6_winBanCount,props_pageProps_match_team2_picksByPosition_sup_items_6_winPickCount,props_pageProps_match_team2_picksByPosition_sup_items_7___typename,props_pageProps_match_team2_picksByPosition_sup_items_7_banCount,props_pageProps_match_team2_picksByPosition_sup_items_7_champion,props_pageProps_match_team2_picksByPosition_sup_items_7_pickCount,props_pageProps_match_team2_picksByPosition_sup_items_7_totalCount,props_pageProps_match_team2_picksByPosition_sup_items_7_winBanCount,props_pageProps_match_team2_picksByPosition_sup_items_7_winPickCount,props_pageProps_match_team2_picksByPosition_sup_items_8___typename,props_pageProps_match_team2_picksByPosition_sup_items_8_banCount,props_pageProps_match_team2_picksByPosition_sup_items_8_champion,props_pageProps_match_team2_picksByPosition_sup_items_8_pickCount,props_pageProps_match_team2_picksByPosition_sup_items_8_totalCount,props_pageProps_match_team2_picksByPosition_sup_items_8_winBanCount,props_pageProps_match_team2_picksByPosition_sup_items_8_winPickCount,props_pageProps_match_team2_picksByPosition_sup_items_9___typename,props_pageProps_match_team2_picksByPosition_sup_items_9_banCount,props_pageProps_match_team2_picksByPosition_sup_items_9_champion,props_pageProps_match_team2_picksByPosition_sup_items_9_pickCount,props_pageProps_match_team2_picksByPosition_sup_items_9_totalCount,props_pageProps_match_team2_picksByPosition_sup_items_9_winBanCount,props_pageProps_match_team2_picksByPosition_sup_items_9_winPickCount,props_pageProps_match_team2_picksByPosition_sup_total,props_pageProps_match_team2_picksByPosition_sup_totalPickCount,props_pageProps_match_team2_picksByPosition_top___typename,props_pageProps_match_team2_picksByPosition_top_items_0___typename,props_pageProps_match_team2_picksByPosition_top_items_0_banCount,props_pageProps_match_team2_picksByPosition_top_items_0_champion,props_pageProps_match_team2_picksByPosition_top_items_0_pickCount,props_pageProps_match_team2_picksByPosition_top_items_0_totalCount,props_pageProps_match_team2_picksByPosition_top_items_0_winBanCount,props_pageProps_match_team2_picksByPosition_top_items_0_winPickCount,props_pageProps_match_team2_picksByPosition_top_items_1___typename,props_pageProps_match_team2_picksByPosition_top_items_1_banCount,props_pageProps_match_team2_picksByPosition_top_items_1_champion,props_pageProps_match_team2_picksByPosition_top_items_1_pickCount,props_pageProps_match_team2_picksByPosition_top_items_1_totalCount,props_pageProps_match_team2_picksByPosition_top_items_1_winBanCount,props_pageProps_match_team2_picksByPosition_top_items_1_winPickCount,props_pageProps_match_team2_picksByPosition_top_items_2___typename,props_pageProps_match_team2_picksByPosition_top_items_2_banCount,props_pageProps_match_team2_picksByPosition_top_items_2_champion,props_pageProps_match_team2_picksByPosition_top_items_2_pickCount,props_pageProps_match_team2_picksByPosition_top_items_2_totalCount,props_pageProps_match_team2_picksByPosition_top_items_2_winBanCount,props_pageProps_match_team2_picksByPosition_top_items_2_winPickCount,props_pageProps_match_team2_picksByPosition_top_items_3___typename,props_pageProps_match_team2_picksByPosition_top_items_3_banCount,props_pageProps_match_team2_picksByPosition_top_items_3_champion,props_pageProps_match_team2_picksByPosition_top_items_3_pickCount,props_pageProps_match_team2_picksByPosition_top_items_3_totalCount,props_pageProps_match_team2_picksByPosition_top_items_3_winBanCount,props_pageProps_match_team2_picksByPosition_top_items_3_winPickCount,props_pageProps_match_team2_picksByPosition_top_items_4___typename,props_pageProps_match_team2_picksByPosition_top_items_4_banCount,props_pageProps_match_team2_picksByPosition_top_items_4_champion,props_pageProps_match_team2_picksByPosition_top_items_4_pickCount,props_pageProps_match_team2_picksByPosition_top_items_4_totalCount,props_pageProps_match_team2_picksByPosition_top_items_4_winBanCount,props_pageProps_match_team2_picksByPosition_top_items_4_winPickCount,props_pageProps_match_team2_picksByPosition_top_items_5___typename,props_pageProps_match_team2_picksByPosition_top_items_5_banCount,props_pageProps_match_team2_picksByPosition_top_items_5_champion,props_pageProps_match_team2_picksByPosition_top_items_5_pickCount,props_pageProps_match_team2_picksByPosition_top_items_5_totalCount,props_pageProps_match_team2_picksByPosition_top_items_5_winBanCount,props_pageProps_match_team2_picksByPosition_top_items_5_winPickCount,props_pageProps_match_team2_picksByPosition_top_total,props_pageProps_match_team2_picksByPosition_top_totalPickCount,props_pageProps_match_team2_playerSeasonStats_0___typename,props_pageProps_match_team2_playerSeasonStats_0_avgAssists,props_pageProps_match_team2_playerSeasonStats_0_avgDamagePerTeamfights,props_pageProps_match_team2_playerSeasonStats_0_avgDeaths,props_pageProps_match_team2_playerSeasonStats_0_avgDmgHealedOnTeamPerMin,props_pageProps_match_team2_playerSeasonStats_0_avgDmgToChampsPerMin,props_pageProps_match_team2_playerSeasonStats_0_avgGold,props_pageProps_match_team2_playerSeasonStats_0_avgGoldAtFifteen,props_pageProps_match_team2_playerSeasonStats_0_avgGoldDiffAtFifteen,props_pageProps_match_team2_playerSeasonStats_0_avgIsoDeaths,props_pageProps_match_team2_playerSeasonStats_0_avgKills,props_pageProps_match_team2_playerSeasonStats_0_avgMinionsKilled,props_pageProps_match_team2_playerSeasonStats_0_avgMinsBetweenDeaths,props_pageProps_match_team2_playerSeasonStats_0_avgMinsBetweenKills,props_pageProps_match_team2_playerSeasonStats_0_avgNeutralMinionKilled,props_pageProps_match_team2_playerSeasonStats_0_avgRecalls,props_pageProps_match_team2_playerSeasonStats_0_avgSoloKills,props_pageProps_match_team2_playerSeasonStats_0_avgVisionScore,props_pageProps_match_team2_playerSeasonStats_0_avgWardsKilled,props_pageProps_match_team2_playerSeasonStats_0_avgWardsPlaced,props_pageProps_match_team2_playerSeasonStats_0_firstBloodRate,props_pageProps_match_team2_playerSeasonStats_0_player,props_pageProps_match_team2_playerSeasonStats_0_playerPerid,props_pageProps_match_team2_playerSeasonStats_0_rank,props_pageProps_match_team2_playerSeasonStats_0_role,props_pageProps_match_team2_playerSeasonStats_0_seasonName,props_pageProps_match_team2_playerSeasonStats_0_tournamentName,props_pageProps_match_team2_playerSeasonStats_1___typename,props_pageProps_match_team2_playerSeasonStats_1_avgAssists,props_pageProps_match_team2_playerSeasonStats_1_avgDamagePerTeamfights,props_pageProps_match_team2_playerSeasonStats_1_avgDeaths,props_pageProps_match_team2_playerSeasonStats_1_avgDmgHealedOnTeamPerMin,props_pageProps_match_team2_playerSeasonStats_1_avgDmgToChampsPerMin,props_pageProps_match_team2_playerSeasonStats_1_avgGold,props_pageProps_match_team2_playerSeasonStats_1_avgGoldAtFifteen,props_pageProps_match_team2_playerSeasonStats_1_avgGoldDiffAtFifteen,props_pageProps_match_team2_playerSeasonStats_1_avgIsoDeaths,props_pageProps_match_team2_playerSeasonStats_1_avgKills,props_pageProps_match_team2_playerSeasonStats_1_avgMinionsKilled,props_pageProps_match_team2_playerSeasonStats_1_avgMinsBetweenDeaths,props_pageProps_match_team2_playerSeasonStats_1_avgMinsBetweenKills,props_pageProps_match_team2_playerSeasonStats_1_avgNeutralMinionKilled,props_pageProps_match_team2_playerSeasonStats_1_avgRecalls,props_pageProps_match_team2_playerSeasonStats_1_avgSoloKills,props_pageProps_match_team2_playerSeasonStats_1_avgVisionScore,props_pageProps_match_team2_playerSeasonStats_1_avgWardsKilled,props_pageProps_match_team2_playerSeasonStats_1_avgWardsPlaced,props_pageProps_match_team2_playerSeasonStats_1_firstBloodRate,props_pageProps_match_team2_playerSeasonStats_1_player,props_pageProps_match_team2_playerSeasonStats_1_playerPerid,props_pageProps_match_team2_playerSeasonStats_1_rank,props_pageProps_match_team2_playerSeasonStats_1_role,props_pageProps_match_team2_playerSeasonStats_1_seasonName,props_pageProps_match_team2_playerSeasonStats_1_tournamentName,props_pageProps_match_team2_playerSeasonStats_2___typename,props_pageProps_match_team2_playerSeasonStats_2_avgAssists,props_pageProps_match_team2_playerSeasonStats_2_avgDamagePerTeamfights,props_pageProps_match_team2_playerSeasonStats_2_avgDeaths,props_pageProps_match_team2_playerSeasonStats_2_avgDmgHealedOnTeamPerMin,props_pageProps_match_team2_playerSeasonStats_2_avgDmgToChampsPerMin,props_pageProps_match_team2_playerSeasonStats_2_avgGold,props_pageProps_match_team2_playerSeasonStats_2_avgGoldAtFifteen,props_pageProps_match_team2_playerSeasonStats_2_avgGoldDiffAtFifteen,props_pageProps_match_team2_playerSeasonStats_2_avgIsoDeaths,props_pageProps_match_team2_playerSeasonStats_2_avgKills,props_pageProps_match_team2_playerSeasonStats_2_avgMinionsKilled,props_pageProps_match_team2_playerSeasonStats_2_avgMinsBetweenDeaths,props_pageProps_match_team2_playerSeasonStats_2_avgMinsBetweenKills,props_pageProps_match_team2_playerSeasonStats_2_avgNeutralMinionKilled,props_pageProps_match_team2_playerSeasonStats_2_avgRecalls,props_pageProps_match_team2_playerSeasonStats_2_avgSoloKills,props_pageProps_match_team2_playerSeasonStats_2_avgVisionScore,props_pageProps_match_team2_playerSeasonStats_2_avgWardsKilled,props_pageProps_match_team2_playerSeasonStats_2_avgWardsPlaced,props_pageProps_match_team2_playerSeasonStats_2_firstBloodRate,props_pageProps_match_team2_playerSeasonStats_2_player,props_pageProps_match_team2_playerSeasonStats_2_playerPerid,props_pageProps_match_team2_playerSeasonStats_2_rank,props_pageProps_match_team2_playerSeasonStats_2_role,props_pageProps_match_team2_playerSeasonStats_2_seasonName,props_pageProps_match_team2_playerSeasonStats_2_tournamentName,props_pageProps_match_team2_playerSeasonStats_3___typename,props_pageProps_match_team2_playerSeasonStats_3_avgAssists,props_pageProps_match_team2_playerSeasonStats_3_avgDamagePerTeamfights,props_pageProps_match_team2_playerSeasonStats_3_avgDeaths,props_pageProps_match_team2_playerSeasonStats_3_avgDmgHealedOnTeamPerMin,props_pageProps_match_team2_playerSeasonStats_3_avgDmgToChampsPerMin,props_pageProps_match_team2_playerSeasonStats_3_avgGold,props_pageProps_match_team2_playerSeasonStats_3_avgGoldAtFifteen,props_pageProps_match_team2_playerSeasonStats_3_avgGoldDiffAtFifteen,props_pageProps_match_team2_playerSeasonStats_3_avgIsoDeaths,props_pageProps_match_team2_playerSeasonStats_3_avgKills,props_pageProps_match_team2_playerSeasonStats_3_avgMinionsKilled,props_pageProps_match_team2_playerSeasonStats_3_avgMinsBetweenDeaths,props_pageProps_match_team2_playerSeasonStats_3_avgMinsBetweenKills,props_pageProps_match_team2_playerSeasonStats_3_avgNeutralMinionKilled,props_pageProps_match_team2_playerSeasonStats_3_avgRecalls,props_pageProps_match_team2_playerSeasonStats_3_avgSoloKills,props_pageProps_match_team2_playerSeasonStats_3_avgVisionScore,props_pageProps_match_team2_playerSeasonStats_3_avgWardsKilled,props_pageProps_match_team2_playerSeasonStats_3_avgWardsPlaced,props_pageProps_match_team2_playerSeasonStats_3_firstBloodRate,props_pageProps_match_team2_playerSeasonStats_3_player,props_pageProps_match_team2_playerSeasonStats_3_playerPerid,props_pageProps_match_team2_playerSeasonStats_3_rank,props_pageProps_match_team2_playerSeasonStats_3_role,props_pageProps_match_team2_playerSeasonStats_3_seasonName,props_pageProps_match_team2_playerSeasonStats_3_tournamentName,props_pageProps_match_team2_playerSeasonStats_4___typename,props_pageProps_match_team2_playerSeasonStats_4_avgAssists,props_pageProps_match_team2_playerSeasonStats_4_avgDamagePerTeamfights,props_pageProps_match_team2_playerSeasonStats_4_avgDeaths,props_pageProps_match_team2_playerSeasonStats_4_avgDmgHealedOnTeamPerMin,props_pageProps_match_team2_playerSeasonStats_4_avgDmgToChampsPerMin,props_pageProps_match_team2_playerSeasonStats_4_avgGold,props_pageProps_match_team2_playerSeasonStats_4_avgGoldAtFifteen,props_pageProps_match_team2_playerSeasonStats_4_avgGoldDiffAtFifteen,props_pageProps_match_team2_playerSeasonStats_4_avgIsoDeaths,props_pageProps_match_team2_playerSeasonStats_4_avgKills,props_pageProps_match_team2_playerSeasonStats_4_avgMinionsKilled,props_pageProps_match_team2_playerSeasonStats_4_avgMinsBetweenDeaths,props_pageProps_match_team2_playerSeasonStats_4_avgMinsBetweenKills,props_pageProps_match_team2_playerSeasonStats_4_avgNeutralMinionKilled,props_pageProps_match_team2_playerSeasonStats_4_avgRecalls,props_pageProps_match_team2_playerSeasonStats_4_avgSoloKills,props_pageProps_match_team2_playerSeasonStats_4_avgVisionScore,props_pageProps_match_team2_playerSeasonStats_4_avgWardsKilled,props_pageProps_match_team2_playerSeasonStats_4_avgWardsPlaced,props_pageProps_match_team2_playerSeasonStats_4_firstBloodRate,props_pageProps_match_team2_playerSeasonStats_4_player,props_pageProps_match_team2_playerSeasonStats_4_playerPerid,props_pageProps_match_team2_playerSeasonStats_4_rank,props_pageProps_match_team2_playerSeasonStats_4_role,props_pageProps_match_team2_playerSeasonStats_4_seasonName,props_pageProps_match_team2_playerSeasonStats_4_tournamentName,props_pageProps_match_team2_powrRankings_0___typename,props_pageProps_match_team2_powrRankings_0_gamesPlayed,props_pageProps_match_team2_powrRankings_0_isPlayer,props_pageProps_match_team2_powrRankings_0_league,props_pageProps_match_team2_powrRankings_0_player,props_pageProps_match_team2_powrRankings_0_playerDetails___typename,props_pageProps_match_team2_powrRankings_0_playerDetails_factorId,props_pageProps_match_team2_powrRankings_0_playerDetails_fullName,props_pageProps_match_team2_powrRankings_0_playerDetails_headshotUrl,props_pageProps_match_team2_powrRankings_0_playerDetails_name,props_pageProps_match_team2_powrRankings_0_playerPerid,props_pageProps_match_team2_powrRankings_0_prevRanking,props_pageProps_match_team2_powrRankings_0_rank,props_pageProps_match_team2_powrRankings_0_ranking,props_pageProps_match_team2_powrRankings_0_role,props_pageProps_match_team2_powrRankings_0_team,props_pageProps_match_team2_powrRankings_0_teamDetails___typename,props_pageProps_match_team2_powrRankings_0_teamDetails_factorId,props_pageProps_match_team2_powrRankings_0_teamDetails_fullName,props_pageProps_match_team2_powrRankings_0_teamDetails_teamLogo___typename,props_pageProps_match_team2_powrRankings_0_teamDetails_teamLogo_darkFlip,props_pageProps_match_team2_powrRankings_0_teamDetails_teamLogo_darkShadow,props_pageProps_match_team2_powrRankings_0_teamDetails_teamLogo_logoUrl,props_pageProps_match_team2_powrRankings_0_teamDetails_teamUrn,props_pageProps_match_team2_powrRankings_0_teamPerid,props_pageProps_match_team2_powrRankings_1___typename,props_pageProps_match_team2_powrRankings_1_gamesPlayed,props_pageProps_match_team2_powrRankings_1_isPlayer,props_pageProps_match_team2_powrRankings_1_league,props_pageProps_match_team2_powrRankings_1_player,props_pageProps_match_team2_powrRankings_1_playerDetails___typename,props_pageProps_match_team2_powrRankings_1_playerDetails_factorId,props_pageProps_match_team2_powrRankings_1_playerDetails_fullName,props_pageProps_match_team2_powrRankings_1_playerDetails_headshotUrl,props_pageProps_match_team2_powrRankings_1_playerDetails_name,props_pageProps_match_team2_powrRankings_1_playerPerid,props_pageProps_match_team2_powrRankings_1_prevRanking,props_pageProps_match_team2_powrRankings_1_rank,props_pageProps_match_team2_powrRankings_1_ranking,props_pageProps_match_team2_powrRankings_1_role,props_pageProps_match_team2_powrRankings_1_team,props_pageProps_match_team2_powrRankings_1_teamDetails___typename,props_pageProps_match_team2_powrRankings_1_teamDetails_factorId,props_pageProps_match_team2_powrRankings_1_teamDetails_fullName,props_pageProps_match_team2_powrRankings_1_teamDetails_teamLogo___typename,props_pageProps_match_team2_powrRankings_1_teamDetails_teamLogo_darkFlip,props_pageProps_match_team2_powrRankings_1_teamDetails_teamLogo_darkShadow,props_pageProps_match_team2_powrRankings_1_teamDetails_teamLogo_logoUrl,props_pageProps_match_team2_powrRankings_1_teamDetails_teamUrn,props_pageProps_match_team2_powrRankings_1_teamPerid,props_pageProps_match_team2_powrRankings_2___typename,props_pageProps_match_team2_powrRankings_2_gamesPlayed,props_pageProps_match_team2_powrRankings_2_isPlayer,props_pageProps_match_team2_powrRankings_2_league,props_pageProps_match_team2_powrRankings_2_player,props_pageProps_match_team2_powrRankings_2_playerDetails___typename,props_pageProps_match_team2_powrRankings_2_playerDetails_factorId,props_pageProps_match_team2_powrRankings_2_playerDetails_fullName,props_pageProps_match_team2_powrRankings_2_playerDetails_headshotUrl,props_pageProps_match_team2_powrRankings_2_playerDetails_name,props_pageProps_match_team2_powrRankings_2_playerPerid,props_pageProps_match_team2_powrRankings_2_prevRanking,props_pageProps_match_team2_powrRankings_2_rank,props_pageProps_match_team2_powrRankings_2_ranking,props_pageProps_match_team2_powrRankings_2_role,props_pageProps_match_team2_powrRankings_2_team,props_pageProps_match_team2_powrRankings_2_teamDetails___typename,props_pageProps_match_team2_powrRankings_2_teamDetails_factorId,props_pageProps_match_team2_powrRankings_2_teamDetails_fullName,props_pageProps_match_team2_powrRankings_2_teamDetails_teamLogo___typename,props_pageProps_match_team2_powrRankings_2_teamDetails_teamLogo_darkFlip,props_pageProps_match_team2_powrRankings_2_teamDetails_teamLogo_darkShadow,props_pageProps_match_team2_powrRankings_2_teamDetails_teamLogo_logoUrl,props_pageProps_match_team2_powrRankings_2_teamDetails_teamUrn,props_pageProps_match_team2_powrRankings_2_teamPerid,props_pageProps_match_team2_powrRankings_3___typename,props_pageProps_match_team2_powrRankings_3_gamesPlayed,props_pageProps_match_team2_powrRankings_3_isPlayer,props_pageProps_match_team2_powrRankings_3_league,props_pageProps_match_team2_powrRankings_3_player,props_pageProps_match_team2_powrRankings_3_playerDetails___typename,props_pageProps_match_team2_powrRankings_3_playerDetails_factorId,props_pageProps_match_team2_powrRankings_3_playerDetails_fullName,props_pageProps_match_team2_powrRankings_3_playerDetails_headshotUrl,props_pageProps_match_team2_powrRankings_3_playerDetails_name,props_pageProps_match_team2_powrRankings_3_playerPerid,props_pageProps_match_team2_powrRankings_3_prevRanking,props_pageProps_match_team2_powrRankings_3_rank,props_pageProps_match_team2_powrRankings_3_ranking,props_pageProps_match_team2_powrRankings_3_role,props_pageProps_match_team2_powrRankings_3_team,props_pageProps_match_team2_powrRankings_3_teamDetails___typename,props_pageProps_match_team2_powrRankings_3_teamDetails_factorId,props_pageProps_match_team2_powrRankings_3_teamDetails_fullName,props_pageProps_match_team2_powrRankings_3_teamDetails_teamLogo___typename,props_pageProps_match_team2_powrRankings_3_teamDetails_teamLogo_darkFlip,props_pageProps_match_team2_powrRankings_3_teamDetails_teamLogo_darkShadow,props_pageProps_match_team2_powrRankings_3_teamDetails_teamLogo_logoUrl,props_pageProps_match_team2_powrRankings_3_teamDetails_teamUrn,props_pageProps_match_team2_powrRankings_3_teamPerid,props_pageProps_match_team2_powrRankings_4___typename,props_pageProps_match_team2_powrRankings_4_gamesPlayed,props_pageProps_match_team2_powrRankings_4_isPlayer,props_pageProps_match_team2_powrRankings_4_league,props_pageProps_match_team2_powrRankings_4_player,props_pageProps_match_team2_powrRankings_4_playerDetails___typename,props_pageProps_match_team2_powrRankings_4_playerDetails_factorId,props_pageProps_match_team2_powrRankings_4_playerDetails_fullName,props_pageProps_match_team2_powrRankings_4_playerDetails_headshotUrl,props_pageProps_match_team2_powrRankings_4_playerDetails_name,props_pageProps_match_team2_powrRankings_4_playerPerid,props_pageProps_match_team2_powrRankings_4_prevRanking,props_pageProps_match_team2_powrRankings_4_rank,props_pageProps_match_team2_powrRankings_4_ranking,props_pageProps_match_team2_powrRankings_4_role,props_pageProps_match_team2_powrRankings_4_team,props_pageProps_match_team2_powrRankings_4_teamDetails___typename,props_pageProps_match_team2_powrRankings_4_teamDetails_factorId,props_pageProps_match_team2_powrRankings_4_teamDetails_fullName,props_pageProps_match_team2_powrRankings_4_teamDetails_teamLogo___typename,props_pageProps_match_team2_powrRankings_4_teamDetails_teamLogo_darkFlip,props_pageProps_match_team2_powrRankings_4_teamDetails_teamLogo_darkShadow,props_pageProps_match_team2_powrRankings_4_teamDetails_teamLogo_logoUrl,props_pageProps_match_team2_powrRankings_4_teamDetails_teamUrn,props_pageProps_match_team2_powrRankings_4_teamPerid,props_pageProps_match_team2_teamStats_0___typename,props_pageProps_match_team2_teamStats_0_avgAssists,props_pageProps_match_team2_teamStats_0_avgBaronKills,props_pageProps_match_team2_teamStats_0_avgDamagePerTeamfights,props_pageProps_match_team2_teamStats_0_avgDeaths,props_pageProps_match_team2_teamStats_0_avgDmgHealedOnTeamPerMin,props_pageProps_match_team2_teamStats_0_avgDmgToChampsPerMin,props_pageProps_match_team2_teamStats_0_avgDragonKills,props_pageProps_match_team2_teamStats_0_avgDragonsAtFifteen,props_pageProps_match_team2_teamStats_0_avgGold,props_pageProps_match_team2_teamStats_0_avgGoldAtFifteen,props_pageProps_match_team2_teamStats_0_avgGoldDiffAtFifteen,props_pageProps_match_team2_teamStats_0_avgInhibKills,props_pageProps_match_team2_teamStats_0_avgIsoDeaths,props_pageProps_match_team2_teamStats_0_avgKills,props_pageProps_match_team2_teamStats_0_avgMinionsKilled,props_pageProps_match_team2_teamStats_0_avgMinsBetweenDeaths,props_pageProps_match_team2_teamStats_0_avgMinsBetweenKills,props_pageProps_match_team2_teamStats_0_avgNeutralMinionKilled,props_pageProps_match_team2_teamStats_0_avgRecalls,props_pageProps_match_team2_teamStats_0_avgSoloKills,props_pageProps_match_team2_teamStats_0_avgTowerDiffAtFifteen,props_pageProps_match_team2_teamStats_0_avgTowerKills,props_pageProps_match_team2_teamStats_0_avgTowersAtFifteen,props_pageProps_match_team2_teamStats_0_avgVisionScore,props_pageProps_match_team2_teamStats_0_avgWardsKilled,props_pageProps_match_team2_teamStats_0_avgWardsPlaced,props_pageProps_match_team2_teamStats_0_firstBloodRate,props_pageProps_match_team2_teamStats_0_firstDragonRate,props_pageProps_match_team2_teamStats_0_firstTowerRate,props_pageProps_match_team2_teamStats_0_rank,props_pageProps_match_team2_teamStats_0_seasonName,props_pageProps_match_team2_teamStats_0_selected,props_pageProps_match_team2_teamStats_0_team,props_pageProps_match_team2_teamStats_0_teamPerid,props_pageProps_match_team2_teamStats_0_tournamentName,props_pageProps_match_team2_teamStats_1___typename,props_pageProps_match_team2_teamStats_1_avgAssists,props_pageProps_match_team2_teamStats_1_avgBaronKills,props_pageProps_match_team2_teamStats_1_avgDamagePerTeamfights,props_pageProps_match_team2_teamStats_1_avgDeaths,props_pageProps_match_team2_teamStats_1_avgDmgHealedOnTeamPerMin,props_pageProps_match_team2_teamStats_1_avgDmgToChampsPerMin,props_pageProps_match_team2_teamStats_1_avgDragonKills,props_pageProps_match_team2_teamStats_1_avgDragonsAtFifteen,props_pageProps_match_team2_teamStats_1_avgGold,props_pageProps_match_team2_teamStats_1_avgGoldAtFifteen,props_pageProps_match_team2_teamStats_1_avgGoldDiffAtFifteen,props_pageProps_match_team2_teamStats_1_avgInhibKills,props_pageProps_match_team2_teamStats_1_avgIsoDeaths,props_pageProps_match_team2_teamStats_1_avgKills,props_pageProps_match_team2_teamStats_1_avgMinionsKilled,props_pageProps_match_team2_teamStats_1_avgMinsBetweenDeaths,props_pageProps_match_team2_teamStats_1_avgMinsBetweenKills,props_pageProps_match_team2_teamStats_1_avgNeutralMinionKilled,props_pageProps_match_team2_teamStats_1_avgRecalls,props_pageProps_match_team2_teamStats_1_avgSoloKills,props_pageProps_match_team2_teamStats_1_avgTowerDiffAtFifteen,props_pageProps_match_team2_teamStats_1_avgTowerKills,props_pageProps_match_team2_teamStats_1_avgTowersAtFifteen,props_pageProps_match_team2_teamStats_1_avgVisionScore,props_pageProps_match_team2_teamStats_1_avgWardsKilled,props_pageProps_match_team2_teamStats_1_avgWardsPlaced,props_pageProps_match_team2_teamStats_1_firstBloodRate,props_pageProps_match_team2_teamStats_1_firstDragonRate,props_pageProps_match_team2_teamStats_1_firstTowerRate,props_pageProps_match_team2_teamStats_1_rank,props_pageProps_match_team2_teamStats_1_seasonName,props_pageProps_match_team2_teamStats_1_selected,props_pageProps_match_team2_teamStats_1_team,props_pageProps_match_team2_teamStats_1_teamPerid,props_pageProps_match_team2_teamStats_1_tournamentName,props_pageProps_match_team2_teamStats_2___typename,props_pageProps_match_team2_teamStats_2_avgAssists,props_pageProps_match_team2_teamStats_2_avgBaronKills,props_pageProps_match_team2_teamStats_2_avgDamagePerTeamfights,props_pageProps_match_team2_teamStats_2_avgDeaths,props_pageProps_match_team2_teamStats_2_avgDmgHealedOnTeamPerMin,props_pageProps_match_team2_teamStats_2_avgDmgToChampsPerMin,props_pageProps_match_team2_teamStats_2_avgDragonKills,props_pageProps_match_team2_teamStats_2_avgDragonsAtFifteen,props_pageProps_match_team2_teamStats_2_avgGold,props_pageProps_match_team2_teamStats_2_avgGoldAtFifteen,props_pageProps_match_team2_teamStats_2_avgGoldDiffAtFifteen,props_pageProps_match_team2_teamStats_2_avgInhibKills,props_pageProps_match_team2_teamStats_2_avgIsoDeaths,props_pageProps_match_team2_teamStats_2_avgKills,props_pageProps_match_team2_teamStats_2_avgMinionsKilled,props_pageProps_match_team2_teamStats_2_avgMinsBetweenDeaths,props_pageProps_match_team2_teamStats_2_avgMinsBetweenKills,props_pageProps_match_team2_teamStats_2_avgNeutralMinionKilled,props_pageProps_match_team2_teamStats_2_avgRecalls,props_pageProps_match_team2_teamStats_2_avgSoloKills,props_pageProps_match_team2_teamStats_2_avgTowerDiffAtFifteen,props_pageProps_match_team2_teamStats_2_avgTowerKills,props_pageProps_match_team2_teamStats_2_avgTowersAtFifteen,props_pageProps_match_team2_teamStats_2_avgVisionScore,props_pageProps_match_team2_teamStats_2_avgWardsKilled,props_pageProps_match_team2_teamStats_2_avgWardsPlaced,props_pageProps_match_team2_teamStats_2_firstBloodRate,props_pageProps_match_team2_teamStats_2_firstDragonRate,props_pageProps_match_team2_teamStats_2_firstTowerRate,props_pageProps_match_team2_teamStats_2_rank,props_pageProps_match_team2_teamStats_2_seasonName,props_pageProps_match_team2_teamStats_2_selected,props_pageProps_match_team2_teamStats_2_team,props_pageProps_match_team2_teamStats_2_teamPerid,props_pageProps_match_team2_teamStats_2_tournamentName,props_pageProps_match_team2_teamStats_3___typename,props_pageProps_match_team2_teamStats_3_avgAssists,props_pageProps_match_team2_teamStats_3_avgBaronKills,props_pageProps_match_team2_teamStats_3_avgDamagePerTeamfights,props_pageProps_match_team2_teamStats_3_avgDeaths,props_pageProps_match_team2_teamStats_3_avgDmgHealedOnTeamPerMin,props_pageProps_match_team2_teamStats_3_avgDmgToChampsPerMin,props_pageProps_match_team2_teamStats_3_avgDragonKills,props_pageProps_match_team2_teamStats_3_avgDragonsAtFifteen,props_pageProps_match_team2_teamStats_3_avgGold,props_pageProps_match_team2_teamStats_3_avgGoldAtFifteen,props_pageProps_match_team2_teamStats_3_avgGoldDiffAtFifteen,props_pageProps_match_team2_teamStats_3_avgInhibKills,props_pageProps_match_team2_teamStats_3_avgIsoDeaths,props_pageProps_match_team2_teamStats_3_avgKills,props_pageProps_match_team2_teamStats_3_avgMinionsKilled,props_pageProps_match_team2_teamStats_3_avgMinsBetweenDeaths,props_pageProps_match_team2_teamStats_3_avgMinsBetweenKills,props_pageProps_match_team2_teamStats_3_avgNeutralMinionKilled,props_pageProps_match_team2_teamStats_3_avgRecalls,props_pageProps_match_team2_teamStats_3_avgSoloKills,props_pageProps_match_team2_teamStats_3_avgTowerDiffAtFifteen,props_pageProps_match_team2_teamStats_3_avgTowerKills,props_pageProps_match_team2_teamStats_3_avgTowersAtFifteen,props_pageProps_match_team2_teamStats_3_avgVisionScore,props_pageProps_match_team2_teamStats_3_avgWardsKilled,props_pageProps_match_team2_teamStats_3_avgWardsPlaced,props_pageProps_match_team2_teamStats_3_firstBloodRate,props_pageProps_match_team2_teamStats_3_firstDragonRate,props_pageProps_match_team2_teamStats_3_firstTowerRate,props_pageProps_match_team2_teamStats_3_rank,props_pageProps_match_team2_teamStats_3_seasonName,props_pageProps_match_team2_teamStats_3_selected,props_pageProps_match_team2_teamStats_3_team,props_pageProps_match_team2_teamStats_3_teamPerid,props_pageProps_match_team2_teamStats_3_tournamentName,props_pageProps_match_team2_teamStats_4___typename,props_pageProps_match_team2_teamStats_4_avgAssists,props_pageProps_match_team2_teamStats_4_avgBaronKills,props_pageProps_match_team2_teamStats_4_avgDamagePerTeamfights,props_pageProps_match_team2_teamStats_4_avgDeaths,props_pageProps_match_team2_teamStats_4_avgDmgHealedOnTeamPerMin,props_pageProps_match_team2_teamStats_4_avgDmgToChampsPerMin,props_pageProps_match_team2_teamStats_4_avgDragonKills,props_pageProps_match_team2_teamStats_4_avgDragonsAtFifteen,props_pageProps_match_team2_teamStats_4_avgGold,props_pageProps_match_team2_teamStats_4_avgGoldAtFifteen,props_pageProps_match_team2_teamStats_4_avgGoldDiffAtFifteen,props_pageProps_match_team2_teamStats_4_avgInhibKills,props_pageProps_match_team2_teamStats_4_avgIsoDeaths,props_pageProps_match_team2_teamStats_4_avgKills,props_pageProps_match_team2_teamStats_4_avgMinionsKilled,props_pageProps_match_team2_teamStats_4_avgMinsBetweenDeaths,props_pageProps_match_team2_teamStats_4_avgMinsBetweenKills,props_pageProps_match_team2_teamStats_4_avgNeutralMinionKilled,props_pageProps_match_team2_teamStats_4_avgRecalls,props_pageProps_match_team2_teamStats_4_avgSoloKills,props_pageProps_match_team2_teamStats_4_avgTowerDiffAtFifteen,props_pageProps_match_team2_teamStats_4_avgTowerKills,props_pageProps_match_team2_teamStats_4_avgTowersAtFifteen,props_pageProps_match_team2_teamStats_4_avgVisionScore,props_pageProps_match_team2_teamStats_4_avgWardsKilled,props_pageProps_match_team2_teamStats_4_avgWardsPlaced,props_pageProps_match_team2_teamStats_4_firstBloodRate,props_pageProps_match_team2_teamStats_4_firstDragonRate,props_pageProps_match_team2_teamStats_4_firstTowerRate,props_pageProps_match_team2_teamStats_4_rank,props_pageProps_match_team2_teamStats_4_seasonName,props_pageProps_match_team2_teamStats_4_selected,props_pageProps_match_team2_teamStats_4_team,props_pageProps_match_team2_teamStats_4_teamPerid,props_pageProps_match_team2_teamStats_4_tournamentName,props_pageProps_match_team2_teamStats_5___typename,props_pageProps_match_team2_teamStats_5_avgAssists,props_pageProps_match_team2_teamStats_5_avgBaronKills,props_pageProps_match_team2_teamStats_5_avgDamagePerTeamfights,props_pageProps_match_team2_teamStats_5_avgDeaths,props_pageProps_match_team2_teamStats_5_avgDmgHealedOnTeamPerMin,props_pageProps_match_team2_teamStats_5_avgDmgToChampsPerMin,props_pageProps_match_team2_teamStats_5_avgDragonKills,props_pageProps_match_team2_teamStats_5_avgDragonsAtFifteen,props_pageProps_match_team2_teamStats_5_avgGold,props_pageProps_match_team2_teamStats_5_avgGoldAtFifteen,props_pageProps_match_team2_teamStats_5_avgGoldDiffAtFifteen,props_pageProps_match_team2_teamStats_5_avgInhibKills,props_pageProps_match_team2_teamStats_5_avgIsoDeaths,props_pageProps_match_team2_teamStats_5_avgKills,props_pageProps_match_team2_teamStats_5_avgMinionsKilled,props_pageProps_match_team2_teamStats_5_avgMinsBetweenDeaths,props_pageProps_match_team2_teamStats_5_avgMinsBetweenKills,props_pageProps_match_team2_teamStats_5_avgNeutralMinionKilled,props_pageProps_match_team2_teamStats_5_avgRecalls,props_pageProps_match_team2_teamStats_5_avgSoloKills,props_pageProps_match_team2_teamStats_5_avgTowerDiffAtFifteen,props_pageProps_match_team2_teamStats_5_avgTowerKills,props_pageProps_match_team2_teamStats_5_avgTowersAtFifteen,props_pageProps_match_team2_teamStats_5_avgVisionScore,props_pageProps_match_team2_teamStats_5_avgWardsKilled,props_pageProps_match_team2_teamStats_5_avgWardsPlaced,props_pageProps_match_team2_teamStats_5_firstBloodRate,props_pageProps_match_team2_teamStats_5_firstDragonRate,props_pageProps_match_team2_teamStats_5_firstTowerRate,props_pageProps_match_team2_teamStats_5_rank,props_pageProps_match_team2_teamStats_5_seasonName,props_pageProps_match_team2_teamStats_5_selected,props_pageProps_match_team2_teamStats_5_team,props_pageProps_match_team2_teamStats_5_teamPerid,props_pageProps_match_team2_teamStats_5_tournamentName,props_pageProps_match_team2_teamStats_6___typename,props_pageProps_match_team2_teamStats_6_avgAssists,props_pageProps_match_team2_teamStats_6_avgBaronKills,props_pageProps_match_team2_teamStats_6_avgDamagePerTeamfights,props_pageProps_match_team2_teamStats_6_avgDeaths,props_pageProps_match_team2_teamStats_6_avgDmgHealedOnTeamPerMin,props_pageProps_match_team2_teamStats_6_avgDmgToChampsPerMin,props_pageProps_match_team2_teamStats_6_avgDragonKills,props_pageProps_match_team2_teamStats_6_avgDragonsAtFifteen,props_pageProps_match_team2_teamStats_6_avgGold,props_pageProps_match_team2_teamStats_6_avgGoldAtFifteen,props_pageProps_match_team2_teamStats_6_avgGoldDiffAtFifteen,props_pageProps_match_team2_teamStats_6_avgInhibKills,props_pageProps_match_team2_teamStats_6_avgIsoDeaths,props_pageProps_match_team2_teamStats_6_avgKills,props_pageProps_match_team2_teamStats_6_avgMinionsKilled,props_pageProps_match_team2_teamStats_6_avgMinsBetweenDeaths,props_pageProps_match_team2_teamStats_6_avgMinsBetweenKills,props_pageProps_match_team2_teamStats_6_avgNeutralMinionKilled,props_pageProps_match_team2_teamStats_6_avgRecalls,props_pageProps_match_team2_teamStats_6_avgSoloKills,props_pageProps_match_team2_teamStats_6_avgTowerDiffAtFifteen,props_pageProps_match_team2_teamStats_6_avgTowerKills,props_pageProps_match_team2_teamStats_6_avgTowersAtFifteen,props_pageProps_match_team2_teamStats_6_avgVisionScore,props_pageProps_match_team2_teamStats_6_avgWardsKilled,props_pageProps_match_team2_teamStats_6_avgWardsPlaced,props_pageProps_match_team2_teamStats_6_firstBloodRate,props_pageProps_match_team2_teamStats_6_firstDragonRate,props_pageProps_match_team2_teamStats_6_firstTowerRate,props_pageProps_match_team2_teamStats_6_rank,props_pageProps_match_team2_teamStats_6_seasonName,props_pageProps_match_team2_teamStats_6_selected,props_pageProps_match_team2_teamStats_6_team,props_pageProps_match_team2_teamStats_6_teamPerid,props_pageProps_match_team2_teamStats_6_tournamentName,props_pageProps_match_team2_teamStats_7___typename,props_pageProps_match_team2_teamStats_7_avgAssists,props_pageProps_match_team2_teamStats_7_avgBaronKills,props_pageProps_match_team2_teamStats_7_avgDamagePerTeamfights,props_pageProps_match_team2_teamStats_7_avgDeaths,props_pageProps_match_team2_teamStats_7_avgDmgHealedOnTeamPerMin,props_pageProps_match_team2_teamStats_7_avgDmgToChampsPerMin,props_pageProps_match_team2_teamStats_7_avgDragonKills,props_pageProps_match_team2_teamStats_7_avgDragonsAtFifteen,props_pageProps_match_team2_teamStats_7_avgGold,props_pageProps_match_team2_teamStats_7_avgGoldAtFifteen,props_pageProps_match_team2_teamStats_7_avgGoldDiffAtFifteen,props_pageProps_match_team2_teamStats_7_avgInhibKills,props_pageProps_match_team2_teamStats_7_avgIsoDeaths,props_pageProps_match_team2_teamStats_7_avgKills,props_pageProps_match_team2_teamStats_7_avgMinionsKilled,props_pageProps_match_team2_teamStats_7_avgMinsBetweenDeaths,props_pageProps_match_team2_teamStats_7_avgMinsBetweenKills,props_pageProps_match_team2_teamStats_7_avgNeutralMinionKilled,props_pageProps_match_team2_teamStats_7_avgRecalls,props_pageProps_match_team2_teamStats_7_avgSoloKills,props_pageProps_match_team2_teamStats_7_avgTowerDiffAtFifteen,props_pageProps_match_team2_teamStats_7_avgTowerKills,props_pageProps_match_team2_teamStats_7_avgTowersAtFifteen,props_pageProps_match_team2_teamStats_7_avgVisionScore,props_pageProps_match_team2_teamStats_7_avgWardsKilled,props_pageProps_match_team2_teamStats_7_avgWardsPlaced,props_pageProps_match_team2_teamStats_7_firstBloodRate,props_pageProps_match_team2_teamStats_7_firstDragonRate,props_pageProps_match_team2_teamStats_7_firstTowerRate,props_pageProps_match_team2_teamStats_7_rank,props_pageProps_match_team2_teamStats_7_seasonName,props_pageProps_match_team2_teamStats_7_selected,props_pageProps_match_team2_teamStats_7_team,props_pageProps_match_team2_teamStats_7_teamPerid,props_pageProps_match_team2_teamStats_7_tournamentName,props_pageProps_match_team2_teamStats_8___typename,props_pageProps_match_team2_teamStats_8_avgAssists,props_pageProps_match_team2_teamStats_8_avgBaronKills,props_pageProps_match_team2_teamStats_8_avgDamagePerTeamfights,props_pageProps_match_team2_teamStats_8_avgDeaths,props_pageProps_match_team2_teamStats_8_avgDmgHealedOnTeamPerMin,props_pageProps_match_team2_teamStats_8_avgDmgToChampsPerMin,props_pageProps_match_team2_teamStats_8_avgDragonKills,props_pageProps_match_team2_teamStats_8_avgDragonsAtFifteen,props_pageProps_match_team2_teamStats_8_avgGold,props_pageProps_match_team2_teamStats_8_avgGoldAtFifteen,props_pageProps_match_team2_teamStats_8_avgGoldDiffAtFifteen,props_pageProps_match_team2_teamStats_8_avgInhibKills,props_pageProps_match_team2_teamStats_8_avgIsoDeaths,props_pageProps_match_team2_teamStats_8_avgKills,props_pageProps_match_team2_teamStats_8_avgMinionsKilled,props_pageProps_match_team2_teamStats_8_avgMinsBetweenDeaths,props_pageProps_match_team2_teamStats_8_avgMinsBetweenKills,props_pageProps_match_team2_teamStats_8_avgNeutralMinionKilled,props_pageProps_match_team2_teamStats_8_avgRecalls,props_pageProps_match_team2_teamStats_8_avgSoloKills,props_pageProps_match_team2_teamStats_8_avgTowerDiffAtFifteen,props_pageProps_match_team2_teamStats_8_avgTowerKills,props_pageProps_match_team2_teamStats_8_avgTowersAtFifteen,props_pageProps_match_team2_teamStats_8_avgVisionScore,props_pageProps_match_team2_teamStats_8_avgWardsKilled,props_pageProps_match_team2_teamStats_8_avgWardsPlaced,props_pageProps_match_team2_teamStats_8_firstBloodRate,props_pageProps_match_team2_teamStats_8_firstDragonRate,props_pageProps_match_team2_teamStats_8_firstTowerRate,props_pageProps_match_team2_teamStats_8_rank,props_pageProps_match_team2_teamStats_8_seasonName,props_pageProps_match_team2_teamStats_8_selected,props_pageProps_match_team2_teamStats_8_team,props_pageProps_match_team2_teamStats_8_teamPerid,props_pageProps_match_team2_teamStats_8_tournamentName,props_pageProps_match_team2_teamStats_9___typename,props_pageProps_match_team2_teamStats_9_avgAssists,props_pageProps_match_team2_teamStats_9_avgBaronKills,props_pageProps_match_team2_teamStats_9_avgDamagePerTeamfights,props_pageProps_match_team2_teamStats_9_avgDeaths,props_pageProps_match_team2_teamStats_9_avgDmgHealedOnTeamPerMin,props_pageProps_match_team2_teamStats_9_avgDmgToChampsPerMin,props_pageProps_match_team2_teamStats_9_avgDragonKills,props_pageProps_match_team2_teamStats_9_avgDragonsAtFifteen,props_pageProps_match_team2_teamStats_9_avgGold,props_pageProps_match_team2_teamStats_9_avgGoldAtFifteen,props_pageProps_match_team2_teamStats_9_avgGoldDiffAtFifteen,props_pageProps_match_team2_teamStats_9_avgInhibKills,props_pageProps_match_team2_teamStats_9_avgIsoDeaths,props_pageProps_match_team2_teamStats_9_avgKills,props_pageProps_match_team2_teamStats_9_avgMinionsKilled,props_pageProps_match_team2_teamStats_9_avgMinsBetweenDeaths,props_pageProps_match_team2_teamStats_9_avgMinsBetweenKills,props_pageProps_match_team2_teamStats_9_avgNeutralMinionKilled,props_pageProps_match_team2_teamStats_9_avgRecalls,props_pageProps_match_team2_teamStats_9_avgSoloKills,props_pageProps_match_team2_teamStats_9_avgTowerDiffAtFifteen,props_pageProps_match_team2_teamStats_9_avgTowerKills,props_pageProps_match_team2_teamStats_9_avgTowersAtFifteen,props_pageProps_match_team2_teamStats_9_avgVisionScore,props_pageProps_match_team2_teamStats_9_avgWardsKilled,props_pageProps_match_team2_teamStats_9_avgWardsPlaced,props_pageProps_match_team2_teamStats_9_firstBloodRate,props_pageProps_match_team2_teamStats_9_firstDragonRate,props_pageProps_match_team2_teamStats_9_firstTowerRate,props_pageProps_match_team2_teamStats_9_rank,props_pageProps_match_team2_teamStats_9_seasonName,props_pageProps_match_team2_teamStats_9_selected,props_pageProps_match_team2_teamStats_9_team,props_pageProps_match_team2_teamStats_9_teamPerid,props_pageProps_match_team2_teamStats_9_tournamentName,props_pageProps_match_team2_teamStats_10_avgAssists,props_pageProps_match_team2_teamStats_10_avgBaronKills,props_pageProps_match_team2_teamStats_10_avgDamagePerTeamfights,props_pageProps_match_team2_teamStats_10_avgDeaths,props_pageProps_match_team2_teamStats_10_avgDmgHealedOnTeamPerMin,props_pageProps_match_team2_teamStats_10_avgDmgToChampsPerMin,props_pageProps_match_team2_teamStats_10_avgDragonKills,props_pageProps_match_team2_teamStats_10_avgDragonsAtFifteen,props_pageProps_match_team2_teamStats_10_avgGold,props_pageProps_match_team2_teamStats_10_avgGoldAtFifteen,props_pageProps_match_team2_teamStats_10_avgGoldDiffAtFifteen,props_pageProps_match_team2_teamStats_10_avgInhibKills,props_pageProps_match_team2_teamStats_10_avgIsoDeaths,props_pageProps_match_team2_teamStats_10_avgKills,props_pageProps_match_team2_teamStats_10_avgMinionsKilled,props_pageProps_match_team2_teamStats_10_avgMinsBetweenDeaths,props_pageProps_match_team2_teamStats_10_avgMinsBetweenKills,props_pageProps_match_team2_teamStats_10_avgNeutralMinionKilled,props_pageProps_match_team2_teamStats_10_avgRecalls,props_pageProps_match_team2_teamStats_10_avgSoloKills,props_pageProps_match_team2_teamStats_10_avgTowerDiffAtFifteen,props_pageProps_match_team2_teamStats_10_avgTowerKills,props_pageProps_match_team2_teamStats_10_avgTowersAtFifteen,props_pageProps_match_team2_teamStats_10_avgVisionScore,props_pageProps_match_team2_teamStats_10_avgWardsKilled,props_pageProps_match_team2_teamStats_10_avgWardsPlaced,props_pageProps_match_team2_teamStats_10_firstBloodRate,props_pageProps_match_team2_teamStats_10_firstDragonRate,props_pageProps_match_team2_teamStats_10_firstTowerRate,props_pageProps_match_team2_teamStats_10_rank,props_pageProps_match_team2_teamStats_10_tournamentName,props_pageProps_match_team2_topPlayers_0___typename,props_pageProps_match_team2_topPlayers_0_avgDamage,props_pageProps_match_team2_topPlayers_0_avgDamageHealed,props_pageProps_match_team2_topPlayers_0_avgDamagePerTeamfight,props_pageProps_match_team2_topPlayers_0_avgGold,props_pageProps_match_team2_topPlayers_0_avgGoldAtFifteen,props_pageProps_match_team2_topPlayers_0_avgGoldDiffAtFifteen,props_pageProps_match_team2_topPlayers_0_gamesPlayed,props_pageProps_match_team2_topPlayers_0_player,props_pageProps_match_team2_topPlayers_0_playerDetails___typename,props_pageProps_match_team2_topPlayers_0_playerDetails_factorId,props_pageProps_match_team2_topPlayers_0_playerDetails_headshotUrl,props_pageProps_match_team2_topPlayers_0_playerDetails_name,props_pageProps_match_team2_topPlayers_0_playerDetails_perid,props_pageProps_match_team2_topPlayers_0_playerPerid,props_pageProps_match_team2_topPlayers_0_rank,props_pageProps_match_team2_topPlayers_0_role,props_pageProps_match_team2_topPlayers_0_totalAssists,props_pageProps_match_team2_topPlayers_0_totalDamageTeamfights,props_pageProps_match_team2_topPlayers_0_totalDeaths,props_pageProps_match_team2_topPlayers_0_totalFirstBloods,props_pageProps_match_team2_topPlayers_0_totalKills,props_pageProps_match_team2_topPlayers_0_totalMinionKills,props_pageProps_match_team2_topPlayers_0_totalSoloKills,props_pageProps_match_team2_topPlayers_0_totalWorthlessDeaths,props_pageProps_match_team2_topPlayers_1___typename,props_pageProps_match_team2_topPlayers_1_avgDamage,props_pageProps_match_team2_topPlayers_1_avgDamageHealed,props_pageProps_match_team2_topPlayers_1_avgDamagePerTeamfight,props_pageProps_match_team2_topPlayers_1_avgGold,props_pageProps_match_team2_topPlayers_1_avgGoldAtFifteen,props_pageProps_match_team2_topPlayers_1_avgGoldDiffAtFifteen,props_pageProps_match_team2_topPlayers_1_gamesPlayed,props_pageProps_match_team2_topPlayers_1_player,props_pageProps_match_team2_topPlayers_1_playerDetails___typename,props_pageProps_match_team2_topPlayers_1_playerDetails_factorId,props_pageProps_match_team2_topPlayers_1_playerDetails_headshotUrl,props_pageProps_match_team2_topPlayers_1_playerDetails_name,props_pageProps_match_team2_topPlayers_1_playerDetails_perid,props_pageProps_match_team2_topPlayers_1_playerPerid,props_pageProps_match_team2_topPlayers_1_rank,props_pageProps_match_team2_topPlayers_1_role,props_pageProps_match_team2_topPlayers_1_totalAssists,props_pageProps_match_team2_topPlayers_1_totalDamageTeamfights,props_pageProps_match_team2_topPlayers_1_totalDeaths,props_pageProps_match_team2_topPlayers_1_totalFirstBloods,props_pageProps_match_team2_topPlayers_1_totalKills,props_pageProps_match_team2_topPlayers_1_totalMinionKills,props_pageProps_match_team2_topPlayers_1_totalSoloKills,props_pageProps_match_team2_topPlayers_1_totalWorthlessDeaths,props_pageProps_match_team2_topPlayers_2___typename,props_pageProps_match_team2_topPlayers_2_avgDamage,props_pageProps_match_team2_topPlayers_2_avgDamageHealed,props_pageProps_match_team2_topPlayers_2_avgDamagePerTeamfight,props_pageProps_match_team2_topPlayers_2_avgGold,props_pageProps_match_team2_topPlayers_2_avgGoldAtFifteen,props_pageProps_match_team2_topPlayers_2_avgGoldDiffAtFifteen,props_pageProps_match_team2_topPlayers_2_gamesPlayed,props_pageProps_match_team2_topPlayers_2_player,props_pageProps_match_team2_topPlayers_2_playerDetails___typename,props_pageProps_match_team2_topPlayers_2_playerDetails_factorId,props_pageProps_match_team2_topPlayers_2_playerDetails_headshotUrl,props_pageProps_match_team2_topPlayers_2_playerDetails_name,props_pageProps_match_team2_topPlayers_2_playerDetails_perid,props_pageProps_match_team2_topPlayers_2_playerPerid,props_pageProps_match_team2_topPlayers_2_rank,props_pageProps_match_team2_topPlayers_2_role,props_pageProps_match_team2_topPlayers_2_totalAssists,props_pageProps_match_team2_topPlayers_2_totalDamageTeamfights,props_pageProps_match_team2_topPlayers_2_totalDeaths,props_pageProps_match_team2_topPlayers_2_totalFirstBloods,props_pageProps_match_team2_topPlayers_2_totalKills,props_pageProps_match_team2_topPlayers_2_totalMinionKills,props_pageProps_match_team2_topPlayers_2_totalSoloKills,props_pageProps_match_team2_topPlayers_2_totalWorthlessDeaths,props_pageProps_match_team2_topPlayers_3___typename,props_pageProps_match_team2_topPlayers_3_avgDamage,props_pageProps_match_team2_topPlayers_3_avgDamageHealed,props_pageProps_match_team2_topPlayers_3_avgDamagePerTeamfight,props_pageProps_match_team2_topPlayers_3_avgGold,props_pageProps_match_team2_topPlayers_3_avgGoldAtFifteen,props_pageProps_match_team2_topPlayers_3_avgGoldDiffAtFifteen,props_pageProps_match_team2_topPlayers_3_gamesPlayed,props_pageProps_match_team2_topPlayers_3_player,props_pageProps_match_team2_topPlayers_3_playerDetails___typename,props_pageProps_match_team2_topPlayers_3_playerDetails_factorId,props_pageProps_match_team2_topPlayers_3_playerDetails_headshotUrl,props_pageProps_match_team2_topPlayers_3_playerDetails_name,props_pageProps_match_team2_topPlayers_3_playerDetails_perid,props_pageProps_match_team2_topPlayers_3_playerPerid,props_pageProps_match_team2_topPlayers_3_rank,props_pageProps_match_team2_topPlayers_3_role,props_pageProps_match_team2_topPlayers_3_totalAssists,props_pageProps_match_team2_topPlayers_3_totalDamageTeamfights,props_pageProps_match_team2_topPlayers_3_totalDeaths,props_pageProps_match_team2_topPlayers_3_totalFirstBloods,props_pageProps_match_team2_topPlayers_3_totalKills,props_pageProps_match_team2_topPlayers_3_totalMinionKills,props_pageProps_match_team2_topPlayers_3_totalSoloKills,props_pageProps_match_team2_topPlayers_3_totalWorthlessDeaths,props_pageProps_match_team2_topPlayers_4___typename,props_pageProps_match_team2_topPlayers_4_avgDamage,props_pageProps_match_team2_topPlayers_4_avgDamageHealed,props_pageProps_match_team2_topPlayers_4_avgDamagePerTeamfight,props_pageProps_match_team2_topPlayers_4_avgGold,props_pageProps_match_team2_topPlayers_4_avgGoldAtFifteen,props_pageProps_match_team2_topPlayers_4_avgGoldDiffAtFifteen,props_pageProps_match_team2_topPlayers_4_gamesPlayed,props_pageProps_match_team2_topPlayers_4_player,props_pageProps_match_team2_topPlayers_4_playerDetails___typename,props_pageProps_match_team2_topPlayers_4_playerDetails_factorId,props_pageProps_match_team2_topPlayers_4_playerDetails_headshotUrl,props_pageProps_match_team2_topPlayers_4_playerDetails_name,props_pageProps_match_team2_topPlayers_4_playerDetails_perid,props_pageProps_match_team2_topPlayers_4_playerPerid,props_pageProps_match_team2_topPlayers_4_rank,props_pageProps_match_team2_topPlayers_4_role,props_pageProps_match_team2_topPlayers_4_totalAssists,props_pageProps_match_team2_topPlayers_4_totalDamageTeamfights,props_pageProps_match_team2_topPlayers_4_totalDeaths,props_pageProps_match_team2_topPlayers_4_totalFirstBloods,props_pageProps_match_team2_topPlayers_4_totalKills,props_pageProps_match_team2_topPlayers_4_totalMinionKills,props_pageProps_match_team2_topPlayers_4_totalSoloKills,props_pageProps_match_team2_topPlayers_4_totalWorthlessDeaths,props_pageProps_match_teamPowrRankings_0___typename,props_pageProps_match_teamPowrRankings_0_lossSeries,props_pageProps_match_teamPowrRankings_0_position,props_pageProps_match_teamPowrRankings_0_seriesUrn,props_pageProps_match_teamPowrRankings_0_teamDetails___typename,props_pageProps_match_teamPowrRankings_0_teamDetails_factorId,props_pageProps_match_teamPowrRankings_0_teamDetails_fullName,props_pageProps_match_teamPowrRankings_0_teamDetails_teamLogo,props_pageProps_match_teamPowrRankings_0_teamDetails_teamUrn,props_pageProps_match_teamPowrRankings_0_teamPerid,props_pageProps_match_teamPowrRankings_0_teamRanking,props_pageProps_match_teamPowrRankings_0_winSeries,props_pageProps_match_teamPowrRankings_1___typename,props_pageProps_match_teamPowrRankings_1_lossSeries,props_pageProps_match_teamPowrRankings_1_position,props_pageProps_match_teamPowrRankings_1_seriesUrn,props_pageProps_match_teamPowrRankings_1_teamDetails___typename,props_pageProps_match_teamPowrRankings_1_teamDetails_factorId,props_pageProps_match_teamPowrRankings_1_teamDetails_fullName,props_pageProps_match_teamPowrRankings_1_teamDetails_teamLogo,props_pageProps_match_teamPowrRankings_1_teamDetails_teamUrn,props_pageProps_match_teamPowrRankings_1_teamPerid,props_pageProps_match_teamPowrRankings_1_teamRanking___typename,props_pageProps_match_teamPowrRankings_1_teamRanking_ranking,props_pageProps_match_teamPowrRankings_1_winSeries,props_pageProps_match_teamPowrRankings_2___typename,props_pageProps_match_teamPowrRankings_2_lossSeries,props_pageProps_match_teamPowrRankings_2_position,props_pageProps_match_teamPowrRankings_2_seriesUrn,props_pageProps_match_teamPowrRankings_2_teamDetails___typename,props_pageProps_match_teamPowrRankings_2_teamDetails_factorId,props_pageProps_match_teamPowrRankings_2_teamDetails_fullName,props_pageProps_match_teamPowrRankings_2_teamDetails_teamLogo___typename,props_pageProps_match_teamPowrRankings_2_teamDetails_teamLogo_darkFlip,props_pageProps_match_teamPowrRankings_2_teamDetails_teamLogo_darkShadow,props_pageProps_match_teamPowrRankings_2_teamDetails_teamLogo_logoUrl,props_pageProps_match_teamPowrRankings_2_teamDetails_teamUrn,props_pageProps_match_teamPowrRankings_2_teamPerid,props_pageProps_match_teamPowrRankings_2_teamRanking___typename,props_pageProps_match_teamPowrRankings_2_teamRanking_ranking,props_pageProps_match_teamPowrRankings_2_winSeries,props_pageProps_match_teamPowrRankings_3___typename,props_pageProps_match_teamPowrRankings_3_lossSeries,props_pageProps_match_teamPowrRankings_3_position,props_pageProps_match_teamPowrRankings_3_seriesUrn,props_pageProps_match_teamPowrRankings_3_teamDetails___typename,props_pageProps_match_teamPowrRankings_3_teamDetails_factorId,props_pageProps_match_teamPowrRankings_3_teamDetails_fullName,props_pageProps_match_teamPowrRankings_3_teamDetails_teamLogo___typename,props_pageProps_match_teamPowrRankings_3_teamDetails_teamLogo_darkFlip,props_pageProps_match_teamPowrRankings_3_teamDetails_teamLogo_darkShadow,props_pageProps_match_teamPowrRankings_3_teamDetails_teamLogo_logoUrl,props_pageProps_match_teamPowrRankings_3_teamDetails_teamUrn,props_pageProps_match_teamPowrRankings_3_teamPerid,props_pageProps_match_teamPowrRankings_3_teamRanking___typename,props_pageProps_match_teamPowrRankings_3_teamRanking_ranking,props_pageProps_match_teamPowrRankings_3_winSeries,props_pageProps_match_teamPowrRankings_4___typename,props_pageProps_match_teamPowrRankings_4_lossSeries,props_pageProps_match_teamPowrRankings_4_position,props_pageProps_match_teamPowrRankings_4_seriesUrn,props_pageProps_match_teamPowrRankings_4_teamDetails___typename,props_pageProps_match_teamPowrRankings_4_teamDetails_factorId,props_pageProps_match_teamPowrRankings_4_teamDetails_fullName,props_pageProps_match_teamPowrRankings_4_teamDetails_teamLogo___typename,props_pageProps_match_teamPowrRankings_4_teamDetails_teamLogo_darkFlip,props_pageProps_match_teamPowrRankings_4_teamDetails_teamLogo_darkShadow,props_pageProps_match_teamPowrRankings_4_teamDetails_teamLogo_logoUrl,props_pageProps_match_teamPowrRankings_4_teamDetails_teamUrn,props_pageProps_match_teamPowrRankings_4_teamPerid,props_pageProps_match_teamPowrRankings_4_teamRanking___typename,props_pageProps_match_teamPowrRankings_4_teamRanking_ranking,props_pageProps_match_teamPowrRankings_4_winSeries,props_pageProps_match_teamPowrRankings_5___typename,props_pageProps_match_teamPowrRankings_5_lossSeries,props_pageProps_match_teamPowrRankings_5_position,props_pageProps_match_teamPowrRankings_5_seriesUrn,props_pageProps_match_teamPowrRankings_5_teamDetails___typename,props_pageProps_match_teamPowrRankings_5_teamDetails_factorId,props_pageProps_match_teamPowrRankings_5_teamDetails_fullName,props_pageProps_match_teamPowrRankings_5_teamDetails_teamLogo___typename,props_pageProps_match_teamPowrRankings_5_teamDetails_teamLogo_darkFlip,props_pageProps_match_teamPowrRankings_5_teamDetails_teamLogo_darkShadow,props_pageProps_match_teamPowrRankings_5_teamDetails_teamLogo_logoUrl,props_pageProps_match_teamPowrRankings_5_teamDetails_teamUrn,props_pageProps_match_teamPowrRankings_5_teamPerid,props_pageProps_match_teamPowrRankings_5_teamRanking___typename,props_pageProps_match_teamPowrRankings_5_teamRanking_ranking,props_pageProps_match_teamPowrRankings_5_winSeries,props_pageProps_match_teamPowrRankings_6___typename,props_pageProps_match_teamPowrRankings_6_lossSeries,props_pageProps_match_teamPowrRankings_6_position,props_pageProps_match_teamPowrRankings_6_seriesUrn,props_pageProps_match_teamPowrRankings_6_teamDetails___typename,props_pageProps_match_teamPowrRankings_6_teamDetails_factorId,props_pageProps_match_teamPowrRankings_6_teamDetails_fullName,props_pageProps_match_teamPowrRankings_6_teamDetails_teamLogo___typename,props_pageProps_match_teamPowrRankings_6_teamDetails_teamLogo_darkFlip,props_pageProps_match_teamPowrRankings_6_teamDetails_teamLogo_darkShadow,props_pageProps_match_teamPowrRankings_6_teamDetails_teamLogo_logoUrl,props_pageProps_match_teamPowrRankings_6_teamDetails_teamUrn,props_pageProps_match_teamPowrRankings_6_teamPerid,props_pageProps_match_teamPowrRankings_6_teamRanking___typename,props_pageProps_match_teamPowrRankings_6_teamRanking_ranking,props_pageProps_match_teamPowrRankings_6_winSeries,props_pageProps_match_teamPowrRankings_7___typename,props_pageProps_match_teamPowrRankings_7_lossSeries,props_pageProps_match_teamPowrRankings_7_position,props_pageProps_match_teamPowrRankings_7_seriesUrn,props_pageProps_match_teamPowrRankings_7_teamDetails___typename,props_pageProps_match_teamPowrRankings_7_teamDetails_factorId,props_pageProps_match_teamPowrRankings_7_teamDetails_fullName,props_pageProps_match_teamPowrRankings_7_teamDetails_teamLogo___typename,props_pageProps_match_teamPowrRankings_7_teamDetails_teamLogo_darkFlip,props_pageProps_match_teamPowrRankings_7_teamDetails_teamLogo_darkShadow,props_pageProps_match_teamPowrRankings_7_teamDetails_teamLogo_logoUrl,props_pageProps_match_teamPowrRankings_7_teamDetails_teamUrn,props_pageProps_match_teamPowrRankings_7_teamPerid,props_pageProps_match_teamPowrRankings_7_teamRanking___typename,props_pageProps_match_teamPowrRankings_7_teamRanking_ranking,props_pageProps_match_teamPowrRankings_7_winSeries,props_pageProps_match_teamPowrRankings_8___typename,props_pageProps_match_teamPowrRankings_8_lossSeries,props_pageProps_match_teamPowrRankings_8_position,props_pageProps_match_teamPowrRankings_8_seriesUrn,props_pageProps_match_teamPowrRankings_8_teamDetails___typename,props_pageProps_match_teamPowrRankings_8_teamDetails_factorId,props_pageProps_match_teamPowrRankings_8_teamDetails_fullName,props_pageProps_match_teamPowrRankings_8_teamDetails_teamLogo___typename,props_pageProps_match_teamPowrRankings_8_teamDetails_teamLogo_darkFlip,props_pageProps_match_teamPowrRankings_8_teamDetails_teamLogo_darkShadow,props_pageProps_match_teamPowrRankings_8_teamDetails_teamLogo_logoUrl,props_pageProps_match_teamPowrRankings_8_teamDetails_teamUrn,props_pageProps_match_teamPowrRankings_8_teamPerid,props_pageProps_match_teamPowrRankings_8_teamRanking___typename,props_pageProps_match_teamPowrRankings_8_teamRanking_ranking,props_pageProps_match_teamPowrRankings_8_winSeries,props_pageProps_match_teamPowrRankings_9___typename,props_pageProps_match_teamPowrRankings_9_lossSeries,props_pageProps_match_teamPowrRankings_9_position,props_pageProps_match_teamPowrRankings_9_seriesUrn,props_pageProps_match_teamPowrRankings_9_teamDetails___typename,props_pageProps_match_teamPowrRankings_9_teamDetails_factorId,props_pageProps_match_teamPowrRankings_9_teamDetails_fullName,props_pageProps_match_teamPowrRankings_9_teamDetails_teamLogo___typename,props_pageProps_match_teamPowrRankings_9_teamDetails_teamLogo_darkFlip,props_pageProps_match_teamPowrRankings_9_teamDetails_teamLogo_darkShadow,props_pageProps_match_teamPowrRankings_9_teamDetails_teamLogo_logoUrl,props_pageProps_match_teamPowrRankings_9_teamDetails_teamUrn,props_pageProps_match_teamPowrRankings_9_teamPerid,props_pageProps_match_teamPowrRankings_9_teamRanking___typename,props_pageProps_match_teamPowrRankings_9_teamRanking_ranking,props_pageProps_match_teamPowrRankings_9_winSeries,props_pageProps_match_teamPowrRankings_10___typename,props_pageProps_match_teamPowrRankings_10_lossSeries,props_pageProps_match_teamPowrRankings_10_position,props_pageProps_match_teamPowrRankings_10_seriesUrn,props_pageProps_match_teamPowrRankings_10_teamDetails___typename,props_pageProps_match_teamPowrRankings_10_teamDetails_factorId,props_pageProps_match_teamPowrRankings_10_teamDetails_fullName,props_pageProps_match_teamPowrRankings_10_teamDetails_teamLogo___typename,props_pageProps_match_teamPowrRankings_10_teamDetails_teamLogo_darkFlip,props_pageProps_match_teamPowrRankings_10_teamDetails_teamLogo_darkShadow,props_pageProps_match_teamPowrRankings_10_teamDetails_teamLogo_logoUrl,props_pageProps_match_teamPowrRankings_10_teamDetails_teamUrn,props_pageProps_match_teamPowrRankings_10_teamPerid,props_pageProps_match_teamPowrRankings_10_teamRanking___typename,props_pageProps_match_teamPowrRankings_10_teamRanking_ranking,props_pageProps_match_teamPowrRankings_10_winSeries,props_pageProps_match_teamPowrRankings_11___typename,props_pageProps_match_teamPowrRankings_11_lossSeries,props_pageProps_match_teamPowrRankings_11_position,props_pageProps_match_teamPowrRankings_11_seriesUrn,props_pageProps_match_teamPowrRankings_11_teamDetails___typename,props_pageProps_match_teamPowrRankings_11_teamDetails_factorId,props_pageProps_match_teamPowrRankings_11_teamDetails_fullName,props_pageProps_match_teamPowrRankings_11_teamDetails_teamLogo___typename,props_pageProps_match_teamPowrRankings_11_teamDetails_teamLogo_darkFlip,props_pageProps_match_teamPowrRankings_11_teamDetails_teamLogo_darkShadow,props_pageProps_match_teamPowrRankings_11_teamDetails_teamLogo_logoUrl,props_pageProps_match_teamPowrRankings_11_teamDetails_teamUrn,props_pageProps_match_teamPowrRankings_11_teamPerid,props_pageProps_match_teamPowrRankings_11_teamRanking___typename,props_pageProps_match_teamPowrRankings_11_teamRanking_ranking,props_pageProps_match_teamPowrRankings_11_winSeries,props_pageProps_match_teamPowrRankings_12___typename,props_pageProps_match_teamPowrRankings_12_lossSeries,props_pageProps_match_teamPowrRankings_12_position,props_pageProps_match_teamPowrRankings_12_seriesUrn,props_pageProps_match_teamPowrRankings_12_teamDetails___typename,props_pageProps_match_teamPowrRankings_12_teamDetails_factorId,props_pageProps_match_teamPowrRankings_12_teamDetails_fullName,props_pageProps_match_teamPowrRankings_12_teamDetails_teamLogo,props_pageProps_match_teamPowrRankings_12_teamDetails_teamUrn,props_pageProps_match_teamPowrRankings_12_teamPerid,props_pageProps_match_teamPowrRankings_12_teamRanking,props_pageProps_match_teamPowrRankings_12_winSeries,props_pageProps_match_teamPowrRankings_13___typename,props_pageProps_match_teamPowrRankings_13_lossSeries,props_pageProps_match_teamPowrRankings_13_position,props_pageProps_match_teamPowrRankings_13_seriesUrn,props_pageProps_match_teamPowrRankings_13_teamDetails___typename,props_pageProps_match_teamPowrRankings_13_teamDetails_factorId,props_pageProps_match_teamPowrRankings_13_teamDetails_fullName,props_pageProps_match_teamPowrRankings_13_teamDetails_teamLogo___typename,props_pageProps_match_teamPowrRankings_13_teamDetails_teamLogo_darkFlip,props_pageProps_match_teamPowrRankings_13_teamDetails_teamLogo_darkShadow,props_pageProps_match_teamPowrRankings_13_teamDetails_teamLogo_logoUrl,props_pageProps_match_teamPowrRankings_13_teamDetails_teamUrn,props_pageProps_match_teamPowrRankings_13_teamPerid,props_pageProps_match_teamPowrRankings_13_teamRanking___typename,props_pageProps_match_teamPowrRankings_13_teamRanking_ranking,props_pageProps_match_teamPowrRankings_13_winSeries,query_slug_0,query_slug_1,query_slug_2,query_slug_3,runtimeConfig_nextPlausiblePublicProxyOptions_trailingSlash
0,6OFInEo8nbJET_ZWLU1dD,10204,98925,43290,79535,72475,68588,95878,97471,True,False,/match/[...slug],True,True,Match,8580600,1673829186,2023-03-07T18:00:00Z,100,esports:match:1e4b8eb7-b8e0-4bfc-a360-3483de905139,PrematchWinProbability,0.20229605960550273,0.7977039403944972,MatchScore,0,0,TeamDetails,,2059094,Guasones,14,1,PlayerHistory,PlayerDetails,692553,Nick Kartamyschew,,Nio,esports:player:4d19f42c-5f47-45ba-87d1-c3c54b259009,esports:player:4d19f42c-5f47-45ba-87d1-c3c54b259009,sup,esports:tournament:0a4b3637-8c28-4c69-9b17-5b662bbee738,PlayerHistory,PlayerDetails,2053,Patryk Piorkowski,https://factorassets.global.ssl.fastly.net/player-headshots/default.png,Mystiques,esports:player:3013094d-0df0-4457-b6ad-4729331d3e24,esports:player:3013094d-0df0-4457-b6ad-4729331d3e24,sup,esports:tournament:0a4b3637-8c28-4c69-9b17-5b662bbee738,PlayerHistory,PlayerDetails,692552,Pascal Akremi,,Akre,esports:player:270a14d2-9c85-4a8f-982b-14c9f1261c53,esports:player:270a14d2-9c85-4a8f-982b-14c9f1261c53,jng,esports:tournament:0a4b3637-8c28-4c69-9b17-5b662bbee738,PlayerHistory,PlayerDetails,698813,Raúl  Moreno Valero,,Hydra,esports:player:6ae2d77a-e85d-4372-8664-4b72045840c2,esports:player:6ae2d77a-e85d-4372-8664-4b72045840c2,mid,esports:tournament:0a4b3637-8c28-4c69-9b17-5b662bbee738,PlayerHistory,PlayerDetails,2219,Adrian Kruk,https://factorassets.global.ssl.fastly.net/player-headshots/default.png,Odi11,esports:player:3fe1e5a1-1608-4dd4-b268-7ed16e8f04ca,esports:player:3fe1e5a1-1608-4dd4-b268-7ed16e8f04ca,bot,esports:tournament:0a4b3637-8c28-4c69-9b17-5b662bbee738,PlayerHistory,PlayerDetails,1552,Jakub Viceník,https://factorassets.global.ssl.fastly.net/player-headshots/esports:player:66073468-d1ea-4ac2-bdda-0f5ca58fb96e/latest.png,Dreedy,esports:player:66073468-d1ea-4ac2-bdda-0f5ca58fb96e,esports:player:66073468-d1ea-4ac2-bdda-0f5ca58fb96e,top,esports:tournament:0a4b3637-8c28-4c69-9b17-5b662bbee738,PlayerHistory,PlayerDetails,1266,Diego José García Dorta,,nash1c,esports:player:07c1121d-1afa-4bfe-8fce-2f4bde65016a,esports:player:07c1121d-1afa-4bfe-8fce-2f4bde65016a,bot,esports:tournament:0a4b3637-8c28-4c69-9b17-5b662bbee738,TeamRank,,16,0.3975865464737566,,0.40346624587721236,GSNS,esports:team:c7ec3134-6f8f-4717-a4fc-29831f0c6a55,PlayerDetails,692553,Nick Kartamyschew,,Nio,esports:player:4d19f42c-5f47-45ba-87d1-c3c54b259009,Nio,esports:player:4d19f42c-5f47-45ba-87d1-c3c54b259009,sup,PlayerDetails,2053,Patryk Piorkowski,https://factorassets.global.ssl.fastly.net/player-headshots/default.png,Mystiques,esports:player:3013094d-0df0-4457-b6ad-4729331d3e24,Mystiques,esports:player:3013094d-0df0-4457-b6ad-4729331d3e24,sup,PlayerDetails,692552,Pascal Akremi,,Akre,esports:player:270a14d2-9c85-4a8f-982b-14c9f1261c53,Akre,esports:player:270a14d2-9c85-4a8f-982b-14c9f1261c53,jng,PlayerDetails,698813,Raúl  Moreno Valero,,Hydra,esports:player:6ae2d77a-e85d-4372-8664-4b72045840c2,Hydra,esports:player:6ae2d77a-e85d-4372-8664-4b72045840c2,mid,PlayerDetails,2219,Adrian Kruk,https://factorassets.global.ssl.fastly.net/player-headshots/default.png,Odi11,esports:player:3fe1e5a1-1608-4dd4-b268-7ed16e8f04ca,Odi11,esports:player:3fe1e5a1-1608-4dd4-b268-7ed16e8f04ca,bot,PlayerDetails,1552,Jakub Viceník,https://factorassets.global.ssl.fastly.net/player-headshots/esports:player:66073468-d1ea-4ac2-bdda-0f5ca58fb96e/latest.png,Dreedy,esports:player:66073468-d1ea-4ac2-bdda-0f5ca58fb96e,Dreedy,esports:player:66073468-d1ea-4ac2-bdda-0f5ca58fb96e,top,PlayerDetails,1266,Diego José García Dorta,,nash1c,esports:player:07c1121d-1afa-4bfe-8fce-2f4bde65016a,nash1c,esports:player:07c1121d-1afa-4bfe-8fce-2f4bde65016a,bot,TeamLogo,False,False,https://factorassets.global.ssl.fastly.net/teamlogo/esports:team:c7ec3134-6f8f-4717-a4fc-29831f0c6a55/latest.png,TeamStandings,14,10,esports:series:640d69ec-51eb-4664-98d1-ebaea97ad967,TeamDetails,2059094,Guasones,TeamLogo,False,False,https://factorassets.global.ssl.fastly.net/teamlogo/esports:team:c7ec3134-6f8f-4717-a4fc-29831f0c6a55/latest.png,esports:team:c7ec3134-6f8f-4717-a4fc-29831f0c6a55,esports:team:c7ec3134-6f8f-4717-a4fc-29831f0c6a55,TeamRank,0.40346624587721236,1,esports:team:c7ec3134-6f8f-4717-a4fc-29831f0c6a55,Tournament,Series,LVP Superliga,esports:series:640d69ec-51eb-4664-98d1-ebaea97ad967,esports:tournament:0a4b3637-8c28-4c69-9b17-5b662bbee738,TeamDetails,MRS,346,Movistar Riders,6,9,PlayerHistory,PlayerDetails,169479,Alvaro Fernandez del Amo,,Alvaro,esports:player:ed5ead98-8dc4-48b1-818a-eecac0c060e9,esports:player:ed5ead98-8dc4-48b1-818a-eecac0c060e9,sup,esports:tournament:0a4b3637-8c28-4c69-9b17-5b662bbee738,PlayerHistory,PlayerDetails,1383,Pedro Jose Serrano,https://factorassets.global.ssl.fastly.net/player-headshots/esports:player:a49038af-c91d-43e6-8067-321086547816/latest.png,Marky,esports:player:a49038af-c91d-43e6-8067-321086547816,esports:player:a49038af-c91d-43e6-8067-321086547816,top,esports:tournament:0a4b3637-8c28-4c69-9b17-5b662bbee738,PlayerHistory,PlayerDetails,3139,Ismaïl Boualem,https://factorassets.global.ssl.fastly.net/player-headshots/default.png,Isma,esports:player:3dce05a4-b84d-4b81-9d36-f2beb2823a54,esports:player:3dce05a4-b84d-4b81-9d36-f2beb2823a54,jng,esports:tournament:0a4b3637-8c28-4c69-9b17-5b662bbee738,PlayerHistory,PlayerDetails,1154,Bartlomiej Przewoznik,https://factorassets.global.ssl.fastly.net/player-headshots/esports:player:56169834-7d39-4738-8571-72638e674c2d/latest.png,Fresskowy,esports:player:56169834-7d39-4738-8571-72638e674c2d,esports:player:56169834-7d39-4738-8571-72638e674c2d,mid,esports:tournament:0a4b3637-8c28-4c69-9b17-5b662bbee738,PlayerHistory,PlayerDetails,1422,David Martinez Garcia,https://factorassets.global.ssl.fastly.net/player-headshots/esports:player:fa2cf1f9-14d1-47b8-9d3c-c03ac9b867dc/latest.png,Supa,esports:player:fa2cf1f9-14d1-47b8-9d3c-c03ac9b867dc,esports:player:fa2cf1f9-14d1-47b8-9d3c-c03ac9b867dc,bot,esports:tournament:0a4b3637-8c28-4c69-9b17-5b662bbee738,PlayerHistory,PlayerDetails,1383,Pedro Jose Serrano,https://factorassets.global.ssl.fastly.net/player-headshots/esports:player:a49038af-c91d-43e6-8067-321086547816/latest.png,Marky,esports:player:a49038af-c91d-43e6-8067-321086547816,esports:player:a49038af-c91d-43e6-8067-321086547816,top,esports:tournament:3e9a2d21-65ab-46fc-869d-aca26c8cf67b,PlayerHistory,PlayerDetails,2096,Serkan Atilgan,https://factorassets.global.ssl.fastly.net/player-headshots/esports:player:d5cedf39-c3e5-466e-8efe-d48e2a550250/latest.png,xKenzuke,esports:player:d5cedf39-c3e5-466e-8efe-d48e2a550250,esports:player:d5cedf39-c3e5-466e-8efe-d48e2a550250,mid,esports:tournament:3e9a2d21-65ab-46fc-869d-aca26c8cf67b,PlayerHistory,PlayerDetails,2674,Adrian Steiner,https://factorassets.global.ssl.fastly.net/player-headshots/esports:player:142d930e-7b2e-4088-b97d-9daf3d2056dc/latest.png,Tazaku,esports:player:142d930e-7b2e-4088-b97d-9daf3d2056dc,esports:player:142d930e-7b2e-4088-b97d-9daf3d2056dc,bot,esports:tournament:3e9a2d21-65ab-46fc-869d-aca26c8cf67b,PlayerHistory,PlayerDetails,25,Kadircan Mumcuoglu,https://factorassets.global.ssl.fastly.net/player-headshots/esports:player:7b7b2723-fbbe-4054-82ae-d17d22e4f1e8/latest.png,Kadir,esports:player:7b7b2723-fbbe-4054-82ae-d17d22e4f1e8,esports:player:7b7b2723-fbbe-4054-82ae-d17d22e4f1e8,jng,esports:tournament:3e9a2d21-65ab-46fc-869d-aca26c8cf67b,PlayerHistory,PlayerDetails,2688,Lukasz Grzeskowiak,https://factorassets.global.ssl.fastly.net/player-headshots/esports:player:9fb87846-bc63-485e-ad07-ffc7a1dc4f1d/latest.png,Pyrka,esports:player:9fb87846-bc63-485e-ad07-ffc7a1dc4f1d,esports:player:9fb87846-bc63-485e-ad07-ffc7a1dc4f1d,sup,esports:tournament:3e9a2d21-65ab-46fc-869d-aca26c8cf67b,PlayerHistory,PlayerDetails,2688,Lukasz Grzeskowiak,https://factorassets.global.ssl.fastly.net/player-headshots/esports:player:9fb87846-bc63-485e-ad07-ffc7a1dc4f1d/latest.png,Pyrka,esports:player:9fb87846-bc63-485e-ad07-ffc7a1dc4f1d,esports:player:9fb87846-bc63-485e-ad07-ffc7a1dc4f1d,sup,esports:tournament:ce5097a4-95ef-466a-9260-950316b055b0,PlayerHistory,PlayerDetails,25,Kadircan Mumcuoglu,https://factorassets.global.ssl.fastly.net/player-headshots/esports:player:7b7b2723-fbbe-4054-82ae-d17d22e4f1e8/latest.png,Kadir,esports:player:7b7b2723-fbbe-4054-82ae-d17d22e4f1e8,esports:player:7b7b2723-fbbe-4054-82ae-d17d22e4f1e8,jng,esports:tournament:ce5097a4-95ef-466a-9260-950316b055b0,PlayerHistory,PlayerDetails,2096,Serkan Atilgan,https://factorassets.global.ssl.fastly.net/player-headshots/esports:player:d5cedf39-c3e5-466e-8efe-d48e2a550250/latest.png,xKenzuke,esports:player:d5cedf39-c3e5-466e-8efe-d48e2a550250,esports:player:d5cedf39-c3e5-466e-8efe-d48e2a550250,mid,esports:tournament:ce5097a4-95ef-466a-9260-950316b055b0,PlayerHistory,PlayerDetails,1383,Pedro Jose Serrano,https://factorassets.global.ssl.fastly.net/player-headshots/esports:player:a49038af-c91d-43e6-8067-321086547816/latest.png,Marky,esports:player:a49038af-c91d-43e6-8067-321086547816,esports:player:a49038af-c91d-43e6-8067-321086547816,top,esports:tournament:ce5097a4-95ef-466a-9260-950316b055b0,PlayerHistory,PlayerDetails,2674,Adrian Steiner,https://factorassets.global.ssl.fastly.net/player-headshots/esports:player:142d930e-7b2e-4088-b97d-9daf3d2056dc/latest.png,Tazaku,esports:player:142d930e-7b2e-4088-b97d-9daf3d2056dc,esports:player:142d930e-7b2e-4088-b97d-9daf3d2056dc,bot,esports:tournament:ce5097a4-95ef-466a-9260-950316b055b0,PlayerHistory,PlayerDetails,1383,Pedro Jose Serrano,https://factorassets.global.ssl.fastly.net/player-headshots/esports:player:a49038af-c91d-43e6-8067-321086547816/latest.png,Marky,esports:player:a49038af-c91d-43e6-8067-321086547816,esports:player:a49038af-c91d-43e6-8067-321086547816,top,esports:tournament:7f76b6b4-6da4-478b-9d60-7c49092b58fb,PlayerHistory,PlayerDetails,2096,Serkan Atilgan,https://factorassets.global.ssl.fastly.net/player-headshots/esports:player:d5cedf39-c3e5-466e-8efe-d48e2a550250/latest.png,xKenzuke,esports:player:d5cedf39-c3e5-466e-8efe-d48e2a550250,esports:player:d5cedf39-c3e5-466e-8efe-d48e2a550250,mid,esports:tournament:7f76b6b4-6da4-478b-9d60-7c49092b58fb,PlayerHistory,PlayerDetails,2601,Alexander Kostadinov,https://factorassets.global.ssl.fastly.net/player-headshots/esports:player:df352f2b-9cfd-42a3-a38f-cdeb7e163dd9/latest.png,Venzer,esports:player:df352f2b-9cfd-42a3-a38f-cdeb7e163dd9,esports:player:df352f2b-9cfd-42a3-a38f-cdeb7e163dd9,bot,esports:tournament:7f76b6b4-6da4-478b-9d60-7c49092b58fb,PlayerHistory,PlayerDetails,2086,Angel Fernandez Alvarez,https://factorassets.global.ssl.fastly.net/player-headshots/esports:player:799da2e2-48a1-49ad-b538-eac120714bc4/latest.png,DuaLL,esports:player:799da2e2-48a1-49ad-b538-eac120714bc4,esports:player:799da2e2-48a1-49ad-b538-eac120714bc4,sup,esports:tournament:7f76b6b4-6da4-478b-9d60-7c49092b58fb,PlayerHistory,PlayerDetails,1398,Nubar Sarafian,https://factorassets.global.ssl.fastly.net/player-headshots/esports:player:38b5aef3-12e3-42c3-aba8-4f625c4c9446/latest.png,Maxlore,esports:player:38b5aef3-12e3-42c3-aba8-4f625c4c9446,esports:player:38b5aef3-12e3-42c3-aba8-4f625c4c9446,jng,esports:tournament:7f76b6b4-6da4-478b-9d60-7c49092b58fb,PlayerHistory,PlayerDetails,1383,Pedro Jose Serrano,https://factorassets.global.ssl.fastly.net/player-headshots/esports:player:a49038af-c91d-43e6-8067-321086547816/latest.png,Marky,esports:player:a49038af-c91d-43e6-8067-321086547816,esports:player:a49038af-c91d-43e6-8067-321086547816,top,esports:tournament:2bac823e-4f89-4ffe-b5f2-a298a48a4957,PlayerHistory,PlayerDetails,2086,Angel Fernandez Alvarez,https://factorassets.global.ssl.fastly.net/player-headshots/esports:player:799da2e2-48a1-49ad-b538-eac120714bc4/latest.png,DuaLL,esports:player:799da2e2-48a1-49ad-b538-eac120714bc4,esports:player:799da2e2-48a1-49ad-b538-eac120714bc4,sup,esports:tournament:2bac823e-4f89-4ffe-b5f2-a298a48a4957,PlayerHistory,PlayerDetails,1398,Nubar Sarafian,https://factorassets.global.ssl.fastly.net/player-headshots/esports:player:38b5aef3-12e3-42c3-aba8-4f625c4c9446/latest.png,Maxlore,esports:player:38b5aef3-12e3-42c3-aba8-4f625c4c9446,esports:player:38b5aef3-12e3-42c3-aba8-4f625c4c9446,jng,esports:tournament:2bac823e-4f89-4ffe-b5f2-a298a48a4957,PlayerHistory,PlayerDetails,2601,Alexander Kostadinov,https://factorassets.global.ssl.fastly.net/player-headshots/esports:player:df352f2b-9cfd-42a3-a38f-cdeb7e163dd9/latest.png,Venzer,esports:player:df352f2b-9cfd-42a3-a38f-cdeb7e163dd9,esports:player:df352f2b-9cfd-42a3-a38f-cdeb7e163dd9,bot,esports:tournament:2bac823e-4f89-4ffe-b5f2-a298a48a4957,PlayerHistory,PlayerDetails,2096,Serkan Atilgan,https://factorassets.global.ssl.fastly.net/player-headshots/esports:player:d5cedf39-c3e5-466e-8efe-d48e2a550250/latest.png,xKenzuke,esports:player:d5cedf39-c3e5-466e-8efe-d48e2a550250,esports:player:d5cedf39-c3e5-466e-8efe-d48e2a550250,mid,esports:tournament:2bac823e-4f89-4ffe-b5f2-a298a48a4957,PlayerHistory,PlayerDetails,2096,Serkan Atilgan,https://factorassets.global.ssl.fastly.net/player-headshots/esports:player:d5cedf39-c3e5-466e-8efe-d48e2a550250/latest.png,xKenzuke,esports:player:d5cedf39-c3e5-466e-8efe-d48e2a550250,esports:player:d5cedf39-c3e5-466e-8efe-d48e2a550250,mid,esports:tournament:b6252c05-e7f6-4047-9589-99cf4ef07639,PlayerHistory,PlayerDetails,1383,Pedro Jose Serrano,https://factorassets.global.ssl.fastly.net/player-headshots/esports:player:a49038af-c91d-43e6-8067-321086547816/latest.png,Marky,esports:player:a49038af-c91d-43e6-8067-321086547816,esports:player:a49038af-c91d-43e6-8067-321086547816,top,esports:tournament:b6252c05-e7f6-4047-9589-99cf4ef07639,PlayerHistory,PlayerDetails,2086,Angel Fernandez Alvarez,https://factorassets.global.ssl.fastly.net/player-headshots/esports:player:799da2e2-48a1-49ad-b538-eac120714bc4/latest.png,DuaLL,esports:player:799da2e2-48a1-49ad-b538-eac120714bc4,esports:player:799da2e2-48a1-49ad-b538-eac120714bc4,sup,esports:tournament:b6252c05-e7f6-4047-9589-99cf4ef07639,PlayerHistory,PlayerDetails,1398,Nubar Sarafian,https://factorassets.global.ssl.fastly.net/player-headshots/esports:player:38b5aef3-12e3-42c3-aba8-4f625c4c9446/latest.png,Maxlore,esports:player:38b5aef3-12e3-42c3-aba8-4f625c4c9446,esports:player:38b5aef3-12e3-42c3-aba8-4f625c4c9446,jng,esports:tournament:b6252c05-e7f6-4047-9589-99cf4ef07639,PlayerHistory,PlayerDetails,2601,Alexander Kostadinov,https://factorassets.global.ssl.fastly.net/player-headshots/esports:player:df352f2b-9cfd-42a3-a38f-cdeb7e163dd9/latest.png,Venzer,esports:player:df352f2b-9cfd-42a3-a38f-cdeb7e163dd9,esports:player:df352f2b-9cfd-42a3-a38f-cdeb7e163dd9,bot,esports:tournament:b6252c05-e7f6-4047-9589-99cf4ef07639,PlayerHistory,PlayerDetails,1383,Pedro Jose Serrano,https://factorassets.global.ssl.fastly.net/player-headshots/esports:player:a49038af-c91d-43e6-8067-321086547816/latest.png,Marky,esports:player:a49038af-c91d-43e6-8067-321086547816,esports:player:a49038af-c91d-43e6-8067-321086547816,top,esports:tournament:e2240248-ee56-45aa-820c-1c568398c46e,PlayerHistory,PlayerDetails,1398,Nubar Sarafian,https://factorassets.global.ssl.fastly.net/player-headshots/esports:player:38b5aef3-12e3-42c3-aba8-4f625c4c9446/latest.png,Maxlore,esports:player:38b5aef3-12e3-42c3-aba8-4f625c4c9446,esports:player:38b5aef3-12e3-42c3-aba8-4f625c4c9446,jng,esports:tournament:e2240248-ee56-45aa-820c-1c568398c46e,PlayerHistory,PlayerDetails,2086,Angel Fernandez Alvarez,https://factorassets.global.ssl.fastly.net/player-headshots/esports:player:799da2e2-48a1-49ad-b538-eac120714bc4/latest.png,DuaLL,esports:player:799da2e2-48a1-49ad-b538-eac120714bc4,esports:player:799da2e2-48a1-49ad-b538-eac120714bc4,sup,esports:tournament:e2240248-ee56-45aa-820c-1c568398c46e,PlayerHistory,PlayerDetails,2096,Serkan Atilgan,https://factorassets.global.ssl.fastly.net/player-headshots/esports:player:d5cedf39-c3e5-466e-8efe-d48e2a550250/latest.png,xKenzuke,esports:player:d5cedf39-c3e5-466e-8efe-d48e2a550250,esports:player:d5cedf39-c3e5-466e-8efe-d48e2a550250,mid,esports:tournament:e2240248-ee56-45aa-820c-1c568398c46e,PlayerHistory,PlayerDetails,2601,Alexander Kostadinov,https://factorassets.global.ssl.fastly.net/player-headshots/esports:player:df352f2b-9cfd-42a3-a38f-cdeb7e163dd9/latest.png,Venzer,esports:player:df352f2b-9cfd-42a3-a38f-cdeb7e163dd9,esports:player:df352f2b-9cfd-42a3-a38f-cdeb7e163dd9,bot,esports:tournament:e2240248-ee56-45aa-820c-1c568398c46e,PlayerHistory,PlayerDetails,2096,Serkan Atilgan,https://factorassets.global.ssl.fastly.net/player-headshots/esports:player:d5cedf39-c3e5-466e-8efe-d48e2a550250/latest.png,xKenzuke,esports:player:d5cedf39-c3e5-466e-8efe-d48e2a550250,esports:player:d5cedf39-c3e5-466e-8efe-d48e2a550250,mid,esports:tournament:5d16c2b6-e630-4984-b1af-80647c3b29c5,PlayerHistory,PlayerDetails,1383,Pedro Jose Serrano,https://factorassets.global.ssl.fastly.net/player-headshots/esports:player:a49038af-c91d-43e6-8067-321086547816/latest.png,Marky,esports:player:a49038af-c91d-43e6-8067-321086547816,esports:player:a49038af-c91d-43e6-8067-321086547816,top,esports:tournament:5d16c2b6-e630-4984-b1af-80647c3b29c5,PlayerHistory,PlayerDetails,1398,Nubar Sarafian,https://factorassets.global.ssl.fastly.net/player-headshots/esports:player:38b5aef3-12e3-42c3-aba8-4f625c4c9446/latest.png,Maxlore,esports:player:38b5aef3-12e3-42c3-aba8-4f625c4c9446,esports:player:38b5aef3-12e3-42c3-aba8-4f625c4c9446,jng,esports:tournament:5d16c2b6-e630-4984-b1af-80647c3b29c5,PlayerHistory,,,bot,esports:tournament:5d16c2b6-e630-4984-b1af-80647c3b29c5,PlayerHistory,,,sup,esports:tournament:5d16c2b6-e630-4984-b1af-80647c3b29c5,PlayerHistory,,,sup,esports:tournament:5d16c2b6-e630-4984-b1af-80647c3b29c5,PlayerHistory,,,bot,esports:tournament:5d16c2b6-e630-4984-b1af-80647c3b29c5,PlayerHistory,,,sup,esports:tournament:4d5569a3-58e2-4a9c-8573-f7b176754c27,PlayerHistory,,,jng,esports:tournament:4d5569a3-58e2-4a9c-8573-f7b176754c27,PlayerHistory,,,mid,esports:tournament:4d5569a3-58e2-4a9c-8573-f7b176754c27,PlayerHistory,,,bot,esports:tournament:4d5569a3-58e2-4a9c-8573-f7b176754c27,PlayerHistory,,,top,esports:tournament:4d5569a3-58e2-4a9c-8573-f7b176754c27,PlayerHistory,,,top,esports:tournament:c303ec53-87ed-478f-a002-eb77d00414cd,PlayerHistory,,,mid,esports:tournament:c303ec53-87ed-478f-a002-eb77d00414cd,PlayerHistory,,,bot,esports:tournament:c303ec53-87ed-478f-a002-eb77d00414cd,PlayerHistory,,,jng,esports:tournament:c303ec53-87ed-478f-a002-eb77d00414cd,PlayerHistory,,,sup,esports:tournament:c303ec53-87ed-478f-a002-eb77d00414cd,TeamRank,,120,0.49529533355422284,,0.5032315316058539,MRS,esports:team:3487c85a-b058-41ae-8899-892c30857213,PlayerDetails,169479,Alvaro Fernandez del Amo,,Alvaro,esports:player:ed5ead98-8dc4-48b1-818a-eecac0c060e9,Alvaro,esports:player:ed5ead98-8dc4-48b1-818a-eecac0c060e9,sup,PlayerDetails,1383,Pedro Jose Serrano,https://factorassets.global.ssl.fastly.net/player-headshots/esports:player:a49038af-c91d-43e6-8067-321086547816/latest.png,Marky,esports:player:a49038af-c91d-43e6-8067-321086547816,Marky,esports:player:a49038af-c91d-43e6-8067-321086547816,top,PlayerDetails,3139,Ismaïl Boualem,https://factorassets.global.ssl.fastly.net/player-headshots/default.png,Isma,esports:player:3dce05a4-b84d-4b81-9d36-f2beb2823a54,Isma,esports:player:3dce05a4-b84d-4b81-9d36-f2beb2823a54,jng,PlayerDetails,1154,Bartlomiej Przewoznik,https://factorassets.global.ssl.fastly.net/player-headshots/esports:player:56169834-7d39-4738-8571-72638e674c2d/latest.png,Fresskowy,esports:player:56169834-7d39-4738-8571-72638e674c2d,Fresskowy,esports:player:56169834-7d39-4738-8571-72638e674c2d,mid,PlayerDetails,1422,David Martinez Garcia,https://factorassets.global.ssl.fastly.net/player-headshots/esports:player:fa2cf1f9-14d1-47b8-9d3c-c03ac9b867dc/latest.png,Supa,esports:player:fa2cf1f9-14d1-47b8-9d3c-c03ac9b867dc,Supa,esports:player:fa2cf1f9-14d1-47b8-9d3c-c03ac9b867dc,bot,TeamLogo,False,False,https://factorassets.global.ssl.fastly.net/teamlogo/esports:team:3487c85a-b058-41ae-8899-892c30857213/latest.png,TeamStandings,6,3,esports:series:640d69ec-51eb-4664-98d1-ebaea97ad967,TeamDetails,346,Movistar Riders,TeamLogo,False,False,https://factorassets.global.ssl.fastly.net/teamlogo/esports:team:3487c85a-b058-41ae-8899-892c30857213/latest.png,esports:team:3487c85a-b058-41ae-8899-892c30857213,esports:team:3487c85a-b058-41ae-8899-892c30857213,TeamRank,0.5032315316058539,9,esports:team:3487c85a-b058-41ae-8899-892c30857213,Tournament,Series,LVP Superliga,esports:series:640d69ec-51eb-4664-98d1-ebaea97ad967,esports:tournament:0a4b3637-8c28-4c69-9b17-5b662bbee738,Tournament,Series,LVP Superliga,esports:series:640d69ec-51eb-4664-98d1-ebaea97ad967,esports:tournament:3e9a2d21-65ab-46fc-869d-aca26c8cf67b,Tournament,Series,LVP Superliga,esports:series:640d69ec-51eb-4664-98d1-ebaea97ad967,esports:tournament:ce5097a4-95ef-466a-9260-950316b055b0,Tournament,2023-03-16,1675778492,Spring,Season,LVP Superliga 2023,2023,esports:season:9f752073-a8df-4293-8d68-def3477bef79,Series,LVP Superliga,esports:series:640d69ec-51eb-4664-98d1-ebaea97ad967,2023-01-15,B-Tier,B-Tier,4,esports:tournament:0a4b3637-8c28-4c69-9b17-5b662bbee738,1,False,8580600,statistics,LVP Superliga,PaginatedPlayerPicksResponse,TeamChampionPicks,0,MonkeyKing,4,4,0,0,TeamChampionPicks,0,Maokai,4,4,0,0,TeamChampionPicks,0,Xayah,3,3,0,1,TeamChampionPicks,0,Azir,3,3,0,1,TeamChampionPicks,0,Varus,3,3,0,0,TeamChampionPicks,0,Fiora,3,3,0,0,TeamChampionPicks,0,Nautilus,2,2,0,0,TeamChampionPicks,0,Gnar,2,2,0,0,TeamChampionPicks,0,Viego,2,2,0,0,TeamChampionPicks,0,Yuumi,2,2,0,0,TeamChampionPicks,0,Zeri,2,2,0,0,TeamChampionPicks,0,Caitlyn,2,2,0,0,TeamChampionPicks,0,Akali,2,2,0,0,TeamChampionPicks,0,Jayce,2,2,0,0,TeamChampionPicks,0,Karma,2,2,0,0,TeamChampionPicks,0,Syndra,2,2,0,0,TeamChampionPicks,0,KSante,2,2,0,0,TeamChampionPicks,0,Ornn,1,1,0,0,TeamChampionPicks,0,Rakan,1,1,0,1,TeamChampionPicks,0,Renata,1,1,0,0,TeamChampionPicks,0,Ryze,1,1,0,0,TeamChampionPicks,0,Sejuani,1,1,0,0,TeamChampionPicks,0,Sivir,1,1,0,0,TeamChampionPicks,0,Sylas,1,1,0,0,TeamChampionPicks,0,Taliyah,1,1,0,0,TeamChampionPicks,0,Thresh,1,1,0,0,TeamChampionPicks,0,Trundle,1,1,0,0,TeamChampionPicks,0,Vex,1,1,0,0,TeamChampionPicks,0,Vi,1,1,0,0,TeamChampionPicks,0,Yone,1,1,0,0,TeamChampionPicks,0,Ziggs,1,1,0,0,TeamChampionPicks,0,Alistar,1,1,0,0,TeamChampionPicks,0,Aphelios,1,1,0,0,TeamChampionPicks,0,Ashe,1,1,0,0,TeamChampionPicks,0,Camille,1,1,0,0,TeamChampionPicks,0,Ezreal,1,1,0,0,TeamChampionPicks,0,Gragas,1,1,0,1,TeamChampionPicks,0,Gwen,1,1,0,0,TeamChampionPicks,0,LeeSin,1,1,0,1,TeamChampionPicks,0,Leona,1,1,0,0,TeamChampionPicks,0,Lillia,1,1,0,0,TeamChampionPicks,0,Lissandra,1,1,0,0,TeamChampionPicks,0,Lucian,1,1,0,0,TeamChampionPicks,0,Lulu,1,1,0,0,TeamChampionPicks,0,Lux,1,1,0,0,TeamChampionPicks,0,Nami,1,1,0,0,TeamChampionPicks,0,Olaf,1,1,0,0,47,72,PaginatedPlayerPicksResponse,TeamChampionPicks,0,Varus,3,3,0,0,TeamChampionPicks,0,Xayah,3,3,0,1,TeamChampionPicks,0,Zeri,2,2,0,0,TeamChampionPicks,0,Caitlyn,2,2,0,0,TeamChampionPicks,0,Aphelios,1,1,0,0,TeamChampionPicks,0,Ziggs,1,1,0,0,TeamChampionPicks,0,Ezreal,1,1,0,0,TeamChampionPicks,0,Lucian,1,1,0,0,TeamChampionPicks,0,Sivir,1,1,0,0,9,15,PaginatedPlayerPicksResponse,TeamChampionPicks,0,MonkeyKing,4,4,0,0,TeamChampionPicks,0,Maokai,4,4,0,0,TeamChampionPicks,0,Viego,2,2,0,0,TeamChampionPicks,0,Trundle,1,1,0,0,TeamChampionPicks,0,Vi,1,1,0,0,TeamChampionPicks,0,Sejuani,1,1,0,0,TeamChampionPicks,0,Lillia,1,1,0,0,TeamChampionPicks,0,LeeSin,1,1,0,1,8,15,PaginatedPlayerPicksResponse,TeamChampionPicks,0,Azir,3,3,0,1,TeamChampionPicks,0,Syndra,2,2,0,0,TeamChampionPicks,0,Jayce,2,2,0,0,TeamChampionPicks,0,Akali,1,1,0,0,TeamChampionPicks,0,Taliyah,1,1,0,0,TeamChampionPicks,0,Vex,1,1,0,0,TeamChampionPicks,0,Yone,1,1,0,0,TeamChampionPicks,0,Lissandra,1,1,0,0,TeamChampionPicks,0,Ryze,1,1,0,0,TeamChampionPicks,0,Sylas,1,1,0,0,10,14,PaginatedPlayerPicksResponse,TeamChampionPicks,0,Nautilus,2,2,0,0,TeamChampionPicks,0,Karma,2,2,0,0,TeamChampionPicks,0,Yuumi,2,2,0,0,TeamChampionPicks,0,Lulu,1,1,0,0,TeamChampionPicks,0,Lux,1,1,0,0,TeamChampionPicks,0,Alistar,1,1,0,0,TeamChampionPicks,0,Rakan,1,1,0,1,TeamChampionPicks,0,Renata,1,1,0,0,TeamChampionPicks,0,Thresh,1,1,0,0,TeamChampionPicks,0,Nami,1,1,0,0,TeamChampionPicks,0,Ashe,1,1,0,0,TeamChampionPicks,0,Leona,1,1,0,0,12,15,PaginatedPlayerPicksResponse,TeamChampionPicks,0,Fiora,3,3,0,0,TeamChampionPicks,0,Jayce,2,2,0,0,TeamChampionPicks,0,KSante,2,2,0,0,TeamChampionPicks,0,Gnar,2,2,0,0,TeamChampionPicks,0,Olaf,1,1,0,0,TeamChampionPicks,0,Akali,1,1,0,0,TeamChampionPicks,0,Ornn,1,1,0,0,TeamChampionPicks,0,Camille,1,1,0,0,TeamChampionPicks,0,Gragas,1,1,0,1,TeamChampionPicks,0,Gwen,1,1,0,0,10,15,AveragePlayerStats,3.888888888888889,269.69028872940646,3,3.084261855316853,577.6926995422649,14063,5116.555555555556,-322.1111111111111,0.6666666666666666,2.444444444444444,309,9.62342380952381,7.3305066269841275,24.89444457160102,10.11111111111111,0.2222222222222222,36.18332894643148,10.444444444444445,12.444444444444445,0.1111111111111111,Odi11,esports:player:3fe1e5a1-1608-4dd4-b268-7ed16e8f04ca,1,,2023,,AveragePlayerStats,3.6666666666666665,320.68832864873025,3.933333333333333,10.597405552697275,428.59749479807965,13546.6,5107.133333333333,-455.3333333333333,1.2666666666666666,2.533333333333333,271.8,6.548802670940171,4.911766287878788,13.099999650319416,10.133333333333333,0.06666666666666667,40.52672030131022,5.866666666666667,11.333333333333334,0.06666666666666667,Dreedy,esports:player:66073468-d1ea-4ac2-bdda-0f5ca58fb96e,2,,2023,,AveragePlayerStats,4.333333333333333,261.2685552438894,2.8333333333333335,10.363634542784089,512.6052623193538,13480.166666666668,5026.833333333333,-416.5,0.3333333333333333,2.6666666666666665,276.6666666666667,8.552731481481482,8.834222083333334,19.39167022705078,8.666666666666666,0,42.55719439188639,7.833333333333333,4.333333333333333,0,nash1c,esports:player:07c1121d-1afa-4bfe-8fce-2f4bde65016a,3,,2023,,AveragePlayerStats,4.333333333333333,329.6581233080919,3.3333333333333335,0,447.0461169203846,12686.6,5218.533333333334,-279.46666666666664,0.7333333333333333,2.3333333333333335,270.73333333333335,6.87880246031746,10.21065881834215,6.029999868075053,11,0.13333333333333333,34.71004447937012,5.666666666666667,11.866666666666667,0.13333333333333333,Hydra,esports:player:6ae2d77a-e85d-4372-8664-4b72045840c2,4,,2023,,AveragePlayerStats,5.333333333333333,335.7497401578497,3.1333333333333333,10.795494632061535,430.67820224609045,11679.333333333332,5128.8,153.13333333333333,0.4,3.066666666666667,29.866666666666667,7.968189273504274,6.408352839506174,161.0066360473633,10.666666666666666,0,53.02451718648275,14.133333333333333,3.3333333333333335,0.13333333333333333,Akre,esports:player:270a14d2-9c85-4a8f-982b-14c9f1261c53,5,,2023,,AveragePlayerStats,13,87.58251953125,7,0,115.44273967081867,8945,3466,-1206,2,1,22,5.352866666666666,,0,11,0,99.70343780517578,16,51,0,,esports:player:3013094d-0df0-4457-b6ad-4729331d3e24,6,,2023,,AveragePlayerStats,7.75,144.36510462087082,3,149.1275872478003,176.77117663904448,8242,3272.5,-189.5,0,0.5,15.5,5.155943981481482,,0,13.25,0,103.69460582733154,11.25,57.5,0,Nio,esports:player:4d19f42c-5f47-45ba-87d1-c3c54b259009,7,,2023,,AveragePlayerStats,6.3,87.95142003602544,3.9,68.85291432219948,163.0213229217408,7437,3274.4,-354.3,0.4,0.8,30.8,5.238679753086419,10.603597222222222,0.04000000059604645,12.2,0,87.2162021636963,9,29.1,0,Mystiques,esports:player:3013094d-0df0-4457-b6ad-4729331d3e24,8,,2023,,PlayerRank,16,,SuperLiga,Akre,PlayerDetails,692552,Pascal Akremi,,Akre,esports:player:270a14d2-9c85-4a8f-982b-14c9f1261c53,0.433697274185766,1,0.4433929873685304,jng,GSNS,TeamDetails,2059094,Guasones,TeamLogo,False,False,https://factorassets.global.ssl.fastly.net/teamlogo/esports:team:c7ec3134-6f8f-4717-a4fc-29831f0c6a55/latest.png,esports:team:c7ec3134-6f8f-4717-a4fc-29831f0c6a55,esports:team:c7ec3134-6f8f-4717-a4fc-29831f0c6a55,PlayerRank,7,,SuperLiga,nash1c,PlayerDetails,1266,Diego José García Dorta,,nash1c,esports:player:07c1121d-1afa-4bfe-8fce-2f4bde65016a,0.43143616231846166,2,0.4427854807308755,bot,GSNS,TeamDetails,2059094,Guasones,TeamLogo,False,False,https://factorassets.global.ssl.fastly.net/teamlogo/esports:team:c7ec3134-6f8f-4717-a4fc-29831f0c6a55/latest.png,esports:team:c7ec3134-6f8f-4717-a4fc-29831f0c6a55,esports:team:c7ec3134-6f8f-4717-a4fc-29831f0c6a55,PlayerRank,156,,SuperLiga,Odi11,PlayerDetails,2219,Adrian Kruk,https://factorassets.global.ssl.fastly.net/player-headshots/default.png,Odi11,esports:player:3fe1e5a1-1608-4dd4-b268-7ed16e8f04ca,0.4422965158745027,3,0.4422965158745027,bot,GSNS,TeamDetails,2059094,Guasones,TeamLogo,False,False,https://factorassets.global.ssl.fastly.net/teamlogo/esports:team:c7ec3134-6f8f-4717-a4fc-29831f0c6a55/latest.png,esports:team:c7ec3134-6f8f-4717-a4fc-29831f0c6a55,esports:team:c7ec3134-6f8f-4717-a4fc-29831f0c6a55,PlayerRank,16,,SuperLiga,Hydra,PlayerDetails,698813,Raúl  Moreno Valero,,Hydra,esports:player:6ae2d77a-e85d-4372-8664-4b72045840c2,0.42031293214003135,4,0.42882198007250716,mid,GSNS,TeamDetails,2059094,Guasones,TeamLogo,False,False,https://factorassets.global.ssl.fastly.net/teamlogo/esports:team:c7ec3134-6f8f-4717-a4fc-29831f0c6a55/latest.png,esports:team:c7ec3134-6f8f-4717-a4fc-29831f0c6a55,esports:team:c7ec3134-6f8f-4717-a4fc-29831f0c6a55,PlayerRank,149,,SuperLiga,Dreedy,PlayerDetails,1552,Jakub Viceník,https://factorassets.global.ssl.fastly.net/player-headshots/esports:player:66073468-d1ea-4ac2-bdda-0f5ca58fb96e/latest.png,Dreedy,esports:player:66073468-d1ea-4ac2-bdda-0f5ca58fb96e,0.4206607950707981,5,0.4223693635707371,top,GSNS,TeamDetails,2059094,Guasones,TeamLogo,False,False,https://factorassets.global.ssl.fastly.net/teamlogo/esports:team:c7ec3134-6f8f-4717-a4fc-29831f0c6a55/latest.png,esports:team:c7ec3134-6f8f-4717-a4fc-29831f0c6a55,esports:team:c7ec3134-6f8f-4717-a4fc-29831f0c6a55,PlayerRank,102,,SuperLiga,Mystiques,PlayerDetails,2053,Patryk Piorkowski,https://factorassets.global.ssl.fastly.net/player-headshots/default.png,Mystiques,esports:player:3013094d-0df0-4457-b6ad-4729331d3e24,0.38879126074385845,6,0.39567036007611134,sup,GSNS,TeamDetails,2059094,Guasones,TeamLogo,False,False,https://factorassets.global.ssl.fastly.net/teamlogo/esports:team:c7ec3134-6f8f-4717-a4fc-29831f0c6a55/latest.png,esports:team:c7ec3134-6f8f-4717-a4fc-29831f0c6a55,esports:team:c7ec3134-6f8f-4717-a4fc-29831f0c6a55,PlayerRank,5,,SuperLiga,Nio,PlayerDetails,692553,Nick Kartamyschew,,Nio,esports:player:4d19f42c-5f47-45ba-87d1-c3c54b259009,0.38585927832554096,7,0.38585927832554096,sup,GSNS,TeamDetails,2059094,Guasones,TeamLogo,False,False,https://factorassets.global.ssl.fastly.net/teamlogo/esports:team:c7ec3134-6f8f-4717-a4fc-29831f0c6a55/latest.png,esports:team:c7ec3134-6f8f-4717-a4fc-29831f0c6a55,esports:team:c7ec3134-6f8f-4717-a4fc-29831f0c6a55,AverageTeamStats,24.533333333333335,0.6,1355.3882633415374,17.2,113.05821059594227,2021.495583647282,1.4666666666666668,0.4,59494.6,23821.8,-1308.6666666666667,0.4,3.3333333333333335,11.2,894.6,1.7800068217293339,2.343776387701545,202.8566370666027,53.733333333333334,0.3333333333333333,-0.4666666666666667,4.266666666666667,0.2,259.43708260854083,45.13333333333333,73.86666666666666,0.4,0.26666666666666666,0.3333333333333333,1,2023,False,,esports:team:c7ec3134-6f8f-4717-a4fc-29831f0c6a55,Spring,24.533333333333335,0.6,1355.3882633415374,17.2,113.05821059594227,2021.495583647282,1.4666666666666668,0.4,59494.6,23821.8,-1308.6666666666667,0.4,3.3333333333333335,11.2,894.6,1.7800068217293339,2.343776387701545,202.8566370666027,53.733333333333334,0.3333333333333333,-0.4666666666666667,4.266666666666667,0.2,259.43708260854083,45.13333333333333,73.86666666666666,0.4,0.26666666666666666,0.3333333333333333,1,Career Average,PlayerRankings,447.0461169203846,0,329.6581233080919,12686.6,5218.533333333334,-279.46666666666664,15,Hydra,PlayerDetails,698813,,Hydra,esports:player:6ae2d77a-e85d-4372-8664-4b72045840c2,esports:player:6ae2d77a-e85d-4372-8664-4b72045840c2,1,mid,65,59491.677185058594,50,2,35,4061,2,11,PlayerRankings,577.6926995422649,0,269.69028872940646,14063,5116.555555555556,-322.1111111111111,9,Odi11,PlayerDetails,2219,https://factorassets.global.ssl.fastly.net/player-headshots/default.png,Odi11,esports:player:3fe1e5a1-1608-4dd4-b268-7ed16e8f04ca,esports:player:3fe1e5a1-1608-4dd4-b268-7ed16e8f04ca,1,bot,35,30704.359451293945,27,1,22,2781,2,6,PlayerRankings,428.59749479807965,0,320.68832864873025,13546.6,5107.133333333333,-455.3333333333333,15,Dreedy,PlayerDetails,1552,https://factorassets.global.ssl.fastly.net/player-headshots/esports:player:66073468-d1ea-4ac2-bdda-0f5ca58fb96e/latest.png,Dreedy,esports:player:66073468-d1ea-4ac2-bdda-0f5ca58fb96e,esports:player:66073468-d1ea-4ac2-bdda-0f5ca58fb96e,3,top,55,59622.60675048828,59,1,38,4077,1,19,PlayerRankings,512.6052623193538,0,261.2685552438894,13480.166666666668,5026.833333333333,-416.5,6,nash1c,PlayerDetails,1266,,nash1c,esports:player:07c1121d-1afa-4bfe-8fce-2f4bde65016a,esports:player:07c1121d-1afa-4bfe-8fce-2f4bde65016a,4,bot,26,18951.379150390625,17,0,16,1660,0,2,PlayerRankings,176.77117663904448,85.89668438566005,144.36510462087082,8242,3272.5,-189.5,4,Nio,PlayerDetails,692553,,Nio,esports:player:4d19f42c-5f47-45ba-87d1-c3c54b259009,esports:player:4d19f42c-5f47-45ba-87d1-c3c54b259009,4,sup,31,7930.429443359375,12,0,2,62,0,0,PlayerRankings,163.0213229217408,53.60897636286902,87.95142003602544,7437,3274.4,-354.3,10,Mystiques,PlayerDetails,2053,https://factorassets.global.ssl.fastly.net/player-headshots/default.png,Mystiques,esports:player:3013094d-0df0-4457-b6ad-4729331d3e24,esports:player:3013094d-0df0-4457-b6ad-4729331d3e24,4,sup,63,9733.903259277344,39,0,8,308,0,4,PlayerRankings,430.67820224609045,6.570213615954258,335.7497401578497,11679.333333333332,5128.8,153.13333333333333,15,Akre,PlayerDetails,692552,,Akre,esports:player:270a14d2-9c85-4a8f-982b-14c9f1261c53,esports:player:270a14d2-9c85-4a8f-982b-14c9f1261c53,4,jng,80,68674.61459350586,47,2,46,448,0,6,PlayerRankings,115.44273967081867,140.46063022069754,87.58251953125,8945,3466,-1206,1,,PlayerDetails,2053,https://factorassets.global.ssl.fastly.net/player-headshots/default.png,Mystiques,esports:player:3013094d-0df0-4457-b6ad-4729331d3e24,esports:player:3013094d-0df0-4457-b6ad-4729331d3e24,4,sup,13,1313.73779296875,7,0,1,22,0,2,PaginatedPlayerPicksResponse,TeamChampionPicks,0,Gnar,5,5,0,4,TeamChampionPicks,0,Sejuani,5,5,0,4,TeamChampionPicks,0,Sylas,4,4,0,3,TeamChampionPicks,0,Renata,4,4,0,4,TeamChampionPicks,0,Xayah,3,3,0,3,TeamChampionPicks,0,MonkeyKing,3,3,0,1,TeamChampionPicks,0,Caitlyn,3,3,0,3,TeamChampionPicks,0,Jax,3,3,0,1,TeamChampionPicks,0,Sion,2,2,0,1,TeamChampionPicks,0,Camille,2,2,0,1,TeamChampionPicks,0,Elise,2,2,0,1,TeamChampionPicks,0,Ezreal,2,2,0,0,TeamChampionPicks,0,Fiora,2,2,0,1,TeamChampionPicks,0,Maokai,2,2,0,1,TeamChampionPicks,0,Nidalee,2,2,0,1,TeamChampionPicks,0,Rakan,2,2,0,1,TeamChampionPicks,0,Ryze,2,2,0,2,TeamChampionPicks,0,Thresh,2,2,0,1,TeamChampionPicks,0,Varus,2,2,0,1,TeamChampionPicks,0,Kalista,1,1,0,0,TeamChampionPicks,0,Karma,1,1,0,0,TeamChampionPicks,0,Kassadin,1,1,0,0,TeamChampionPicks,0,Zoe,1,1,0,1,TeamChampionPicks,0,Braum,1,1,0,1,TeamChampionPicks,0,Nautilus,1,1,0,1,TeamChampionPicks,0,Viktor,1,1,0,0,TeamChampionPicks,0,Annie,1,1,0,0,TeamChampionPicks,0,Ashe,1,1,0,1,TeamChampionPicks,0,Renekton,1,1,0,1,TeamChampionPicks,0,Yasuo,1,1,0,1,TeamChampionPicks,0,Alistar,1,1,0,0,TeamChampionPicks,0,Aphelios,1,1,0,0,TeamChampionPicks,0,TahmKench,1,1,0,0,TeamChampionPicks,0,Zeri,1,1,0,0,TeamChampionPicks,0,Tristana,1,1,0,0,TeamChampionPicks,0,Galio,1,1,0,0,TeamChampionPicks,0,Gragas,1,1,0,1,TeamChampionPicks,0,Gwen,1,1,0,1,TeamChampionPicks,0,Diana,1,1,0,1,TeamChampionPicks,0,Jayce,1,1,0,0,TeamChampionPicks,0,Kaisa,1,1,0,1,41,74,PaginatedPlayerPicksResponse,TeamChampionPicks,0,Xayah,3,3,0,3,TeamChampionPicks,0,Caitlyn,3,3,0,3,TeamChampionPicks,0,Ezreal,2,2,0,0,TeamChampionPicks,0,Varus,2,2,0,1,TeamChampionPicks,0,Aphelios,1,1,0,0,TeamChampionPicks,0,Zeri,1,1,0,0,TeamChampionPicks,0,Ashe,1,1,0,1,TeamChampionPicks,0,Kaisa,1,1,0,1,TeamChampionPicks,0,Kalista,1,1,0,0,9,15,PaginatedPlayerPicksResponse,TeamChampionPicks,0,Sejuani,5,5,0,4,TeamChampionPicks,0,MonkeyKing,3,3,0,1,TeamChampionPicks,0,Elise,2,2,0,1,TeamChampionPicks,0,Maokai,2,2,0,1,TeamChampionPicks,0,Nidalee,2,2,0,1,TeamChampionPicks,0,Diana,1,1,0,1,6,15,PaginatedPlayerPicksResponse,TeamChampionPicks,0,Sylas,4,4,0,3,TeamChampionPicks,0,Ryze,2,2,0,2,TeamChampionPicks,0,Jayce,1,1,0,0,TeamChampionPicks,0,Kassadin,1,1,0,0,TeamChampionPicks,0,Renekton,1,1,0,1,TeamChampionPicks,0,Tristana,1,1,0,0,TeamChampionPicks,0,Viktor,1,1,0,0,TeamChampionPicks,0,Yasuo,1,1,0,1,TeamChampionPicks,0,Galio,1,1,0,0,TeamChampionPicks,0,Zoe,1,1,0,1,TeamChampionPicks,0,Gragas,1,1,0,1,11,15,PaginatedPlayerPicksResponse,TeamChampionPicks,0,Renata,4,4,0,4,TeamChampionPicks,0,Rakan,2,2,0,1,TeamChampionPicks,0,Thresh,2,2,0,1,TeamChampionPicks,0,Braum,1,1,0,1,TeamChampionPicks,0,Karma,1,1,0,0,TeamChampionPicks,0,Alistar,1,1,0,0,TeamChampionPicks,0,TahmKench,1,1,0,0,TeamChampionPicks,0,Nautilus,1,1,0,1,TeamChampionPicks,0,Annie,1,1,0,0,TeamChampionPicks,0,Ashe,1,1,0,1,10,15,PaginatedPlayerPicksResponse,TeamChampionPicks,0,Gnar,5,5,0,4,TeamChampionPicks,0,Jax,3,3,0,1,TeamChampionPicks,0,Camille,2,2,0,1,TeamChampionPicks,0,Fiora,2,2,0,1,TeamChampionPicks,0,Sion,2,2,0,1,TeamChampionPicks,0,Gwen,1,1,0,1,6,15,AveragePlayerStats,5.8,427.95507507865983,2.066666666666667,10.791782493561758,667.7206220145083,15268.2,6039.866666666667,875.5333333333333,0.3333333333333333,5.666666666666667,281.2,7.641107777777778,5.314156224046016,25.80666799545288,9.4,0.26666666666666666,45.13841196695964,12,9.8,0.2,Supa,esports:player:fa2cf1f9-14d1-47b8-9d3c-c03ac9b867dc,1,,2023,,AveragePlayerStats,5.333333333333333,248.3795380228793,1.0666666666666667,0.40327636193019445,485.10822643584635,14499.066666666668,5852.2,447.6,0.26666666666666666,4.866666666666667,294.4,10.595956666666668,6.172681323260074,15.929999669392904,9.933333333333334,0.4666666666666667,39.83897247314453,5.8,10.6,0.26666666666666666,Fresskowy,esports:player:56169834-7d39-4738-8571-72638e674c2d,2,,2023,,AveragePlayerStats,3.8666666666666667,315.0986836043301,2.3333333333333335,0.6413866500612286,463.9287955399922,13027.533333333333,5217.2,-52.53333333333333,0.8666666666666667,2.533333333333333,268.1333333333333,8.068059201388888,4.690321527777777,5.886666679382325,9.733333333333333,0.4,32.44492848714193,5.6,9.466666666666667,0.06666666666666667,Marky,esports:player:a49038af-c91d-43e6-8067-321086547816,3,,2023,,AveragePlayerStats,9.133333333333333,212.87060435095944,2.466666666666667,46.59684338438724,395.2470202288358,11489.066666666668,5179.866666666667,509.26666666666665,0.4666666666666667,3.533333333333333,25.933333333333334,10.75532502777778,4.993998632478632,150.42332661946614,9.466666666666667,0.2,46.87281977335612,11.066666666666666,8,0.13333333333333333,Isma,esports:player:3dce05a4-b84d-4b81-9d36-f2beb2823a54,4,,2023,,AveragePlayerStats,12.8,117.23003548475502,3.2,35.732730886617624,212.39483978465216,8546.8,3704.866666666667,276.8666666666667,0.3333333333333333,0.8666666666666667,31.2,7.85356085648148,5.0198583333333335,0.5933333337306976,11.8,0,103.35329182942708,13.866666666666667,42.666666666666664,0,Alvaro,esports:player:ed5ead98-8dc4-48b1-818a-eecac0c060e9,5,,2023,,PlayerRank,120,,SuperLiga,Fresskowy,PlayerDetails,1154,Bartlomiej Przewoznik,https://factorassets.global.ssl.fastly.net/player-headshots/esports:player:56169834-7d39-4738-8571-72638e674c2d/latest.png,Fresskowy,esports:player:56169834-7d39-4738-8571-72638e674c2d,0.525601822930497,1,0.5346093230761526,mid,MRS,TeamDetails,346,Movistar Riders,TeamLogo,False,False,https://factorassets.global.ssl.fastly.net/teamlogo/esports:team:3487c85a-b058-41ae-8899-892c30857213/latest.png,esports:team:3487c85a-b058-41ae-8899-892c30857213,esports:team:3487c85a-b058-41ae-8899-892c30857213,PlayerRank,120,,SuperLiga,Supa,PlayerDetails,1422,David Martinez Garcia,https://factorassets.global.ssl.fastly.net/player-headshots/esports:player:fa2cf1f9-14d1-47b8-9d3c-c03ac9b867dc/latest.png,Supa,esports:player:fa2cf1f9-14d1-47b8-9d3c-c03ac9b867dc,0.5204824573526834,2,0.52912738855353,bot,MRS,TeamDetails,346,Movistar Riders,TeamLogo,False,False,https://factorassets.global.ssl.fastly.net/teamlogo/esports:team:3487c85a-b058-41ae-8899-892c30857213/latest.png,esports:team:3487c85a-b058-41ae-8899-892c30857213,esports:team:3487c85a-b058-41ae-8899-892c30857213,PlayerRank,69,,SuperLiga,Isma,PlayerDetails,3139,Ismaïl Boualem,https://factorassets.global.ssl.fastly.net/player-headshots/default.png,Isma,esports:player:3dce05a4-b84d-4b81-9d36-f2beb2823a54,0.5201361145152944,3,0.5281721364439473,jng,MRS,TeamDetails,346,Movistar Riders,TeamLogo,False,False,https://factorassets.global.ssl.fastly.net/teamlogo/esports:team:3487c85a-b058-41ae-8899-892c30857213/latest.png,esports:team:3487c85a-b058-41ae-8899-892c30857213,esports:team:3487c85a-b058-41ae-8899-892c30857213,PlayerRank,120,,SuperLiga,Marky,PlayerDetails,1383,Pedro Jose Serrano,https://factorassets.global.ssl.fastly.net/player-headshots/esports:player:a49038af-c91d-43e6-8067-321086547816/latest.png,Marky,esports:player:a49038af-c91d-43e6-8067-321086547816,0.4830744790756044,4,0.4932771030701902,top,MRS,TeamDetails,346,Movistar Riders,TeamLogo,False,False,https://factorassets.global.ssl.fastly.net/teamlogo/esports:team:3487c85a-b058-41ae-8899-892c30857213/latest.png,esports:team:3487c85a-b058-41ae-8899-892c30857213,esports:team:3487c85a-b058-41ae-8899-892c30857213,PlayerRank,39,,SuperLiga,Alvaro,PlayerDetails,169479,Alvaro Fernandez del Amo,,Alvaro,esports:player:ed5ead98-8dc4-48b1-818a-eecac0c060e9,0.45689831797208574,5,0.4685560673919735,sup,MRS,TeamDetails,346,Movistar Riders,TeamLogo,False,False,https://factorassets.global.ssl.fastly.net/teamlogo/esports:team:3487c85a-b058-41ae-8899-892c30857213/latest.png,esports:team:3487c85a-b058-41ae-8899-892c30857213,esports:team:3487c85a-b058-41ae-8899-892c30857213,AverageTeamStats,36.93333333333333,1.2666666666666666,1321.5339365415837,11.133333333333333,94.16601977655803,2224.399504003835,3.2,1.4,62830.666666666664,25994,2056.733333333333,1.3333333333333333,2.2666666666666666,17.466666666666665,900.8666666666667,3.6691489870314054,2.0536858835470486,198.63999429742495,50.333333333333336,1.3333333333333333,0.26666666666666666,7.6,0.6,267.6484245300293,48.333333333333336,80.53333333333333,0.6666666666666666,0.8,0.8,1,2023,False,,esports:team:3487c85a-b058-41ae-8899-892c30857213,Spring,AverageTeamStats,27.333333333333332,0.5555555555555556,1366.4126804065734,17.444444444444443,81.22516726853095,2056.713973940783,2.3333333333333335,1,57985.27777777778,24433.944444444445,-250.83333333333334,0.6111111111111112,3.555555555555556,11.944444444444445,834.8333333333334,1.9775498844925643,3.090568808937313,201.58333588971033,49.77777777777778,1,0.1111111111111111,5,0.5,239.8572974734836,43.333333333333336,110.22222222222223,0.4444444444444444,0.5555555555555556,0.5,2,2022,False,,esports:team:3487c85a-b058-41ae-8899-892c30857213,Summer,AverageTeamStats,29.272727272727273,0.5454545454545454,1214.487777357847,15.227272727272727,34.94057129801718,1882.7204080754732,2.2727272727272725,1,55842.72727272727,24358.772727272728,-1040.5,0.7727272727272727,2.909090909090909,12.545454545454545,807.2272727272727,2.291636644302619,2.4499260191211967,208.14772057262334,48.5,0.7272727272727273,-0.22727272727272727,5.590909090909091,0.5454545454545454,224.19048109921542,41.77272727272727,100.4090909090909,0.45454545454545453,0.6363636363636364,0.5,3,2022,False,,esports:team:3487c85a-b058-41ae-8899-892c30857213,Spring,AverageTeamStats,35,0.9090909090909091,1350.9628697595367,14.727272727272727,96.85703519441468,5180.829087931752,2.8181818181818183,1.4545454545454546,59497.454545454544,25648.272727272728,679.5454545454545,1.2727272727272727,2.1818181818181817,15.363636363636363,819.3636363636364,2.1353492584381875,2.25702768246986,231.0681730102409,48.09090909090909,1.7272727272727273,0.36363636363636365,6.636363636363637,1,260.58933448791504,45.63636363636363,112.54545454545455,0.45454545454545453,0.8181818181818182,0.8181818181818182,4,2021,False,,esports:team:3487c85a-b058-41ae-8899-892c30857213,Summer Main Event,AverageTeamStats,43.333333333333336,1,2342.027974200375,13.666666666666666,63.503326386778,6571.98508536921,2.111111111111111,0.8888888888888888,56170.333333333336,27268.222222222223,2115.3333333333335,1.777777777777778,3,22.22222222222222,677.4444444444445,2.2622387674641513,1.4185232304253856,195.12223757637872,38.55555555555556,1.8888888888888888,0.5555555555555556,8.777777777777779,1.222222222222222,195.24437544080945,31.88888888888889,85.55555555555556,0.5555555555555556,0.3333333333333333,0.5555555555555556,5,2021,False,,esports:team:3487c85a-b058-41ae-8899-892c30857213,Summer Play-Ins,AverageTeamStats,22.333333333333332,0.3333333333333333,1228.2968985391042,14.333333333333334,14.336922185448444,1674.8205085276695,1.6666666666666667,1,46214,24166.666666666668,-934.3333333333334,0.6666666666666666,4,10.333333333333334,628,7.0567540458937215,2.175226124338624,174.08336130777994,40.666666666666664,0.6666666666666666,0,5.333333333333333,0.6666666666666666,178.4200522104899,33.666666666666664,92.33333333333333,0.3333333333333333,0.3333333333333333,0.3333333333333333,6,2021,False,,esports:team:3487c85a-b058-41ae-8899-892c30857213,Summer Season 21 Playoffs,AverageTeamStats,42.27777777777778,0.8888888888888888,1466.7546458778975,11.333333333333334,26.648169168695656,2085.8671529266267,2.888888888888889,0.9444444444444444,58979.88888888889,26276.88888888889,1815.2777777777778,1.1666666666666667,2.2777777777777777,19.88888888888889,773.0555555555555,2.5985158559598838,2.3540280312051585,228.25830706291728,44.111111111111114,1.6666666666666667,0.7777777777777778,7.555555555555555,1.1666666666666667,226.43170070648193,37.888888888888886,102.77777777777777,0.5555555555555556,0.6666666666666666,0.7222222222222222,7,2021,False,,esports:team:3487c85a-b058-41ae-8899-892c30857213,Summer Season 21,AverageTeamStats,28.181818181818183,0.7272727272727273,1362.2804526747616,13.090909090909092,56.335777949923084,1851.547079413018,2.409090909090909,0.7727272727272727,58645.90909090909,24380.409090909092,126.45454545454545,0.7727272727272727,2.090909090909091,12.545454545454545,854.2727272727273,3.320577701586982,2.272510923642454,236.14994379200718,50.81818181818182,0.8636363636363636,-0.09090909090909091,6.181818181818182,0.5,246.3859302780845,44.68181818181818,112.13636363636364,0.45454545454545453,0.5,0.5,8,2021,False,,esports:team:3487c85a-b058-41ae-8899-892c30857213,Spring,AverageTeamStats,37.166666666666664,0.5,1163.5684713974904,17.666666666666668,141.38131529123794,4528.486717876537,2.5,1,57206,24080.666666666668,-1282.3333333333333,1.3333333333333333,2.8333333333333335,15.333333333333334,794.8333333333334,1.7461533966439668,2.6647655691646315,208.2416526476542,43.166666666666664,0.8333333333333334,-0.3333333333333333,5.166666666666667,0.5,224.14920012156168,40.833333333333336,99,0.6666666666666666,0.5,0.3333333333333333,9,2020,False,,esports:team:3487c85a-b058-41ae-8899-892c30857213,Summer,AverageTeamStats,33.30769230769231,0.6153846153846154,1263.9499507150053,11.23076923076923,258.0275980209002,4194.2272320850025,3.076923076923077,1,57965.53846153846,24668.30769230769,351.9230769230769,1,2.4615384615384617,13.538461538461538,813.3076923076923,3.446207090748231,2.1574167198138294,229.57687837343948,46.84615384615385,0.46153846153846156,0,6.769230769230769,0.5384615384615384,240.7040950334989,44.23076923076923,105,0.6153846153846154,0.5384615384615384,0.6923076923076923,10,2020,False,,esports:team:3487c85a-b058-41ae-8899-892c30857213,Spring,33.51400155400155,0.7341647241647242,1408.0275657470174,13.985400155400153,86.74219025405041,3225.159675014991,2.5276923076923077,1.0460606060606061,57133.77960372961,25127.61511266511,363.7267521367521,1.0707070707070707,2.757668997668998,15.118189588189589,790.3204662004662,3.050413163256171,2.2893678992665505,211.08716045301767,46.086635586635595,1.116860916860917,0.14232323232323235,6.461165501165501,0.723947163947164,230.362089138157,41.22661227661227,100.05131313131314,0.5201243201243202,0.5681895881895882,0.5754933954933954,5.5,Career Average,PlayerRankings,485.10822643584635,2.353113978383258,248.3795380228793,14499.066666666668,5852.2,447.6,15,Fresskowy,PlayerDetails,1154,https://factorassets.global.ssl.fastly.net/player-headshots/esports:player:56169834-7d39-4738-8571-72638e674c2d/latest.png,Fresskowy,esports:player:56169834-7d39-4738-8571-72638e674c2d,esports:player:56169834-7d39-4738-8571-72638e674c2d,1,mid,80,52059.101989746094,16,4,73,4416,7,4,PlayerRankings,463.9287955399922,0,315.0986836043301,13027.533333333333,5217.2,-52.53333333333333,15,Marky,PlayerDetails,1383,https://factorassets.global.ssl.fastly.net/player-headshots/esports:player:a49038af-c91d-43e6-8067-321086547816/latest.png,Marky,esports:player:a49038af-c91d-43e6-8067-321086547816,esports:player:a49038af-c91d-43e6-8067-321086547816,2,top,58,55457.79303741455,35,1,38,4022,6,13,PlayerRankings,667.7206220145083,0,427.95507507865983,15268.2,6039.866666666667,875.5333333333333,15,Supa,PlayerDetails,1422,https://factorassets.global.ssl.fastly.net/player-headshots/esports:player:fa2cf1f9-14d1-47b8-9d3c-c03ac9b867dc/latest.png,Supa,esports:player:fa2cf1f9-14d1-47b8-9d3c-c03ac9b867dc,esports:player:fa2cf1f9-14d1-47b8-9d3c-c03ac9b867dc,3,bot,87,87120.83780670166,31,3,85,4218,4,5,PlayerRankings,395.2470202288358,0,212.87060435095944,11489.066666666668,5179.866666666667,509.26666666666665,15,Isma,PlayerDetails,3139,https://factorassets.global.ssl.fastly.net/player-headshots/default.png,Isma,esports:player:3dce05a4-b84d-4b81-9d36-f2beb2823a54,esports:player:3dce05a4-b84d-4b81-9d36-f2beb2823a54,4,jng,137,42976.76163482666,37,2,53,389,3,7,PlayerRankings,212.39483978465216,111.02890442412883,117.23003548475502,8546.8,3704.866666666667,276.8666666666667,15,Alvaro,PlayerDetails,169479,,Alvaro,esports:player:ed5ead98-8dc4-48b1-818a-eecac0c060e9,esports:player:ed5ead98-8dc4-48b1-818a-eecac0c060e9,5,sup,192,22059.96738052368,48,0,13,468,0,5,TeamStandings,3,1,esports:series:640d69ec-51eb-4664-98d1-ebaea97ad967,TeamDetails,2078951,Team Heretics Academy,,esports:team:235ef658-c4d2-4b81-8568-29c242d63986,esports:team:235ef658-c4d2-4b81-8568-29c242d63986,,12,TeamStandings,3,1,esports:series:640d69ec-51eb-4664-98d1-ebaea97ad967,TeamDetails,2078961,Rebels Gaming,,esports:team:1aa7fbd6-0f05-44fc-bf7b-b633fb7c92b7,esports:team:1aa7fbd6-0f05-44fc-bf7b-b633fb7c92b7,TeamRank,0.5693481181699985,12,TeamStandings,6,2,esports:series:640d69ec-51eb-4664-98d1-ebaea97ad967,TeamDetails,125,Team Heretics,TeamLogo,True,False,https://factorassets.global.ssl.fastly.net/teamlogo/esports:team:2988dc7b-9a74-4534-b08c-fd933551b6f8/latest.png,esports:team:2988dc7b-9a74-4534-b08c-fd933551b6f8,esports:team:2988dc7b-9a74-4534-b08c-fd933551b6f8,TeamRank,0.5352272318877392,12,TeamStandings,6,3,esports:series:640d69ec-51eb-4664-98d1-ebaea97ad967,TeamDetails,346,Movistar Riders,TeamLogo,False,False,https://factorassets.global.ssl.fastly.net/teamlogo/esports:team:3487c85a-b058-41ae-8899-892c30857213/latest.png,esports:team:3487c85a-b058-41ae-8899-892c30857213,esports:team:3487c85a-b058-41ae-8899-892c30857213,TeamRank,0.5032315316058539,9,TeamStandings,6,3,esports:series:640d69ec-51eb-4664-98d1-ebaea97ad967,TeamDetails,445,FnaticTQ,TeamLogo,False,False,https://factorassets.global.ssl.fastly.net/teamlogo/esports:team:70f55523-c0a1-47d7-a0e6-1cb3af657539/latest.png,esports:team:70f55523-c0a1-47d7-a0e6-1cb3af657539,esports:team:70f55523-c0a1-47d7-a0e6-1cb3af657539,TeamRank,0.5226193500333279,9,TeamStandings,6,3,esports:series:640d69ec-51eb-4664-98d1-ebaea97ad967,TeamDetails,210,Barça Esports,TeamLogo,False,False,https://factorassets.global.ssl.fastly.net/teamlogo/esports:team:3e46ed10-4f2d-46b5-8271-607e5c105864/latest.png,esports:team:3e46ed10-4f2d-46b5-8271-607e5c105864,esports:team:3e46ed10-4f2d-46b5-8271-607e5c105864,TeamRank,0.4996855950199869,9,TeamStandings,8,3,esports:series:640d69ec-51eb-4664-98d1-ebaea97ad967,TeamDetails,165,G2 Arctic,TeamLogo,False,False,https://factorassets.global.ssl.fastly.net/teamlogo/esports:team:85f0508a-9608-4373-8148-aa10689c2509/latest.png,esports:team:85f0508a-9608-4373-8148-aa10689c2509,esports:team:85f0508a-9608-4373-8148-aa10689c2509,TeamRank,0.5085334347776821,10,TeamStandings,7,6,esports:series:640d69ec-51eb-4664-98d1-ebaea97ad967,TeamDetails,347,Bisons Eclub,TeamLogo,False,False,https://factorassets.global.ssl.fastly.net/teamlogo/esports:team:31e1012a-de54-482c-af1f-ad8540e0fb5b/latest.png,esports:team:31e1012a-de54-482c-af1f-ad8540e0fb5b,esports:team:31e1012a-de54-482c-af1f-ad8540e0fb5b,TeamRank,0.452721391625383,8,TeamStandings,9,6,esports:series:640d69ec-51eb-4664-98d1-ebaea97ad967,TeamDetails,438,KOI Academy,TeamLogo,False,False,https://factorassets.global.ssl.fastly.net/teamlogo/esports:team:a5cf6b27-a460-46f7-82e2-b74dd8b1f792/latest.png,esports:team:a5cf6b27-a460-46f7-82e2-b74dd8b1f792,esports:team:a5cf6b27-a460-46f7-82e2-b74dd8b1f792,TeamRank,0.4720108795878979,9,TeamStandings,9,7,esports:series:640d69ec-51eb-4664-98d1-ebaea97ad967,TeamDetails,317,Giants,TeamLogo,False,True,https://factorassets.global.ssl.fastly.net/teamlogo/esports:team:fdbf3220-5563-464b-9f3c-403995fa2fab/latest.png,esports:team:fdbf3220-5563-464b-9f3c-403995fa2fab,esports:team:fdbf3220-5563-464b-9f3c-403995fa2fab,TeamRank,0.48367719764064276,6,TeamStandings,10,8,esports:series:640d69ec-51eb-4664-98d1-ebaea97ad967,TeamDetails,246,UCAM Esports Club,TeamLogo,False,False,https://factorassets.global.ssl.fastly.net/teamlogo/esports:team:a70c544d-cdaf-461b-8c94-8f9b43cd2098/latest.png,esports:team:a70c544d-cdaf-461b-8c94-8f9b43cd2098,esports:team:a70c544d-cdaf-461b-8c94-8f9b43cd2098,TeamRank,0.4431634716554329,5,TeamStandings,13,9,esports:series:640d69ec-51eb-4664-98d1-ebaea97ad967,TeamDetails,454,MAD Lions Madrid,TeamLogo,False,True,https://factorassets.global.ssl.fastly.net/teamlogo/esports:team:27790e7a-0ea0-447e-b622-24d969a7148d/latest.png,esports:team:27790e7a-0ea0-447e-b622-24d969a7148d,esports:team:27790e7a-0ea0-447e-b622-24d969a7148d,TeamRank,0.43143672562452584,5,TeamStandings,11,9,esports:series:640d69ec-51eb-4664-98d1-ebaea97ad967,TeamDetails,2078954,KOI Academy,,esports:team:4a5b308c-5a10-4334-880b-30db8c43ba5e,esports:team:4a5b308c-5a10-4334-880b-30db8c43ba5e,,4,TeamStandings,14,10,esports:series:640d69ec-51eb-4664-98d1-ebaea97ad967,TeamDetails,2059094,Guasones,TeamLogo,False,False,https://factorassets.global.ssl.fastly.net/teamlogo/esports:team:c7ec3134-6f8f-4717-a4fc-29831f0c6a55/latest.png,esports:team:c7ec3134-6f8f-4717-a4fc-29831f0c6a55,esports:team:c7ec3134-6f8f-4717-a4fc-29831f0c6a55,TeamRank,0.40346624587721236,1,8580600,GUA-MRS,1,statistics,False
