,buildId,dynamicIds_0,dynamicIds_1,dynamicIds_2,dynamicIds_3,dynamicIds_4,dynamicIds_5,dynamicIds_6,dynamicIds_7,gssp,isFallback,page,props___N_SSP,props_pageProps_match_isPreMatch,props_pageProps_match_matchInfo___typename,props_pageProps_match_matchInfo_factorId,props_pageProps_match_matchInfo_lastModified,props_pageProps_match_matchInfo_matchStartDate,props_pageProps_match_matchInfo_matchState,props_pageProps_match_matchInfo_matchUrn,props_pageProps_match_matchInfo_prematchWinProbability___typename,props_pageProps_match_matchInfo_prematchWinProbability_team1Winprob,props_pageProps_match_matchInfo_prematchWinProbability_team2Winprob,props_pageProps_match_matchInfo_score___typename,props_pageProps_match_matchInfo_score_team1Score,props_pageProps_match_matchInfo_score_team2Score,props_pageProps_match_matchInfo_team1___typename,props_pageProps_match_matchInfo_team1_abbreviation,props_pageProps_match_matchInfo_team1_factorId,props_pageProps_match_matchInfo_team1_fullName,props_pageProps_match_matchInfo_team1_gameRecord_totalLost,props_pageProps_match_matchInfo_team1_gameRecord_totalWin,props_pageProps_match_matchInfo_team1_playerHistories_0___typename,props_pageProps_match_matchInfo_team1_playerHistories_0_playerDetails___typename,props_pageProps_match_matchInfo_team1_playerHistories_0_playerDetails_factorId,props_pageProps_match_matchInfo_team1_playerHistories_0_playerDetails_fullName,props_pageProps_match_matchInfo_team1_playerHistories_0_playerDetails_headshotUrl,props_pageProps_match_matchInfo_team1_playerHistories_0_playerDetails_name,props_pageProps_match_matchInfo_team1_playerHistories_0_playerDetails_perid,props_pageProps_match_matchInfo_team1_playerHistories_0_playerPerid,props_pageProps_match_matchInfo_team1_playerHistories_0_role,props_pageProps_match_matchInfo_team1_playerHistories_0_tournamentUrn,props_pageProps_match_matchInfo_team1_playerHistories_1___typename,props_pageProps_match_matchInfo_team1_playerHistories_1_playerDetails___typename,props_pageProps_match_matchInfo_team1_playerHistories_1_playerDetails_factorId,props_pageProps_match_matchInfo_team1_playerHistories_1_playerDetails_fullName,props_pageProps_match_matchInfo_team1_playerHistories_1_playerDetails_headshotUrl,props_pageProps_match_matchInfo_team1_playerHistories_1_playerDetails_name,props_pageProps_match_matchInfo_team1_playerHistories_1_playerDetails_perid,props_pageProps_match_matchInfo_team1_playerHistories_1_playerPerid,props_pageProps_match_matchInfo_team1_playerHistories_1_role,props_pageProps_match_matchInfo_team1_playerHistories_1_tournamentUrn,props_pageProps_match_matchInfo_team1_playerHistories_2___typename,props_pageProps_match_matchInfo_team1_playerHistories_2_playerDetails___typename,props_pageProps_match_matchInfo_team1_playerHistories_2_playerDetails_factorId,props_pageProps_match_matchInfo_team1_playerHistories_2_playerDetails_fullName,props_pageProps_match_matchInfo_team1_playerHistories_2_playerDetails_headshotUrl,props_pageProps_match_matchInfo_team1_playerHistories_2_playerDetails_name,props_pageProps_match_matchInfo_team1_playerHistories_2_playerDetails_perid,props_pageProps_match_matchInfo_team1_playerHistories_2_playerPerid,props_pageProps_match_matchInfo_team1_playerHistories_2_role,props_pageProps_match_matchInfo_team1_playerHistories_2_tournamentUrn,props_pageProps_match_matchInfo_team1_playerHistories_3___typename,props_pageProps_match_matchInfo_team1_playerHistories_3_playerDetails___typename,props_pageProps_match_matchInfo_team1_playerHistories_3_playerDetails_factorId,props_pageProps_match_matchInfo_team1_playerHistories_3_playerDetails_fullName,props_pageProps_match_matchInfo_team1_playerHistories_3_playerDetails_headshotUrl,props_pageProps_match_matchInfo_team1_playerHistories_3_playerDetails_name,props_pageProps_match_matchInfo_team1_playerHistories_3_playerDetails_perid,props_pageProps_match_matchInfo_team1_playerHistories_3_playerPerid,props_pageProps_match_matchInfo_team1_playerHistories_3_role,props_pageProps_match_matchInfo_team1_playerHistories_3_tournamentUrn,props_pageProps_match_matchInfo_team1_playerHistories_4___typename,props_pageProps_match_matchInfo_team1_playerHistories_4_playerDetails___typename,props_pageProps_match_matchInfo_team1_playerHistories_4_playerDetails_factorId,props_pageProps_match_matchInfo_team1_playerHistories_4_playerDetails_fullName,props_pageProps_match_matchInfo_team1_playerHistories_4_playerDetails_headshotUrl,props_pageProps_match_matchInfo_team1_playerHistories_4_playerDetails_name,props_pageProps_match_matchInfo_team1_playerHistories_4_playerDetails_perid,props_pageProps_match_matchInfo_team1_playerHistories_4_playerPerid,props_pageProps_match_matchInfo_team1_playerHistories_4_role,props_pageProps_match_matchInfo_team1_playerHistories_4_tournamentUrn,props_pageProps_match_matchInfo_team1_playerHistories_5___typename,props_pageProps_match_matchInfo_team1_playerHistories_5_playerDetails___typename,props_pageProps_match_matchInfo_team1_playerHistories_5_playerDetails_factorId,props_pageProps_match_matchInfo_team1_playerHistories_5_playerDetails_fullName,props_pageProps_match_matchInfo_team1_playerHistories_5_playerDetails_headshotUrl,props_pageProps_match_matchInfo_team1_playerHistories_5_playerDetails_name,props_pageProps_match_matchInfo_team1_playerHistories_5_playerDetails_perid,props_pageProps_match_matchInfo_team1_playerHistories_5_playerPerid,props_pageProps_match_matchInfo_team1_playerHistories_5_role,props_pageProps_match_matchInfo_team1_playerHistories_5_tournamentUrn,props_pageProps_match_matchInfo_team1_playerHistories_6___typename,props_pageProps_match_matchInfo_team1_playerHistories_6_playerDetails___typename,props_pageProps_match_matchInfo_team1_playerHistories_6_playerDetails_factorId,props_pageProps_match_matchInfo_team1_playerHistories_6_playerDetails_fullName,props_pageProps_match_matchInfo_team1_playerHistories_6_playerDetails_headshotUrl,props_pageProps_match_matchInfo_team1_playerHistories_6_playerDetails_name,props_pageProps_match_matchInfo_team1_playerHistories_6_playerDetails_perid,props_pageProps_match_matchInfo_team1_playerHistories_6_playerPerid,props_pageProps_match_matchInfo_team1_playerHistories_6_role,props_pageProps_match_matchInfo_team1_playerHistories_6_tournamentUrn,props_pageProps_match_matchInfo_team1_playerHistories_7___typename,props_pageProps_match_matchInfo_team1_playerHistories_7_playerDetails___typename,props_pageProps_match_matchInfo_team1_playerHistories_7_playerDetails_factorId,props_pageProps_match_matchInfo_team1_playerHistories_7_playerDetails_fullName,props_pageProps_match_matchInfo_team1_playerHistories_7_playerDetails_headshotUrl,props_pageProps_match_matchInfo_team1_playerHistories_7_playerDetails_name,props_pageProps_match_matchInfo_team1_playerHistories_7_playerDetails_perid,props_pageProps_match_matchInfo_team1_playerHistories_7_playerPerid,props_pageProps_match_matchInfo_team1_playerHistories_7_role,props_pageProps_match_matchInfo_team1_playerHistories_7_tournamentUrn,props_pageProps_match_matchInfo_team1_playerHistories_8___typename,props_pageProps_match_matchInfo_team1_playerHistories_8_playerDetails___typename,props_pageProps_match_matchInfo_team1_playerHistories_8_playerDetails_factorId,props_pageProps_match_matchInfo_team1_playerHistories_8_playerDetails_fullName,props_pageProps_match_matchInfo_team1_playerHistories_8_playerDetails_headshotUrl,props_pageProps_match_matchInfo_team1_playerHistories_8_playerDetails_name,props_pageProps_match_matchInfo_team1_playerHistories_8_playerDetails_perid,props_pageProps_match_matchInfo_team1_playerHistories_8_playerPerid,props_pageProps_match_matchInfo_team1_playerHistories_8_role,props_pageProps_match_matchInfo_team1_playerHistories_8_tournamentUrn,props_pageProps_match_matchInfo_team1_playerHistories_9___typename,props_pageProps_match_matchInfo_team1_playerHistories_9_playerDetails___typename,props_pageProps_match_matchInfo_team1_playerHistories_9_playerDetails_factorId,props_pageProps_match_matchInfo_team1_playerHistories_9_playerDetails_fullName,props_pageProps_match_matchInfo_team1_playerHistories_9_playerDetails_headshotUrl,props_pageProps_match_matchInfo_team1_playerHistories_9_playerDetails_name,props_pageProps_match_matchInfo_team1_playerHistories_9_playerDetails_perid,props_pageProps_match_matchInfo_team1_playerHistories_9_playerPerid,props_pageProps_match_matchInfo_team1_playerHistories_9_role,props_pageProps_match_matchInfo_team1_playerHistories_9_tournamentUrn,props_pageProps_match_matchInfo_team1_playerHistories_10___typename,props_pageProps_match_matchInfo_team1_playerHistories_10_playerDetails___typename,props_pageProps_match_matchInfo_team1_playerHistories_10_playerDetails_factorId,props_pageProps_match_matchInfo_team1_playerHistories_10_playerDetails_fullName,props_pageProps_match_matchInfo_team1_playerHistories_10_playerDetails_headshotUrl,props_pageProps_match_matchInfo_team1_playerHistories_10_playerDetails_name,props_pageProps_match_matchInfo_team1_playerHistories_10_playerDetails_perid,props_pageProps_match_matchInfo_team1_playerHistories_10_playerPerid,props_pageProps_match_matchInfo_team1_playerHistories_10_role,props_pageProps_match_matchInfo_team1_playerHistories_10_tournamentUrn,props_pageProps_match_matchInfo_team1_playerHistories_11___typename,props_pageProps_match_matchInfo_team1_playerHistories_11_playerDetails___typename,props_pageProps_match_matchInfo_team1_playerHistories_11_playerDetails_factorId,props_pageProps_match_matchInfo_team1_playerHistories_11_playerDetails_fullName,props_pageProps_match_matchInfo_team1_playerHistories_11_playerDetails_headshotUrl,props_pageProps_match_matchInfo_team1_playerHistories_11_playerDetails_name,props_pageProps_match_matchInfo_team1_playerHistories_11_playerDetails_perid,props_pageProps_match_matchInfo_team1_playerHistories_11_playerPerid,props_pageProps_match_matchInfo_team1_playerHistories_11_role,props_pageProps_match_matchInfo_team1_playerHistories_11_tournamentUrn,props_pageProps_match_matchInfo_team1_playerHistories_12___typename,props_pageProps_match_matchInfo_team1_playerHistories_12_playerDetails___typename,props_pageProps_match_matchInfo_team1_playerHistories_12_playerDetails_factorId,props_pageProps_match_matchInfo_team1_playerHistories_12_playerDetails_fullName,props_pageProps_match_matchInfo_team1_playerHistories_12_playerDetails_headshotUrl,props_pageProps_match_matchInfo_team1_playerHistories_12_playerDetails_name,props_pageProps_match_matchInfo_team1_playerHistories_12_playerDetails_perid,props_pageProps_match_matchInfo_team1_playerHistories_12_playerPerid,props_pageProps_match_matchInfo_team1_playerHistories_12_role,props_pageProps_match_matchInfo_team1_playerHistories_12_tournamentUrn,props_pageProps_match_matchInfo_team1_playerHistories_13___typename,props_pageProps_match_matchInfo_team1_playerHistories_13_playerDetails___typename,props_pageProps_match_matchInfo_team1_playerHistories_13_playerDetails_factorId,props_pageProps_match_matchInfo_team1_playerHistories_13_playerDetails_fullName,props_pageProps_match_matchInfo_team1_playerHistories_13_playerDetails_headshotUrl,props_pageProps_match_matchInfo_team1_playerHistories_13_playerDetails_name,props_pageProps_match_matchInfo_team1_playerHistories_13_playerDetails_perid,props_pageProps_match_matchInfo_team1_playerHistories_13_playerPerid,props_pageProps_match_matchInfo_team1_playerHistories_13_role,props_pageProps_match_matchInfo_team1_playerHistories_13_tournamentUrn,props_pageProps_match_matchInfo_team1_playerHistories_14___typename,props_pageProps_match_matchInfo_team1_playerHistories_14_playerDetails___typename,props_pageProps_match_matchInfo_team1_playerHistories_14_playerDetails_factorId,props_pageProps_match_matchInfo_team1_playerHistories_14_playerDetails_fullName,props_pageProps_match_matchInfo_team1_playerHistories_14_playerDetails_headshotUrl,props_pageProps_match_matchInfo_team1_playerHistories_14_playerDetails_name,props_pageProps_match_matchInfo_team1_playerHistories_14_playerDetails_perid,props_pageProps_match_matchInfo_team1_playerHistories_14_playerPerid,props_pageProps_match_matchInfo_team1_playerHistories_14_role,props_pageProps_match_matchInfo_team1_playerHistories_14_tournamentUrn,props_pageProps_match_matchInfo_team1_playerHistories_15___typename,props_pageProps_match_matchInfo_team1_playerHistories_15_playerDetails___typename,props_pageProps_match_matchInfo_team1_playerHistories_15_playerDetails_factorId,props_pageProps_match_matchInfo_team1_playerHistories_15_playerDetails_fullName,props_pageProps_match_matchInfo_team1_playerHistories_15_playerDetails_headshotUrl,props_pageProps_match_matchInfo_team1_playerHistories_15_playerDetails_name,props_pageProps_match_matchInfo_team1_playerHistories_15_playerDetails_perid,props_pageProps_match_matchInfo_team1_playerHistories_15_playerPerid,props_pageProps_match_matchInfo_team1_playerHistories_15_role,props_pageProps_match_matchInfo_team1_playerHistories_15_tournamentUrn,props_pageProps_match_matchInfo_team1_playerHistories_16___typename,props_pageProps_match_matchInfo_team1_playerHistories_16_playerDetails___typename,props_pageProps_match_matchInfo_team1_playerHistories_16_playerDetails_factorId,props_pageProps_match_matchInfo_team1_playerHistories_16_playerDetails_fullName,props_pageProps_match_matchInfo_team1_playerHistories_16_playerDetails_headshotUrl,props_pageProps_match_matchInfo_team1_playerHistories_16_playerDetails_name,props_pageProps_match_matchInfo_team1_playerHistories_16_playerDetails_perid,props_pageProps_match_matchInfo_team1_playerHistories_16_playerPerid,props_pageProps_match_matchInfo_team1_playerHistories_16_role,props_pageProps_match_matchInfo_team1_playerHistories_16_tournamentUrn,props_pageProps_match_matchInfo_team1_playerHistories_17___typename,props_pageProps_match_matchInfo_team1_playerHistories_17_playerDetails___typename,props_pageProps_match_matchInfo_team1_playerHistories_17_playerDetails_factorId,props_pageProps_match_matchInfo_team1_playerHistories_17_playerDetails_fullName,props_pageProps_match_matchInfo_team1_playerHistories_17_playerDetails_headshotUrl,props_pageProps_match_matchInfo_team1_playerHistories_17_playerDetails_name,props_pageProps_match_matchInfo_team1_playerHistories_17_playerDetails_perid,props_pageProps_match_matchInfo_team1_playerHistories_17_playerPerid,props_pageProps_match_matchInfo_team1_playerHistories_17_role,props_pageProps_match_matchInfo_team1_playerHistories_17_tournamentUrn,props_pageProps_match_matchInfo_team1_playerHistories_18___typename,props_pageProps_match_matchInfo_team1_playerHistories_18_playerDetails___typename,props_pageProps_match_matchInfo_team1_playerHistories_18_playerDetails_factorId,props_pageProps_match_matchInfo_team1_playerHistories_18_playerDetails_fullName,props_pageProps_match_matchInfo_team1_playerHistories_18_playerDetails_headshotUrl,props_pageProps_match_matchInfo_team1_playerHistories_18_playerDetails_name,props_pageProps_match_matchInfo_team1_playerHistories_18_playerDetails_perid,props_pageProps_match_matchInfo_team1_playerHistories_18_playerPerid,props_pageProps_match_matchInfo_team1_playerHistories_18_role,props_pageProps_match_matchInfo_team1_playerHistories_18_tournamentUrn,props_pageProps_match_matchInfo_team1_playerHistories_19___typename,props_pageProps_match_matchInfo_team1_playerHistories_19_playerDetails___typename,props_pageProps_match_matchInfo_team1_playerHistories_19_playerDetails_factorId,props_pageProps_match_matchInfo_team1_playerHistories_19_playerDetails_fullName,props_pageProps_match_matchInfo_team1_playerHistories_19_playerDetails_headshotUrl,props_pageProps_match_matchInfo_team1_playerHistories_19_playerDetails_name,props_pageProps_match_matchInfo_team1_playerHistories_19_playerDetails_perid,props_pageProps_match_matchInfo_team1_playerHistories_19_playerPerid,props_pageProps_match_matchInfo_team1_playerHistories_19_role,props_pageProps_match_matchInfo_team1_playerHistories_19_tournamentUrn,props_pageProps_match_matchInfo_team1_playerHistories_20___typename,props_pageProps_match_matchInfo_team1_playerHistories_20_playerDetails___typename,props_pageProps_match_matchInfo_team1_playerHistories_20_playerDetails_factorId,props_pageProps_match_matchInfo_team1_playerHistories_20_playerDetails_fullName,props_pageProps_match_matchInfo_team1_playerHistories_20_playerDetails_headshotUrl,props_pageProps_match_matchInfo_team1_playerHistories_20_playerDetails_name,props_pageProps_match_matchInfo_team1_playerHistories_20_playerDetails_perid,props_pageProps_match_matchInfo_team1_playerHistories_20_playerPerid,props_pageProps_match_matchInfo_team1_playerHistories_20_role,props_pageProps_match_matchInfo_team1_playerHistories_20_tournamentUrn,props_pageProps_match_matchInfo_team1_playerHistories_21___typename,props_pageProps_match_matchInfo_team1_playerHistories_21_playerDetails___typename,props_pageProps_match_matchInfo_team1_playerHistories_21_playerDetails_factorId,props_pageProps_match_matchInfo_team1_playerHistories_21_playerDetails_fullName,props_pageProps_match_matchInfo_team1_playerHistories_21_playerDetails_headshotUrl,props_pageProps_match_matchInfo_team1_playerHistories_21_playerDetails_name,props_pageProps_match_matchInfo_team1_playerHistories_21_playerDetails_perid,props_pageProps_match_matchInfo_team1_playerHistories_21_playerPerid,props_pageProps_match_matchInfo_team1_playerHistories_21_role,props_pageProps_match_matchInfo_team1_playerHistories_21_tournamentUrn,props_pageProps_match_matchInfo_team1_playerHistories_22___typename,props_pageProps_match_matchInfo_team1_playerHistories_22_playerDetails___typename,props_pageProps_match_matchInfo_team1_playerHistories_22_playerDetails_factorId,props_pageProps_match_matchInfo_team1_playerHistories_22_playerDetails_fullName,props_pageProps_match_matchInfo_team1_playerHistories_22_playerDetails_headshotUrl,props_pageProps_match_matchInfo_team1_playerHistories_22_playerDetails_name,props_pageProps_match_matchInfo_team1_playerHistories_22_playerDetails_perid,props_pageProps_match_matchInfo_team1_playerHistories_22_playerPerid,props_pageProps_match_matchInfo_team1_playerHistories_22_role,props_pageProps_match_matchInfo_team1_playerHistories_22_tournamentUrn,props_pageProps_match_matchInfo_team1_playerHistories_23___typename,props_pageProps_match_matchInfo_team1_playerHistories_23_playerDetails___typename,props_pageProps_match_matchInfo_team1_playerHistories_23_playerDetails_factorId,props_pageProps_match_matchInfo_team1_playerHistories_23_playerDetails_fullName,props_pageProps_match_matchInfo_team1_playerHistories_23_playerDetails_headshotUrl,props_pageProps_match_matchInfo_team1_playerHistories_23_playerDetails_name,props_pageProps_match_matchInfo_team1_playerHistories_23_playerDetails_perid,props_pageProps_match_matchInfo_team1_playerHistories_23_playerPerid,props_pageProps_match_matchInfo_team1_playerHistories_23_role,props_pageProps_match_matchInfo_team1_playerHistories_23_tournamentUrn,props_pageProps_match_matchInfo_team1_playerHistories_24___typename,props_pageProps_match_matchInfo_team1_playerHistories_24_playerDetails___typename,props_pageProps_match_matchInfo_team1_playerHistories_24_playerDetails_factorId,props_pageProps_match_matchInfo_team1_playerHistories_24_playerDetails_fullName,props_pageProps_match_matchInfo_team1_playerHistories_24_playerDetails_headshotUrl,props_pageProps_match_matchInfo_team1_playerHistories_24_playerDetails_name,props_pageProps_match_matchInfo_team1_playerHistories_24_playerDetails_perid,props_pageProps_match_matchInfo_team1_playerHistories_24_playerPerid,props_pageProps_match_matchInfo_team1_playerHistories_24_role,props_pageProps_match_matchInfo_team1_playerHistories_24_tournamentUrn,props_pageProps_match_matchInfo_team1_playerHistories_25___typename,props_pageProps_match_matchInfo_team1_playerHistories_25_playerDetails___typename,props_pageProps_match_matchInfo_team1_playerHistories_25_playerDetails_factorId,props_pageProps_match_matchInfo_team1_playerHistories_25_playerDetails_fullName,props_pageProps_match_matchInfo_team1_playerHistories_25_playerDetails_headshotUrl,props_pageProps_match_matchInfo_team1_playerHistories_25_playerDetails_name,props_pageProps_match_matchInfo_team1_playerHistories_25_playerDetails_perid,props_pageProps_match_matchInfo_team1_playerHistories_25_playerPerid,props_pageProps_match_matchInfo_team1_playerHistories_25_role,props_pageProps_match_matchInfo_team1_playerHistories_25_tournamentUrn,props_pageProps_match_matchInfo_team1_playerHistories_26___typename,props_pageProps_match_matchInfo_team1_playerHistories_26_playerDetails___typename,props_pageProps_match_matchInfo_team1_playerHistories_26_playerDetails_factorId,props_pageProps_match_matchInfo_team1_playerHistories_26_playerDetails_fullName,props_pageProps_match_matchInfo_team1_playerHistories_26_playerDetails_headshotUrl,props_pageProps_match_matchInfo_team1_playerHistories_26_playerDetails_name,props_pageProps_match_matchInfo_team1_playerHistories_26_playerDetails_perid,props_pageProps_match_matchInfo_team1_playerHistories_26_playerPerid,props_pageProps_match_matchInfo_team1_playerHistories_26_role,props_pageProps_match_matchInfo_team1_playerHistories_26_tournamentUrn,props_pageProps_match_matchInfo_team1_playerHistories_27___typename,props_pageProps_match_matchInfo_team1_playerHistories_27_playerDetails___typename,props_pageProps_match_matchInfo_team1_playerHistories_27_playerDetails_factorId,props_pageProps_match_matchInfo_team1_playerHistories_27_playerDetails_fullName,props_pageProps_match_matchInfo_team1_playerHistories_27_playerDetails_headshotUrl,props_pageProps_match_matchInfo_team1_playerHistories_27_playerDetails_name,props_pageProps_match_matchInfo_team1_playerHistories_27_playerDetails_perid,props_pageProps_match_matchInfo_team1_playerHistories_27_playerPerid,props_pageProps_match_matchInfo_team1_playerHistories_27_role,props_pageProps_match_matchInfo_team1_playerHistories_27_tournamentUrn,props_pageProps_match_matchInfo_team1_playerHistories_28___typename,props_pageProps_match_matchInfo_team1_playerHistories_28_playerDetails___typename,props_pageProps_match_matchInfo_team1_playerHistories_28_playerDetails_factorId,props_pageProps_match_matchInfo_team1_playerHistories_28_playerDetails_fullName,props_pageProps_match_matchInfo_team1_playerHistories_28_playerDetails_headshotUrl,props_pageProps_match_matchInfo_team1_playerHistories_28_playerDetails_name,props_pageProps_match_matchInfo_team1_playerHistories_28_playerDetails_perid,props_pageProps_match_matchInfo_team1_playerHistories_28_playerPerid,props_pageProps_match_matchInfo_team1_playerHistories_28_role,props_pageProps_match_matchInfo_team1_playerHistories_28_tournamentUrn,props_pageProps_match_matchInfo_team1_playerHistories_29___typename,props_pageProps_match_matchInfo_team1_playerHistories_29_playerDetails___typename,props_pageProps_match_matchInfo_team1_playerHistories_29_playerDetails_factorId,props_pageProps_match_matchInfo_team1_playerHistories_29_playerDetails_fullName,props_pageProps_match_matchInfo_team1_playerHistories_29_playerDetails_headshotUrl,props_pageProps_match_matchInfo_team1_playerHistories_29_playerDetails_name,props_pageProps_match_matchInfo_team1_playerHistories_29_playerDetails_perid,props_pageProps_match_matchInfo_team1_playerHistories_29_playerPerid,props_pageProps_match_matchInfo_team1_playerHistories_29_role,props_pageProps_match_matchInfo_team1_playerHistories_29_tournamentUrn,props_pageProps_match_matchInfo_team1_playerHistories_30___typename,props_pageProps_match_matchInfo_team1_playerHistories_30_playerDetails___typename,props_pageProps_match_matchInfo_team1_playerHistories_30_playerDetails_factorId,props_pageProps_match_matchInfo_team1_playerHistories_30_playerDetails_fullName,props_pageProps_match_matchInfo_team1_playerHistories_30_playerDetails_headshotUrl,props_pageProps_match_matchInfo_team1_playerHistories_30_playerDetails_name,props_pageProps_match_matchInfo_team1_playerHistories_30_playerDetails_perid,props_pageProps_match_matchInfo_team1_playerHistories_30_playerPerid,props_pageProps_match_matchInfo_team1_playerHistories_30_role,props_pageProps_match_matchInfo_team1_playerHistories_30_tournamentUrn,props_pageProps_match_matchInfo_team1_playerHistories_31___typename,props_pageProps_match_matchInfo_team1_playerHistories_31_playerDetails___typename,props_pageProps_match_matchInfo_team1_playerHistories_31_playerDetails_factorId,props_pageProps_match_matchInfo_team1_playerHistories_31_playerDetails_fullName,props_pageProps_match_matchInfo_team1_playerHistories_31_playerDetails_headshotUrl,props_pageProps_match_matchInfo_team1_playerHistories_31_playerDetails_name,props_pageProps_match_matchInfo_team1_playerHistories_31_playerDetails_perid,props_pageProps_match_matchInfo_team1_playerHistories_31_playerPerid,props_pageProps_match_matchInfo_team1_playerHistories_31_role,props_pageProps_match_matchInfo_team1_playerHistories_31_tournamentUrn,props_pageProps_match_matchInfo_team1_playerHistories_32___typename,props_pageProps_match_matchInfo_team1_playerHistories_32_playerDetails___typename,props_pageProps_match_matchInfo_team1_playerHistories_32_playerDetails_factorId,props_pageProps_match_matchInfo_team1_playerHistories_32_playerDetails_fullName,props_pageProps_match_matchInfo_team1_playerHistories_32_playerDetails_headshotUrl,props_pageProps_match_matchInfo_team1_playerHistories_32_playerDetails_name,props_pageProps_match_matchInfo_team1_playerHistories_32_playerDetails_perid,props_pageProps_match_matchInfo_team1_playerHistories_32_playerPerid,props_pageProps_match_matchInfo_team1_playerHistories_32_role,props_pageProps_match_matchInfo_team1_playerHistories_32_tournamentUrn,props_pageProps_match_matchInfo_team1_playerHistories_33___typename,props_pageProps_match_matchInfo_team1_playerHistories_33_playerDetails___typename,props_pageProps_match_matchInfo_team1_playerHistories_33_playerDetails_factorId,props_pageProps_match_matchInfo_team1_playerHistories_33_playerDetails_fullName,props_pageProps_match_matchInfo_team1_playerHistories_33_playerDetails_headshotUrl,props_pageProps_match_matchInfo_team1_playerHistories_33_playerDetails_name,props_pageProps_match_matchInfo_team1_playerHistories_33_playerDetails_perid,props_pageProps_match_matchInfo_team1_playerHistories_33_playerPerid,props_pageProps_match_matchInfo_team1_playerHistories_33_role,props_pageProps_match_matchInfo_team1_playerHistories_33_tournamentUrn,props_pageProps_match_matchInfo_team1_playerHistories_34___typename,props_pageProps_match_matchInfo_team1_playerHistories_34_playerDetails___typename,props_pageProps_match_matchInfo_team1_playerHistories_34_playerDetails_factorId,props_pageProps_match_matchInfo_team1_playerHistories_34_playerDetails_fullName,props_pageProps_match_matchInfo_team1_playerHistories_34_playerDetails_headshotUrl,props_pageProps_match_matchInfo_team1_playerHistories_34_playerDetails_name,props_pageProps_match_matchInfo_team1_playerHistories_34_playerDetails_perid,props_pageProps_match_matchInfo_team1_playerHistories_34_playerPerid,props_pageProps_match_matchInfo_team1_playerHistories_34_role,props_pageProps_match_matchInfo_team1_playerHistories_34_tournamentUrn,props_pageProps_match_matchInfo_team1_playerHistories_35___typename,props_pageProps_match_matchInfo_team1_playerHistories_35_playerDetails___typename,props_pageProps_match_matchInfo_team1_playerHistories_35_playerDetails_factorId,props_pageProps_match_matchInfo_team1_playerHistories_35_playerDetails_fullName,props_pageProps_match_matchInfo_team1_playerHistories_35_playerDetails_headshotUrl,props_pageProps_match_matchInfo_team1_playerHistories_35_playerDetails_name,props_pageProps_match_matchInfo_team1_playerHistories_35_playerDetails_perid,props_pageProps_match_matchInfo_team1_playerHistories_35_playerPerid,props_pageProps_match_matchInfo_team1_playerHistories_35_role,props_pageProps_match_matchInfo_team1_playerHistories_35_tournamentUrn,props_pageProps_match_matchInfo_team1_playerHistories_36___typename,props_pageProps_match_matchInfo_team1_playerHistories_36_playerDetails___typename,props_pageProps_match_matchInfo_team1_playerHistories_36_playerDetails_factorId,props_pageProps_match_matchInfo_team1_playerHistories_36_playerDetails_fullName,props_pageProps_match_matchInfo_team1_playerHistories_36_playerDetails_headshotUrl,props_pageProps_match_matchInfo_team1_playerHistories_36_playerDetails_name,props_pageProps_match_matchInfo_team1_playerHistories_36_playerDetails_perid,props_pageProps_match_matchInfo_team1_playerHistories_36_playerPerid,props_pageProps_match_matchInfo_team1_playerHistories_36_role,props_pageProps_match_matchInfo_team1_playerHistories_36_tournamentUrn,props_pageProps_match_matchInfo_team1_playerHistories_37___typename,props_pageProps_match_matchInfo_team1_playerHistories_37_playerDetails___typename,props_pageProps_match_matchInfo_team1_playerHistories_37_playerDetails_factorId,props_pageProps_match_matchInfo_team1_playerHistories_37_playerDetails_fullName,props_pageProps_match_matchInfo_team1_playerHistories_37_playerDetails_headshotUrl,props_pageProps_match_matchInfo_team1_playerHistories_37_playerDetails_name,props_pageProps_match_matchInfo_team1_playerHistories_37_playerDetails_perid,props_pageProps_match_matchInfo_team1_playerHistories_37_playerPerid,props_pageProps_match_matchInfo_team1_playerHistories_37_role,props_pageProps_match_matchInfo_team1_playerHistories_37_tournamentUrn,props_pageProps_match_matchInfo_team1_playerHistories_38___typename,props_pageProps_match_matchInfo_team1_playerHistories_38_playerDetails___typename,props_pageProps_match_matchInfo_team1_playerHistories_38_playerDetails_factorId,props_pageProps_match_matchInfo_team1_playerHistories_38_playerDetails_fullName,props_pageProps_match_matchInfo_team1_playerHistories_38_playerDetails_headshotUrl,props_pageProps_match_matchInfo_team1_playerHistories_38_playerDetails_name,props_pageProps_match_matchInfo_team1_playerHistories_38_playerDetails_perid,props_pageProps_match_matchInfo_team1_playerHistories_38_playerPerid,props_pageProps_match_matchInfo_team1_playerHistories_38_role,props_pageProps_match_matchInfo_team1_playerHistories_38_tournamentUrn,props_pageProps_match_matchInfo_team1_playerHistories_39___typename,props_pageProps_match_matchInfo_team1_playerHistories_39_playerDetails,props_pageProps_match_matchInfo_team1_playerHistories_39_playerPerid,props_pageProps_match_matchInfo_team1_playerHistories_39_role,props_pageProps_match_matchInfo_team1_playerHistories_39_tournamentUrn,props_pageProps_match_matchInfo_team1_playerHistories_40___typename,props_pageProps_match_matchInfo_team1_playerHistories_40_playerDetails___typename,props_pageProps_match_matchInfo_team1_playerHistories_40_playerDetails_factorId,props_pageProps_match_matchInfo_team1_playerHistories_40_playerDetails_fullName,props_pageProps_match_matchInfo_team1_playerHistories_40_playerDetails_headshotUrl,props_pageProps_match_matchInfo_team1_playerHistories_40_playerDetails_name,props_pageProps_match_matchInfo_team1_playerHistories_40_playerDetails_perid,props_pageProps_match_matchInfo_team1_playerHistories_40_playerPerid,props_pageProps_match_matchInfo_team1_playerHistories_40_role,props_pageProps_match_matchInfo_team1_playerHistories_40_tournamentUrn,props_pageProps_match_matchInfo_team1_playerHistories_41___typename,props_pageProps_match_matchInfo_team1_playerHistories_41_playerDetails,props_pageProps_match_matchInfo_team1_playerHistories_41_playerPerid,props_pageProps_match_matchInfo_team1_playerHistories_41_role,props_pageProps_match_matchInfo_team1_playerHistories_41_tournamentUrn,props_pageProps_match_matchInfo_team1_playerHistories_42___typename,props_pageProps_match_matchInfo_team1_playerHistories_42_playerDetails___typename,props_pageProps_match_matchInfo_team1_playerHistories_42_playerDetails_factorId,props_pageProps_match_matchInfo_team1_playerHistories_42_playerDetails_fullName,props_pageProps_match_matchInfo_team1_playerHistories_42_playerDetails_headshotUrl,props_pageProps_match_matchInfo_team1_playerHistories_42_playerDetails_name,props_pageProps_match_matchInfo_team1_playerHistories_42_playerDetails_perid,props_pageProps_match_matchInfo_team1_playerHistories_42_playerPerid,props_pageProps_match_matchInfo_team1_playerHistories_42_role,props_pageProps_match_matchInfo_team1_playerHistories_42_tournamentUrn,props_pageProps_match_matchInfo_team1_playerHistories_43___typename,props_pageProps_match_matchInfo_team1_playerHistories_43_playerDetails,props_pageProps_match_matchInfo_team1_playerHistories_43_playerPerid,props_pageProps_match_matchInfo_team1_playerHistories_43_role,props_pageProps_match_matchInfo_team1_playerHistories_43_tournamentUrn,props_pageProps_match_matchInfo_team1_playerHistories_44___typename,props_pageProps_match_matchInfo_team1_playerHistories_44_playerDetails,props_pageProps_match_matchInfo_team1_playerHistories_44_playerPerid,props_pageProps_match_matchInfo_team1_playerHistories_44_role,props_pageProps_match_matchInfo_team1_playerHistories_44_tournamentUrn,props_pageProps_match_matchInfo_team1_powrRanking___typename,props_pageProps_match_matchInfo_team1_powrRanking_gameRecord,props_pageProps_match_matchInfo_team1_powrRanking_gamesPlayed,props_pageProps_match_matchInfo_team1_powrRanking_prevRanking,props_pageProps_match_matchInfo_team1_powrRanking_rank,props_pageProps_match_matchInfo_team1_powrRanking_ranking,props_pageProps_match_matchInfo_team1_powrRanking_team,props_pageProps_match_matchInfo_team1_powrRanking_teamPerid,props_pageProps_match_matchInfo_team1_roster_0_playerDetails___typename,props_pageProps_match_matchInfo_team1_roster_0_playerDetails_factorId,props_pageProps_match_matchInfo_team1_roster_0_playerDetails_fullName,props_pageProps_match_matchInfo_team1_roster_0_playerDetails_headshotUrl,props_pageProps_match_matchInfo_team1_roster_0_playerDetails_name,props_pageProps_match_matchInfo_team1_roster_0_playerDetails_perid,props_pageProps_match_matchInfo_team1_roster_0_playerName,props_pageProps_match_matchInfo_team1_roster_0_playerPerid,props_pageProps_match_matchInfo_team1_roster_0_role,props_pageProps_match_matchInfo_team1_roster_1_playerDetails___typename,props_pageProps_match_matchInfo_team1_roster_1_playerDetails_factorId,props_pageProps_match_matchInfo_team1_roster_1_playerDetails_fullName,props_pageProps_match_matchInfo_team1_roster_1_playerDetails_headshotUrl,props_pageProps_match_matchInfo_team1_roster_1_playerDetails_name,props_pageProps_match_matchInfo_team1_roster_1_playerDetails_perid,props_pageProps_match_matchInfo_team1_roster_1_playerName,props_pageProps_match_matchInfo_team1_roster_1_playerPerid,props_pageProps_match_matchInfo_team1_roster_1_role,props_pageProps_match_matchInfo_team1_roster_2_playerDetails___typename,props_pageProps_match_matchInfo_team1_roster_2_playerDetails_factorId,props_pageProps_match_matchInfo_team1_roster_2_playerDetails_fullName,props_pageProps_match_matchInfo_team1_roster_2_playerDetails_headshotUrl,props_pageProps_match_matchInfo_team1_roster_2_playerDetails_name,props_pageProps_match_matchInfo_team1_roster_2_playerDetails_perid,props_pageProps_match_matchInfo_team1_roster_2_playerName,props_pageProps_match_matchInfo_team1_roster_2_playerPerid,props_pageProps_match_matchInfo_team1_roster_2_role,props_pageProps_match_matchInfo_team1_roster_3_playerDetails___typename,props_pageProps_match_matchInfo_team1_roster_3_playerDetails_factorId,props_pageProps_match_matchInfo_team1_roster_3_playerDetails_fullName,props_pageProps_match_matchInfo_team1_roster_3_playerDetails_headshotUrl,props_pageProps_match_matchInfo_team1_roster_3_playerDetails_name,props_pageProps_match_matchInfo_team1_roster_3_playerDetails_perid,props_pageProps_match_matchInfo_team1_roster_3_playerName,props_pageProps_match_matchInfo_team1_roster_3_playerPerid,props_pageProps_match_matchInfo_team1_roster_3_role,props_pageProps_match_matchInfo_team1_roster_4_playerDetails___typename,props_pageProps_match_matchInfo_team1_roster_4_playerDetails_factorId,props_pageProps_match_matchInfo_team1_roster_4_playerDetails_fullName,props_pageProps_match_matchInfo_team1_roster_4_playerDetails_headshotUrl,props_pageProps_match_matchInfo_team1_roster_4_playerDetails_name,props_pageProps_match_matchInfo_team1_roster_4_playerDetails_perid,props_pageProps_match_matchInfo_team1_roster_4_playerName,props_pageProps_match_matchInfo_team1_roster_4_playerPerid,props_pageProps_match_matchInfo_team1_roster_4_role,props_pageProps_match_matchInfo_team1_roster_5_playerDetails___typename,props_pageProps_match_matchInfo_team1_roster_5_playerDetails_factorId,props_pageProps_match_matchInfo_team1_roster_5_playerDetails_fullName,props_pageProps_match_matchInfo_team1_roster_5_playerDetails_headshotUrl,props_pageProps_match_matchInfo_team1_roster_5_playerDetails_name,props_pageProps_match_matchInfo_team1_roster_5_playerDetails_perid,props_pageProps_match_matchInfo_team1_roster_5_playerName,props_pageProps_match_matchInfo_team1_roster_5_playerPerid,props_pageProps_match_matchInfo_team1_roster_5_role,props_pageProps_match_matchInfo_team1_teamLogo___typename,props_pageProps_match_matchInfo_team1_teamLogo_darkFlip,props_pageProps_match_matchInfo_team1_teamLogo_darkShadow,props_pageProps_match_matchInfo_team1_teamLogo_logoUrl,props_pageProps_match_matchInfo_team1_teamStandings___typename,props_pageProps_match_matchInfo_team1_teamStandings_lossSeries,props_pageProps_match_matchInfo_team1_teamStandings_position,props_pageProps_match_matchInfo_team1_teamStandings_seriesUrn,props_pageProps_match_matchInfo_team1_teamStandings_teamDetails___typename,props_pageProps_match_matchInfo_team1_teamStandings_teamDetails_factorId,props_pageProps_match_matchInfo_team1_teamStandings_teamDetails_fullName,props_pageProps_match_matchInfo_team1_teamStandings_teamDetails_teamLogo___typename,props_pageProps_match_matchInfo_team1_teamStandings_teamDetails_teamLogo_darkFlip,props_pageProps_match_matchInfo_team1_teamStandings_teamDetails_teamLogo_darkShadow,props_pageProps_match_matchInfo_team1_teamStandings_teamDetails_teamLogo_logoUrl,props_pageProps_match_matchInfo_team1_teamStandings_teamDetails_teamUrn,props_pageProps_match_matchInfo_team1_teamStandings_teamPerid,props_pageProps_match_matchInfo_team1_teamStandings_teamRanking___typename,props_pageProps_match_matchInfo_team1_teamStandings_teamRanking_ranking,props_pageProps_match_matchInfo_team1_teamStandings_winSeries,props_pageProps_match_matchInfo_team1_teamUrn,props_pageProps_match_matchInfo_team1_tournaments_0___typename,props_pageProps_match_matchInfo_team1_tournaments_0_series___typename,props_pageProps_match_matchInfo_team1_tournaments_0_series_seriesName,props_pageProps_match_matchInfo_team1_tournaments_0_series_seriesUrn,props_pageProps_match_matchInfo_team1_tournaments_0_tournamentUrn,props_pageProps_match_matchInfo_team1_tournaments_1___typename,props_pageProps_match_matchInfo_team1_tournaments_1_series___typename,props_pageProps_match_matchInfo_team1_tournaments_1_series_seriesName,props_pageProps_match_matchInfo_team1_tournaments_1_series_seriesUrn,props_pageProps_match_matchInfo_team1_tournaments_1_tournamentUrn,props_pageProps_match_matchInfo_team1_tournaments_2___typename,props_pageProps_match_matchInfo_team1_tournaments_2_series___typename,props_pageProps_match_matchInfo_team1_tournaments_2_series_seriesName,props_pageProps_match_matchInfo_team1_tournaments_2_series_seriesUrn,props_pageProps_match_matchInfo_team1_tournaments_2_tournamentUrn,props_pageProps_match_matchInfo_team2___typename,props_pageProps_match_matchInfo_team2_abbreviation,props_pageProps_match_matchInfo_team2_factorId,props_pageProps_match_matchInfo_team2_fullName,props_pageProps_match_matchInfo_team2_gameRecord_totalLost,props_pageProps_match_matchInfo_team2_gameRecord_totalWin,props_pageProps_match_matchInfo_team2_playerHistories_0___typename,props_pageProps_match_matchInfo_team2_playerHistories_0_playerDetails___typename,props_pageProps_match_matchInfo_team2_playerHistories_0_playerDetails_factorId,props_pageProps_match_matchInfo_team2_playerHistories_0_playerDetails_fullName,props_pageProps_match_matchInfo_team2_playerHistories_0_playerDetails_headshotUrl,props_pageProps_match_matchInfo_team2_playerHistories_0_playerDetails_name,props_pageProps_match_matchInfo_team2_playerHistories_0_playerDetails_perid,props_pageProps_match_matchInfo_team2_playerHistories_0_playerPerid,props_pageProps_match_matchInfo_team2_playerHistories_0_role,props_pageProps_match_matchInfo_team2_playerHistories_0_tournamentUrn,props_pageProps_match_matchInfo_team2_playerHistories_1___typename,props_pageProps_match_matchInfo_team2_playerHistories_1_playerDetails___typename,props_pageProps_match_matchInfo_team2_playerHistories_1_playerDetails_factorId,props_pageProps_match_matchInfo_team2_playerHistories_1_playerDetails_fullName,props_pageProps_match_matchInfo_team2_playerHistories_1_playerDetails_headshotUrl,props_pageProps_match_matchInfo_team2_playerHistories_1_playerDetails_name,props_pageProps_match_matchInfo_team2_playerHistories_1_playerDetails_perid,props_pageProps_match_matchInfo_team2_playerHistories_1_playerPerid,props_pageProps_match_matchInfo_team2_playerHistories_1_role,props_pageProps_match_matchInfo_team2_playerHistories_1_tournamentUrn,props_pageProps_match_matchInfo_team2_playerHistories_2___typename,props_pageProps_match_matchInfo_team2_playerHistories_2_playerDetails___typename,props_pageProps_match_matchInfo_team2_playerHistories_2_playerDetails_factorId,props_pageProps_match_matchInfo_team2_playerHistories_2_playerDetails_fullName,props_pageProps_match_matchInfo_team2_playerHistories_2_playerDetails_headshotUrl,props_pageProps_match_matchInfo_team2_playerHistories_2_playerDetails_name,props_pageProps_match_matchInfo_team2_playerHistories_2_playerDetails_perid,props_pageProps_match_matchInfo_team2_playerHistories_2_playerPerid,props_pageProps_match_matchInfo_team2_playerHistories_2_role,props_pageProps_match_matchInfo_team2_playerHistories_2_tournamentUrn,props_pageProps_match_matchInfo_team2_playerHistories_3___typename,props_pageProps_match_matchInfo_team2_playerHistories_3_playerDetails___typename,props_pageProps_match_matchInfo_team2_playerHistories_3_playerDetails_factorId,props_pageProps_match_matchInfo_team2_playerHistories_3_playerDetails_fullName,props_pageProps_match_matchInfo_team2_playerHistories_3_playerDetails_headshotUrl,props_pageProps_match_matchInfo_team2_playerHistories_3_playerDetails_name,props_pageProps_match_matchInfo_team2_playerHistories_3_playerDetails_perid,props_pageProps_match_matchInfo_team2_playerHistories_3_playerPerid,props_pageProps_match_matchInfo_team2_playerHistories_3_role,props_pageProps_match_matchInfo_team2_playerHistories_3_tournamentUrn,props_pageProps_match_matchInfo_team2_playerHistories_4___typename,props_pageProps_match_matchInfo_team2_playerHistories_4_playerDetails___typename,props_pageProps_match_matchInfo_team2_playerHistories_4_playerDetails_factorId,props_pageProps_match_matchInfo_team2_playerHistories_4_playerDetails_fullName,props_pageProps_match_matchInfo_team2_playerHistories_4_playerDetails_headshotUrl,props_pageProps_match_matchInfo_team2_playerHistories_4_playerDetails_name,props_pageProps_match_matchInfo_team2_playerHistories_4_playerDetails_perid,props_pageProps_match_matchInfo_team2_playerHistories_4_playerPerid,props_pageProps_match_matchInfo_team2_playerHistories_4_role,props_pageProps_match_matchInfo_team2_playerHistories_4_tournamentUrn,props_pageProps_match_matchInfo_team2_powrRanking___typename,props_pageProps_match_matchInfo_team2_powrRanking_gameRecord,props_pageProps_match_matchInfo_team2_powrRanking_gamesPlayed,props_pageProps_match_matchInfo_team2_powrRanking_prevRanking,props_pageProps_match_matchInfo_team2_powrRanking_rank,props_pageProps_match_matchInfo_team2_powrRanking_ranking,props_pageProps_match_matchInfo_team2_powrRanking_team,props_pageProps_match_matchInfo_team2_powrRanking_teamPerid,props_pageProps_match_matchInfo_team2_roster_0_playerDetails___typename,props_pageProps_match_matchInfo_team2_roster_0_playerDetails_factorId,props_pageProps_match_matchInfo_team2_roster_0_playerDetails_fullName,props_pageProps_match_matchInfo_team2_roster_0_playerDetails_headshotUrl,props_pageProps_match_matchInfo_team2_roster_0_playerDetails_name,props_pageProps_match_matchInfo_team2_roster_0_playerDetails_perid,props_pageProps_match_matchInfo_team2_roster_0_playerName,props_pageProps_match_matchInfo_team2_roster_0_playerPerid,props_pageProps_match_matchInfo_team2_roster_0_role,props_pageProps_match_matchInfo_team2_roster_1_playerDetails___typename,props_pageProps_match_matchInfo_team2_roster_1_playerDetails_factorId,props_pageProps_match_matchInfo_team2_roster_1_playerDetails_fullName,props_pageProps_match_matchInfo_team2_roster_1_playerDetails_headshotUrl,props_pageProps_match_matchInfo_team2_roster_1_playerDetails_name,props_pageProps_match_matchInfo_team2_roster_1_playerDetails_perid,props_pageProps_match_matchInfo_team2_roster_1_playerName,props_pageProps_match_matchInfo_team2_roster_1_playerPerid,props_pageProps_match_matchInfo_team2_roster_1_role,props_pageProps_match_matchInfo_team2_roster_2_playerDetails___typename,props_pageProps_match_matchInfo_team2_roster_2_playerDetails_factorId,props_pageProps_match_matchInfo_team2_roster_2_playerDetails_fullName,props_pageProps_match_matchInfo_team2_roster_2_playerDetails_headshotUrl,props_pageProps_match_matchInfo_team2_roster_2_playerDetails_name,props_pageProps_match_matchInfo_team2_roster_2_playerDetails_perid,props_pageProps_match_matchInfo_team2_roster_2_playerName,props_pageProps_match_matchInfo_team2_roster_2_playerPerid,props_pageProps_match_matchInfo_team2_roster_2_role,props_pageProps_match_matchInfo_team2_roster_3_playerDetails___typename,props_pageProps_match_matchInfo_team2_roster_3_playerDetails_factorId,props_pageProps_match_matchInfo_team2_roster_3_playerDetails_fullName,props_pageProps_match_matchInfo_team2_roster_3_playerDetails_headshotUrl,props_pageProps_match_matchInfo_team2_roster_3_playerDetails_name,props_pageProps_match_matchInfo_team2_roster_3_playerDetails_perid,props_pageProps_match_matchInfo_team2_roster_3_playerName,props_pageProps_match_matchInfo_team2_roster_3_playerPerid,props_pageProps_match_matchInfo_team2_roster_3_role,props_pageProps_match_matchInfo_team2_roster_4_playerDetails___typename,props_pageProps_match_matchInfo_team2_roster_4_playerDetails_factorId,props_pageProps_match_matchInfo_team2_roster_4_playerDetails_fullName,props_pageProps_match_matchInfo_team2_roster_4_playerDetails_headshotUrl,props_pageProps_match_matchInfo_team2_roster_4_playerDetails_name,props_pageProps_match_matchInfo_team2_roster_4_playerDetails_perid,props_pageProps_match_matchInfo_team2_roster_4_playerName,props_pageProps_match_matchInfo_team2_roster_4_playerPerid,props_pageProps_match_matchInfo_team2_roster_4_role,props_pageProps_match_matchInfo_team2_teamLogo,props_pageProps_match_matchInfo_team2_teamStandings,props_pageProps_match_matchInfo_team2_teamUrn,props_pageProps_match_matchInfo_team2_tournaments_0___typename,props_pageProps_match_matchInfo_team2_tournaments_0_series___typename,props_pageProps_match_matchInfo_team2_tournaments_0_series_seriesName,props_pageProps_match_matchInfo_team2_tournaments_0_series_seriesUrn,props_pageProps_match_matchInfo_team2_tournaments_0_tournamentUrn,props_pageProps_match_matchInfo_tournament___typename,props_pageProps_match_matchInfo_tournament_endDate,props_pageProps_match_matchInfo_tournament_lastModified,props_pageProps_match_matchInfo_tournament_name,props_pageProps_match_matchInfo_tournament_season___typename,props_pageProps_match_matchInfo_tournament_season_seasonFullName,props_pageProps_match_matchInfo_tournament_season_seasonName,props_pageProps_match_matchInfo_tournament_season_seasonUrn,props_pageProps_match_matchInfo_tournament_series___typename,props_pageProps_match_matchInfo_tournament_series_seriesName,props_pageProps_match_matchInfo_tournament_series_seriesUrn,props_pageProps_match_matchInfo_tournament_startDate,props_pageProps_match_matchInfo_tournament_tier,props_pageProps_match_matchInfo_tournament_tierLabel,props_pageProps_match_matchInfo_tournament_titleId,props_pageProps_match_matchInfo_tournament_tournamentUrn,props_pageProps_match_pageState_gameNumber,props_pageProps_match_pageState_hasNoTabParams,props_pageProps_match_pageState_matchId,props_pageProps_match_pageState_postMatchTab,props_pageProps_match_seriesName,props_pageProps_match_team1_championPicks___typename,props_pageProps_match_team1_championPicks_items_0___typename,props_pageProps_match_team1_championPicks_items_0_banCount,props_pageProps_match_team1_championPicks_items_0_champion,props_pageProps_match_team1_championPicks_items_0_pickCount,props_pageProps_match_team1_championPicks_items_0_totalCount,props_pageProps_match_team1_championPicks_items_0_winBanCount,props_pageProps_match_team1_championPicks_items_0_winPickCount,props_pageProps_match_team1_championPicks_items_1___typename,props_pageProps_match_team1_championPicks_items_1_banCount,props_pageProps_match_team1_championPicks_items_1_champion,props_pageProps_match_team1_championPicks_items_1_pickCount,props_pageProps_match_team1_championPicks_items_1_totalCount,props_pageProps_match_team1_championPicks_items_1_winBanCount,props_pageProps_match_team1_championPicks_items_1_winPickCount,props_pageProps_match_team1_championPicks_items_2___typename,props_pageProps_match_team1_championPicks_items_2_banCount,props_pageProps_match_team1_championPicks_items_2_champion,props_pageProps_match_team1_championPicks_items_2_pickCount,props_pageProps_match_team1_championPicks_items_2_totalCount,props_pageProps_match_team1_championPicks_items_2_winBanCount,props_pageProps_match_team1_championPicks_items_2_winPickCount,props_pageProps_match_team1_championPicks_items_3___typename,props_pageProps_match_team1_championPicks_items_3_banCount,props_pageProps_match_team1_championPicks_items_3_champion,props_pageProps_match_team1_championPicks_items_3_pickCount,props_pageProps_match_team1_championPicks_items_3_totalCount,props_pageProps_match_team1_championPicks_items_3_winBanCount,props_pageProps_match_team1_championPicks_items_3_winPickCount,props_pageProps_match_team1_championPicks_items_4___typename,props_pageProps_match_team1_championPicks_items_4_banCount,props_pageProps_match_team1_championPicks_items_4_champion,props_pageProps_match_team1_championPicks_items_4_pickCount,props_pageProps_match_team1_championPicks_items_4_totalCount,props_pageProps_match_team1_championPicks_items_4_winBanCount,props_pageProps_match_team1_championPicks_items_4_winPickCount,props_pageProps_match_team1_championPicks_items_5___typename,props_pageProps_match_team1_championPicks_items_5_banCount,props_pageProps_match_team1_championPicks_items_5_champion,props_pageProps_match_team1_championPicks_items_5_pickCount,props_pageProps_match_team1_championPicks_items_5_totalCount,props_pageProps_match_team1_championPicks_items_5_winBanCount,props_pageProps_match_team1_championPicks_items_5_winPickCount,props_pageProps_match_team1_championPicks_items_6___typename,props_pageProps_match_team1_championPicks_items_6_banCount,props_pageProps_match_team1_championPicks_items_6_champion,props_pageProps_match_team1_championPicks_items_6_pickCount,props_pageProps_match_team1_championPicks_items_6_totalCount,props_pageProps_match_team1_championPicks_items_6_winBanCount,props_pageProps_match_team1_championPicks_items_6_winPickCount,props_pageProps_match_team1_championPicks_items_7___typename,props_pageProps_match_team1_championPicks_items_7_banCount,props_pageProps_match_team1_championPicks_items_7_champion,props_pageProps_match_team1_championPicks_items_7_pickCount,props_pageProps_match_team1_championPicks_items_7_totalCount,props_pageProps_match_team1_championPicks_items_7_winBanCount,props_pageProps_match_team1_championPicks_items_7_winPickCount,props_pageProps_match_team1_championPicks_items_8___typename,props_pageProps_match_team1_championPicks_items_8_banCount,props_pageProps_match_team1_championPicks_items_8_champion,props_pageProps_match_team1_championPicks_items_8_pickCount,props_pageProps_match_team1_championPicks_items_8_totalCount,props_pageProps_match_team1_championPicks_items_8_winBanCount,props_pageProps_match_team1_championPicks_items_8_winPickCount,props_pageProps_match_team1_championPicks_items_9___typename,props_pageProps_match_team1_championPicks_items_9_banCount,props_pageProps_match_team1_championPicks_items_9_champion,props_pageProps_match_team1_championPicks_items_9_pickCount,props_pageProps_match_team1_championPicks_items_9_totalCount,props_pageProps_match_team1_championPicks_items_9_winBanCount,props_pageProps_match_team1_championPicks_items_9_winPickCount,props_pageProps_match_team1_championPicks_items_10___typename,props_pageProps_match_team1_championPicks_items_10_banCount,props_pageProps_match_team1_championPicks_items_10_champion,props_pageProps_match_team1_championPicks_items_10_pickCount,props_pageProps_match_team1_championPicks_items_10_totalCount,props_pageProps_match_team1_championPicks_items_10_winBanCount,props_pageProps_match_team1_championPicks_items_10_winPickCount,props_pageProps_match_team1_championPicks_items_11___typename,props_pageProps_match_team1_championPicks_items_11_banCount,props_pageProps_match_team1_championPicks_items_11_champion,props_pageProps_match_team1_championPicks_items_11_pickCount,props_pageProps_match_team1_championPicks_items_11_totalCount,props_pageProps_match_team1_championPicks_items_11_winBanCount,props_pageProps_match_team1_championPicks_items_11_winPickCount,props_pageProps_match_team1_championPicks_items_12___typename,props_pageProps_match_team1_championPicks_items_12_banCount,props_pageProps_match_team1_championPicks_items_12_champion,props_pageProps_match_team1_championPicks_items_12_pickCount,props_pageProps_match_team1_championPicks_items_12_totalCount,props_pageProps_match_team1_championPicks_items_12_winBanCount,props_pageProps_match_team1_championPicks_items_12_winPickCount,props_pageProps_match_team1_championPicks_items_13___typename,props_pageProps_match_team1_championPicks_items_13_banCount,props_pageProps_match_team1_championPicks_items_13_champion,props_pageProps_match_team1_championPicks_items_13_pickCount,props_pageProps_match_team1_championPicks_items_13_totalCount,props_pageProps_match_team1_championPicks_items_13_winBanCount,props_pageProps_match_team1_championPicks_items_13_winPickCount,props_pageProps_match_team1_championPicks_items_14___typename,props_pageProps_match_team1_championPicks_items_14_banCount,props_pageProps_match_team1_championPicks_items_14_champion,props_pageProps_match_team1_championPicks_items_14_pickCount,props_pageProps_match_team1_championPicks_items_14_totalCount,props_pageProps_match_team1_championPicks_items_14_winBanCount,props_pageProps_match_team1_championPicks_items_14_winPickCount,props_pageProps_match_team1_championPicks_items_15___typename,props_pageProps_match_team1_championPicks_items_15_banCount,props_pageProps_match_team1_championPicks_items_15_champion,props_pageProps_match_team1_championPicks_items_15_pickCount,props_pageProps_match_team1_championPicks_items_15_totalCount,props_pageProps_match_team1_championPicks_items_15_winBanCount,props_pageProps_match_team1_championPicks_items_15_winPickCount,props_pageProps_match_team1_championPicks_items_16___typename,props_pageProps_match_team1_championPicks_items_16_banCount,props_pageProps_match_team1_championPicks_items_16_champion,props_pageProps_match_team1_championPicks_items_16_pickCount,props_pageProps_match_team1_championPicks_items_16_totalCount,props_pageProps_match_team1_championPicks_items_16_winBanCount,props_pageProps_match_team1_championPicks_items_16_winPickCount,props_pageProps_match_team1_championPicks_items_17___typename,props_pageProps_match_team1_championPicks_items_17_banCount,props_pageProps_match_team1_championPicks_items_17_champion,props_pageProps_match_team1_championPicks_items_17_pickCount,props_pageProps_match_team1_championPicks_items_17_totalCount,props_pageProps_match_team1_championPicks_items_17_winBanCount,props_pageProps_match_team1_championPicks_items_17_winPickCount,props_pageProps_match_team1_championPicks_items_18___typename,props_pageProps_match_team1_championPicks_items_18_banCount,props_pageProps_match_team1_championPicks_items_18_champion,props_pageProps_match_team1_championPicks_items_18_pickCount,props_pageProps_match_team1_championPicks_items_18_totalCount,props_pageProps_match_team1_championPicks_items_18_winBanCount,props_pageProps_match_team1_championPicks_items_18_winPickCount,props_pageProps_match_team1_championPicks_items_19___typename,props_pageProps_match_team1_championPicks_items_19_banCount,props_pageProps_match_team1_championPicks_items_19_champion,props_pageProps_match_team1_championPicks_items_19_pickCount,props_pageProps_match_team1_championPicks_items_19_totalCount,props_pageProps_match_team1_championPicks_items_19_winBanCount,props_pageProps_match_team1_championPicks_items_19_winPickCount,props_pageProps_match_team1_championPicks_items_20___typename,props_pageProps_match_team1_championPicks_items_20_banCount,props_pageProps_match_team1_championPicks_items_20_champion,props_pageProps_match_team1_championPicks_items_20_pickCount,props_pageProps_match_team1_championPicks_items_20_totalCount,props_pageProps_match_team1_championPicks_items_20_winBanCount,props_pageProps_match_team1_championPicks_items_20_winPickCount,props_pageProps_match_team1_championPicks_items_21___typename,props_pageProps_match_team1_championPicks_items_21_banCount,props_pageProps_match_team1_championPicks_items_21_champion,props_pageProps_match_team1_championPicks_items_21_pickCount,props_pageProps_match_team1_championPicks_items_21_totalCount,props_pageProps_match_team1_championPicks_items_21_winBanCount,props_pageProps_match_team1_championPicks_items_21_winPickCount,props_pageProps_match_team1_championPicks_items_22___typename,props_pageProps_match_team1_championPicks_items_22_banCount,props_pageProps_match_team1_championPicks_items_22_champion,props_pageProps_match_team1_championPicks_items_22_pickCount,props_pageProps_match_team1_championPicks_items_22_totalCount,props_pageProps_match_team1_championPicks_items_22_winBanCount,props_pageProps_match_team1_championPicks_items_22_winPickCount,props_pageProps_match_team1_championPicks_total,props_pageProps_match_team1_championPicks_totalPickCount,props_pageProps_match_team1_picksByPosition_bot___typename,props_pageProps_match_team1_picksByPosition_bot_items_0___typename,props_pageProps_match_team1_picksByPosition_bot_items_0_banCount,props_pageProps_match_team1_picksByPosition_bot_items_0_champion,props_pageProps_match_team1_picksByPosition_bot_items_0_pickCount,props_pageProps_match_team1_picksByPosition_bot_items_0_totalCount,props_pageProps_match_team1_picksByPosition_bot_items_0_winBanCount,props_pageProps_match_team1_picksByPosition_bot_items_0_winPickCount,props_pageProps_match_team1_picksByPosition_bot_items_1___typename,props_pageProps_match_team1_picksByPosition_bot_items_1_banCount,props_pageProps_match_team1_picksByPosition_bot_items_1_champion,props_pageProps_match_team1_picksByPosition_bot_items_1_pickCount,props_pageProps_match_team1_picksByPosition_bot_items_1_totalCount,props_pageProps_match_team1_picksByPosition_bot_items_1_winBanCount,props_pageProps_match_team1_picksByPosition_bot_items_1_winPickCount,props_pageProps_match_team1_picksByPosition_bot_items_2___typename,props_pageProps_match_team1_picksByPosition_bot_items_2_banCount,props_pageProps_match_team1_picksByPosition_bot_items_2_champion,props_pageProps_match_team1_picksByPosition_bot_items_2_pickCount,props_pageProps_match_team1_picksByPosition_bot_items_2_totalCount,props_pageProps_match_team1_picksByPosition_bot_items_2_winBanCount,props_pageProps_match_team1_picksByPosition_bot_items_2_winPickCount,props_pageProps_match_team1_picksByPosition_bot_items_3___typename,props_pageProps_match_team1_picksByPosition_bot_items_3_banCount,props_pageProps_match_team1_picksByPosition_bot_items_3_champion,props_pageProps_match_team1_picksByPosition_bot_items_3_pickCount,props_pageProps_match_team1_picksByPosition_bot_items_3_totalCount,props_pageProps_match_team1_picksByPosition_bot_items_3_winBanCount,props_pageProps_match_team1_picksByPosition_bot_items_3_winPickCount,props_pageProps_match_team1_picksByPosition_bot_items_4___typename,props_pageProps_match_team1_picksByPosition_bot_items_4_banCount,props_pageProps_match_team1_picksByPosition_bot_items_4_champion,props_pageProps_match_team1_picksByPosition_bot_items_4_pickCount,props_pageProps_match_team1_picksByPosition_bot_items_4_totalCount,props_pageProps_match_team1_picksByPosition_bot_items_4_winBanCount,props_pageProps_match_team1_picksByPosition_bot_items_4_winPickCount,props_pageProps_match_team1_picksByPosition_bot_items_5___typename,props_pageProps_match_team1_picksByPosition_bot_items_5_banCount,props_pageProps_match_team1_picksByPosition_bot_items_5_champion,props_pageProps_match_team1_picksByPosition_bot_items_5_pickCount,props_pageProps_match_team1_picksByPosition_bot_items_5_totalCount,props_pageProps_match_team1_picksByPosition_bot_items_5_winBanCount,props_pageProps_match_team1_picksByPosition_bot_items_5_winPickCount,props_pageProps_match_team1_picksByPosition_bot_total,props_pageProps_match_team1_picksByPosition_bot_totalPickCount,props_pageProps_match_team1_picksByPosition_jng___typename,props_pageProps_match_team1_picksByPosition_jng_items_0___typename,props_pageProps_match_team1_picksByPosition_jng_items_0_banCount,props_pageProps_match_team1_picksByPosition_jng_items_0_champion,props_pageProps_match_team1_picksByPosition_jng_items_0_pickCount,props_pageProps_match_team1_picksByPosition_jng_items_0_totalCount,props_pageProps_match_team1_picksByPosition_jng_items_0_winBanCount,props_pageProps_match_team1_picksByPosition_jng_items_0_winPickCount,props_pageProps_match_team1_picksByPosition_jng_items_1___typename,props_pageProps_match_team1_picksByPosition_jng_items_1_banCount,props_pageProps_match_team1_picksByPosition_jng_items_1_champion,props_pageProps_match_team1_picksByPosition_jng_items_1_pickCount,props_pageProps_match_team1_picksByPosition_jng_items_1_totalCount,props_pageProps_match_team1_picksByPosition_jng_items_1_winBanCount,props_pageProps_match_team1_picksByPosition_jng_items_1_winPickCount,props_pageProps_match_team1_picksByPosition_jng_items_2___typename,props_pageProps_match_team1_picksByPosition_jng_items_2_banCount,props_pageProps_match_team1_picksByPosition_jng_items_2_champion,props_pageProps_match_team1_picksByPosition_jng_items_2_pickCount,props_pageProps_match_team1_picksByPosition_jng_items_2_totalCount,props_pageProps_match_team1_picksByPosition_jng_items_2_winBanCount,props_pageProps_match_team1_picksByPosition_jng_items_2_winPickCount,props_pageProps_match_team1_picksByPosition_jng_items_3___typename,props_pageProps_match_team1_picksByPosition_jng_items_3_banCount,props_pageProps_match_team1_picksByPosition_jng_items_3_champion,props_pageProps_match_team1_picksByPosition_jng_items_3_pickCount,props_pageProps_match_team1_picksByPosition_jng_items_3_totalCount,props_pageProps_match_team1_picksByPosition_jng_items_3_winBanCount,props_pageProps_match_team1_picksByPosition_jng_items_3_winPickCount,props_pageProps_match_team1_picksByPosition_jng_items_4___typename,props_pageProps_match_team1_picksByPosition_jng_items_4_banCount,props_pageProps_match_team1_picksByPosition_jng_items_4_champion,props_pageProps_match_team1_picksByPosition_jng_items_4_pickCount,props_pageProps_match_team1_picksByPosition_jng_items_4_totalCount,props_pageProps_match_team1_picksByPosition_jng_items_4_winBanCount,props_pageProps_match_team1_picksByPosition_jng_items_4_winPickCount,props_pageProps_match_team1_picksByPosition_jng_total,props_pageProps_match_team1_picksByPosition_jng_totalPickCount,props_pageProps_match_team1_picksByPosition_mid___typename,props_pageProps_match_team1_picksByPosition_mid_items_0___typename,props_pageProps_match_team1_picksByPosition_mid_items_0_banCount,props_pageProps_match_team1_picksByPosition_mid_items_0_champion,props_pageProps_match_team1_picksByPosition_mid_items_0_pickCount,props_pageProps_match_team1_picksByPosition_mid_items_0_totalCount,props_pageProps_match_team1_picksByPosition_mid_items_0_winBanCount,props_pageProps_match_team1_picksByPosition_mid_items_0_winPickCount,props_pageProps_match_team1_picksByPosition_mid_items_1___typename,props_pageProps_match_team1_picksByPosition_mid_items_1_banCount,props_pageProps_match_team1_picksByPosition_mid_items_1_champion,props_pageProps_match_team1_picksByPosition_mid_items_1_pickCount,props_pageProps_match_team1_picksByPosition_mid_items_1_totalCount,props_pageProps_match_team1_picksByPosition_mid_items_1_winBanCount,props_pageProps_match_team1_picksByPosition_mid_items_1_winPickCount,props_pageProps_match_team1_picksByPosition_mid_items_2___typename,props_pageProps_match_team1_picksByPosition_mid_items_2_banCount,props_pageProps_match_team1_picksByPosition_mid_items_2_champion,props_pageProps_match_team1_picksByPosition_mid_items_2_pickCount,props_pageProps_match_team1_picksByPosition_mid_items_2_totalCount,props_pageProps_match_team1_picksByPosition_mid_items_2_winBanCount,props_pageProps_match_team1_picksByPosition_mid_items_2_winPickCount,props_pageProps_match_team1_picksByPosition_mid_items_3___typename,props_pageProps_match_team1_picksByPosition_mid_items_3_banCount,props_pageProps_match_team1_picksByPosition_mid_items_3_champion,props_pageProps_match_team1_picksByPosition_mid_items_3_pickCount,props_pageProps_match_team1_picksByPosition_mid_items_3_totalCount,props_pageProps_match_team1_picksByPosition_mid_items_3_winBanCount,props_pageProps_match_team1_picksByPosition_mid_items_3_winPickCount,props_pageProps_match_team1_picksByPosition_mid_items_4___typename,props_pageProps_match_team1_picksByPosition_mid_items_4_banCount,props_pageProps_match_team1_picksByPosition_mid_items_4_champion,props_pageProps_match_team1_picksByPosition_mid_items_4_pickCount,props_pageProps_match_team1_picksByPosition_mid_items_4_totalCount,props_pageProps_match_team1_picksByPosition_mid_items_4_winBanCount,props_pageProps_match_team1_picksByPosition_mid_items_4_winPickCount,props_pageProps_match_team1_picksByPosition_mid_total,props_pageProps_match_team1_picksByPosition_mid_totalPickCount,props_pageProps_match_team1_picksByPosition_sup___typename,props_pageProps_match_team1_picksByPosition_sup_items_0___typename,props_pageProps_match_team1_picksByPosition_sup_items_0_banCount,props_pageProps_match_team1_picksByPosition_sup_items_0_champion,props_pageProps_match_team1_picksByPosition_sup_items_0_pickCount,props_pageProps_match_team1_picksByPosition_sup_items_0_totalCount,props_pageProps_match_team1_picksByPosition_sup_items_0_winBanCount,props_pageProps_match_team1_picksByPosition_sup_items_0_winPickCount,props_pageProps_match_team1_picksByPosition_sup_items_1___typename,props_pageProps_match_team1_picksByPosition_sup_items_1_banCount,props_pageProps_match_team1_picksByPosition_sup_items_1_champion,props_pageProps_match_team1_picksByPosition_sup_items_1_pickCount,props_pageProps_match_team1_picksByPosition_sup_items_1_totalCount,props_pageProps_match_team1_picksByPosition_sup_items_1_winBanCount,props_pageProps_match_team1_picksByPosition_sup_items_1_winPickCount,props_pageProps_match_team1_picksByPosition_sup_items_2___typename,props_pageProps_match_team1_picksByPosition_sup_items_2_banCount,props_pageProps_match_team1_picksByPosition_sup_items_2_champion,props_pageProps_match_team1_picksByPosition_sup_items_2_pickCount,props_pageProps_match_team1_picksByPosition_sup_items_2_totalCount,props_pageProps_match_team1_picksByPosition_sup_items_2_winBanCount,props_pageProps_match_team1_picksByPosition_sup_items_2_winPickCount,props_pageProps_match_team1_picksByPosition_sup_items_3___typename,props_pageProps_match_team1_picksByPosition_sup_items_3_banCount,props_pageProps_match_team1_picksByPosition_sup_items_3_champion,props_pageProps_match_team1_picksByPosition_sup_items_3_pickCount,props_pageProps_match_team1_picksByPosition_sup_items_3_totalCount,props_pageProps_match_team1_picksByPosition_sup_items_3_winBanCount,props_pageProps_match_team1_picksByPosition_sup_items_3_winPickCount,props_pageProps_match_team1_picksByPosition_sup_total,props_pageProps_match_team1_picksByPosition_sup_totalPickCount,props_pageProps_match_team1_picksByPosition_top___typename,props_pageProps_match_team1_picksByPosition_top_items_0___typename,props_pageProps_match_team1_picksByPosition_top_items_0_banCount,props_pageProps_match_team1_picksByPosition_top_items_0_champion,props_pageProps_match_team1_picksByPosition_top_items_0_pickCount,props_pageProps_match_team1_picksByPosition_top_items_0_totalCount,props_pageProps_match_team1_picksByPosition_top_items_0_winBanCount,props_pageProps_match_team1_picksByPosition_top_items_0_winPickCount,props_pageProps_match_team1_picksByPosition_top_items_1___typename,props_pageProps_match_team1_picksByPosition_top_items_1_banCount,props_pageProps_match_team1_picksByPosition_top_items_1_champion,props_pageProps_match_team1_picksByPosition_top_items_1_pickCount,props_pageProps_match_team1_picksByPosition_top_items_1_totalCount,props_pageProps_match_team1_picksByPosition_top_items_1_winBanCount,props_pageProps_match_team1_picksByPosition_top_items_1_winPickCount,props_pageProps_match_team1_picksByPosition_top_items_2___typename,props_pageProps_match_team1_picksByPosition_top_items_2_banCount,props_pageProps_match_team1_picksByPosition_top_items_2_champion,props_pageProps_match_team1_picksByPosition_top_items_2_pickCount,props_pageProps_match_team1_picksByPosition_top_items_2_totalCount,props_pageProps_match_team1_picksByPosition_top_items_2_winBanCount,props_pageProps_match_team1_picksByPosition_top_items_2_winPickCount,props_pageProps_match_team1_picksByPosition_top_items_3___typename,props_pageProps_match_team1_picksByPosition_top_items_3_banCount,props_pageProps_match_team1_picksByPosition_top_items_3_champion,props_pageProps_match_team1_picksByPosition_top_items_3_pickCount,props_pageProps_match_team1_picksByPosition_top_items_3_totalCount,props_pageProps_match_team1_picksByPosition_top_items_3_winBanCount,props_pageProps_match_team1_picksByPosition_top_items_3_winPickCount,props_pageProps_match_team1_picksByPosition_top_total,props_pageProps_match_team1_picksByPosition_top_totalPickCount,props_pageProps_match_team1_playerSeasonStats_0___typename,props_pageProps_match_team1_playerSeasonStats_0_avgAssists,props_pageProps_match_team1_playerSeasonStats_0_avgDamagePerTeamfights,props_pageProps_match_team1_playerSeasonStats_0_avgDeaths,props_pageProps_match_team1_playerSeasonStats_0_avgDmgHealedOnTeamPerMin,props_pageProps_match_team1_playerSeasonStats_0_avgDmgToChampsPerMin,props_pageProps_match_team1_playerSeasonStats_0_avgGold,props_pageProps_match_team1_playerSeasonStats_0_avgGoldAtFifteen,props_pageProps_match_team1_playerSeasonStats_0_avgGoldDiffAtFifteen,props_pageProps_match_team1_playerSeasonStats_0_avgIsoDeaths,props_pageProps_match_team1_playerSeasonStats_0_avgKills,props_pageProps_match_team1_playerSeasonStats_0_avgMinionsKilled,props_pageProps_match_team1_playerSeasonStats_0_avgMinsBetweenDeaths,props_pageProps_match_team1_playerSeasonStats_0_avgMinsBetweenKills,props_pageProps_match_team1_playerSeasonStats_0_avgNeutralMinionKilled,props_pageProps_match_team1_playerSeasonStats_0_avgRecalls,props_pageProps_match_team1_playerSeasonStats_0_avgSoloKills,props_pageProps_match_team1_playerSeasonStats_0_avgVisionScore,props_pageProps_match_team1_playerSeasonStats_0_avgWardsKilled,props_pageProps_match_team1_playerSeasonStats_0_avgWardsPlaced,props_pageProps_match_team1_playerSeasonStats_0_firstBloodRate,props_pageProps_match_team1_playerSeasonStats_0_player,props_pageProps_match_team1_playerSeasonStats_0_playerPerid,props_pageProps_match_team1_playerSeasonStats_0_rank,props_pageProps_match_team1_playerSeasonStats_0_role,props_pageProps_match_team1_playerSeasonStats_0_seasonName,props_pageProps_match_team1_playerSeasonStats_0_tournamentName,props_pageProps_match_team1_playerSeasonStats_1___typename,props_pageProps_match_team1_playerSeasonStats_1_avgAssists,props_pageProps_match_team1_playerSeasonStats_1_avgDamagePerTeamfights,props_pageProps_match_team1_playerSeasonStats_1_avgDeaths,props_pageProps_match_team1_playerSeasonStats_1_avgDmgHealedOnTeamPerMin,props_pageProps_match_team1_playerSeasonStats_1_avgDmgToChampsPerMin,props_pageProps_match_team1_playerSeasonStats_1_avgGold,props_pageProps_match_team1_playerSeasonStats_1_avgGoldAtFifteen,props_pageProps_match_team1_playerSeasonStats_1_avgGoldDiffAtFifteen,props_pageProps_match_team1_playerSeasonStats_1_avgIsoDeaths,props_pageProps_match_team1_playerSeasonStats_1_avgKills,props_pageProps_match_team1_playerSeasonStats_1_avgMinionsKilled,props_pageProps_match_team1_playerSeasonStats_1_avgMinsBetweenDeaths,props_pageProps_match_team1_playerSeasonStats_1_avgMinsBetweenKills,props_pageProps_match_team1_playerSeasonStats_1_avgNeutralMinionKilled,props_pageProps_match_team1_playerSeasonStats_1_avgRecalls,props_pageProps_match_team1_playerSeasonStats_1_avgSoloKills,props_pageProps_match_team1_playerSeasonStats_1_avgVisionScore,props_pageProps_match_team1_playerSeasonStats_1_avgWardsKilled,props_pageProps_match_team1_playerSeasonStats_1_avgWardsPlaced,props_pageProps_match_team1_playerSeasonStats_1_firstBloodRate,props_pageProps_match_team1_playerSeasonStats_1_player,props_pageProps_match_team1_playerSeasonStats_1_playerPerid,props_pageProps_match_team1_playerSeasonStats_1_rank,props_pageProps_match_team1_playerSeasonStats_1_role,props_pageProps_match_team1_playerSeasonStats_1_seasonName,props_pageProps_match_team1_playerSeasonStats_1_tournamentName,props_pageProps_match_team1_playerSeasonStats_2___typename,props_pageProps_match_team1_playerSeasonStats_2_avgAssists,props_pageProps_match_team1_playerSeasonStats_2_avgDamagePerTeamfights,props_pageProps_match_team1_playerSeasonStats_2_avgDeaths,props_pageProps_match_team1_playerSeasonStats_2_avgDmgHealedOnTeamPerMin,props_pageProps_match_team1_playerSeasonStats_2_avgDmgToChampsPerMin,props_pageProps_match_team1_playerSeasonStats_2_avgGold,props_pageProps_match_team1_playerSeasonStats_2_avgGoldAtFifteen,props_pageProps_match_team1_playerSeasonStats_2_avgGoldDiffAtFifteen,props_pageProps_match_team1_playerSeasonStats_2_avgIsoDeaths,props_pageProps_match_team1_playerSeasonStats_2_avgKills,props_pageProps_match_team1_playerSeasonStats_2_avgMinionsKilled,props_pageProps_match_team1_playerSeasonStats_2_avgMinsBetweenDeaths,props_pageProps_match_team1_playerSeasonStats_2_avgMinsBetweenKills,props_pageProps_match_team1_playerSeasonStats_2_avgNeutralMinionKilled,props_pageProps_match_team1_playerSeasonStats_2_avgRecalls,props_pageProps_match_team1_playerSeasonStats_2_avgSoloKills,props_pageProps_match_team1_playerSeasonStats_2_avgVisionScore,props_pageProps_match_team1_playerSeasonStats_2_avgWardsKilled,props_pageProps_match_team1_playerSeasonStats_2_avgWardsPlaced,props_pageProps_match_team1_playerSeasonStats_2_firstBloodRate,props_pageProps_match_team1_playerSeasonStats_2_player,props_pageProps_match_team1_playerSeasonStats_2_playerPerid,props_pageProps_match_team1_playerSeasonStats_2_rank,props_pageProps_match_team1_playerSeasonStats_2_role,props_pageProps_match_team1_playerSeasonStats_2_seasonName,props_pageProps_match_team1_playerSeasonStats_2_tournamentName,props_pageProps_match_team1_playerSeasonStats_3___typename,props_pageProps_match_team1_playerSeasonStats_3_avgAssists,props_pageProps_match_team1_playerSeasonStats_3_avgDamagePerTeamfights,props_pageProps_match_team1_playerSeasonStats_3_avgDeaths,props_pageProps_match_team1_playerSeasonStats_3_avgDmgHealedOnTeamPerMin,props_pageProps_match_team1_playerSeasonStats_3_avgDmgToChampsPerMin,props_pageProps_match_team1_playerSeasonStats_3_avgGold,props_pageProps_match_team1_playerSeasonStats_3_avgGoldAtFifteen,props_pageProps_match_team1_playerSeasonStats_3_avgGoldDiffAtFifteen,props_pageProps_match_team1_playerSeasonStats_3_avgIsoDeaths,props_pageProps_match_team1_playerSeasonStats_3_avgKills,props_pageProps_match_team1_playerSeasonStats_3_avgMinionsKilled,props_pageProps_match_team1_playerSeasonStats_3_avgMinsBetweenDeaths,props_pageProps_match_team1_playerSeasonStats_3_avgMinsBetweenKills,props_pageProps_match_team1_playerSeasonStats_3_avgNeutralMinionKilled,props_pageProps_match_team1_playerSeasonStats_3_avgRecalls,props_pageProps_match_team1_playerSeasonStats_3_avgSoloKills,props_pageProps_match_team1_playerSeasonStats_3_avgVisionScore,props_pageProps_match_team1_playerSeasonStats_3_avgWardsKilled,props_pageProps_match_team1_playerSeasonStats_3_avgWardsPlaced,props_pageProps_match_team1_playerSeasonStats_3_firstBloodRate,props_pageProps_match_team1_playerSeasonStats_3_player,props_pageProps_match_team1_playerSeasonStats_3_playerPerid,props_pageProps_match_team1_playerSeasonStats_3_rank,props_pageProps_match_team1_playerSeasonStats_3_role,props_pageProps_match_team1_playerSeasonStats_3_seasonName,props_pageProps_match_team1_playerSeasonStats_3_tournamentName,props_pageProps_match_team1_playerSeasonStats_4___typename,props_pageProps_match_team1_playerSeasonStats_4_avgAssists,props_pageProps_match_team1_playerSeasonStats_4_avgDamagePerTeamfights,props_pageProps_match_team1_playerSeasonStats_4_avgDeaths,props_pageProps_match_team1_playerSeasonStats_4_avgDmgHealedOnTeamPerMin,props_pageProps_match_team1_playerSeasonStats_4_avgDmgToChampsPerMin,props_pageProps_match_team1_playerSeasonStats_4_avgGold,props_pageProps_match_team1_playerSeasonStats_4_avgGoldAtFifteen,props_pageProps_match_team1_playerSeasonStats_4_avgGoldDiffAtFifteen,props_pageProps_match_team1_playerSeasonStats_4_avgIsoDeaths,props_pageProps_match_team1_playerSeasonStats_4_avgKills,props_pageProps_match_team1_playerSeasonStats_4_avgMinionsKilled,props_pageProps_match_team1_playerSeasonStats_4_avgMinsBetweenDeaths,props_pageProps_match_team1_playerSeasonStats_4_avgMinsBetweenKills,props_pageProps_match_team1_playerSeasonStats_4_avgNeutralMinionKilled,props_pageProps_match_team1_playerSeasonStats_4_avgRecalls,props_pageProps_match_team1_playerSeasonStats_4_avgSoloKills,props_pageProps_match_team1_playerSeasonStats_4_avgVisionScore,props_pageProps_match_team1_playerSeasonStats_4_avgWardsKilled,props_pageProps_match_team1_playerSeasonStats_4_avgWardsPlaced,props_pageProps_match_team1_playerSeasonStats_4_firstBloodRate,props_pageProps_match_team1_playerSeasonStats_4_player,props_pageProps_match_team1_playerSeasonStats_4_playerPerid,props_pageProps_match_team1_playerSeasonStats_4_rank,props_pageProps_match_team1_playerSeasonStats_4_role,props_pageProps_match_team1_playerSeasonStats_4_seasonName,props_pageProps_match_team1_playerSeasonStats_4_tournamentName,props_pageProps_match_team1_playerSeasonStats_5___typename,props_pageProps_match_team1_playerSeasonStats_5_avgAssists,props_pageProps_match_team1_playerSeasonStats_5_avgDamagePerTeamfights,props_pageProps_match_team1_playerSeasonStats_5_avgDeaths,props_pageProps_match_team1_playerSeasonStats_5_avgDmgHealedOnTeamPerMin,props_pageProps_match_team1_playerSeasonStats_5_avgDmgToChampsPerMin,props_pageProps_match_team1_playerSeasonStats_5_avgGold,props_pageProps_match_team1_playerSeasonStats_5_avgGoldAtFifteen,props_pageProps_match_team1_playerSeasonStats_5_avgGoldDiffAtFifteen,props_pageProps_match_team1_playerSeasonStats_5_avgIsoDeaths,props_pageProps_match_team1_playerSeasonStats_5_avgKills,props_pageProps_match_team1_playerSeasonStats_5_avgMinionsKilled,props_pageProps_match_team1_playerSeasonStats_5_avgMinsBetweenDeaths,props_pageProps_match_team1_playerSeasonStats_5_avgMinsBetweenKills,props_pageProps_match_team1_playerSeasonStats_5_avgNeutralMinionKilled,props_pageProps_match_team1_playerSeasonStats_5_avgRecalls,props_pageProps_match_team1_playerSeasonStats_5_avgSoloKills,props_pageProps_match_team1_playerSeasonStats_5_avgVisionScore,props_pageProps_match_team1_playerSeasonStats_5_avgWardsKilled,props_pageProps_match_team1_playerSeasonStats_5_avgWardsPlaced,props_pageProps_match_team1_playerSeasonStats_5_firstBloodRate,props_pageProps_match_team1_playerSeasonStats_5_player,props_pageProps_match_team1_playerSeasonStats_5_playerPerid,props_pageProps_match_team1_playerSeasonStats_5_rank,props_pageProps_match_team1_playerSeasonStats_5_role,props_pageProps_match_team1_playerSeasonStats_5_seasonName,props_pageProps_match_team1_playerSeasonStats_5_tournamentName,props_pageProps_match_team1_powrRankings_0___typename,props_pageProps_match_team1_powrRankings_0_gamesPlayed,props_pageProps_match_team1_powrRankings_0_isPlayer,props_pageProps_match_team1_powrRankings_0_league,props_pageProps_match_team1_powrRankings_0_player,props_pageProps_match_team1_powrRankings_0_playerDetails___typename,props_pageProps_match_team1_powrRankings_0_playerDetails_factorId,props_pageProps_match_team1_powrRankings_0_playerDetails_fullName,props_pageProps_match_team1_powrRankings_0_playerDetails_headshotUrl,props_pageProps_match_team1_powrRankings_0_playerDetails_name,props_pageProps_match_team1_powrRankings_0_playerPerid,props_pageProps_match_team1_powrRankings_0_prevRanking,props_pageProps_match_team1_powrRankings_0_rank,props_pageProps_match_team1_powrRankings_0_ranking,props_pageProps_match_team1_powrRankings_0_role,props_pageProps_match_team1_powrRankings_0_team,props_pageProps_match_team1_powrRankings_0_teamDetails___typename,props_pageProps_match_team1_powrRankings_0_teamDetails_factorId,props_pageProps_match_team1_powrRankings_0_teamDetails_fullName,props_pageProps_match_team1_powrRankings_0_teamDetails_teamLogo___typename,props_pageProps_match_team1_powrRankings_0_teamDetails_teamLogo_darkFlip,props_pageProps_match_team1_powrRankings_0_teamDetails_teamLogo_darkShadow,props_pageProps_match_team1_powrRankings_0_teamDetails_teamLogo_logoUrl,props_pageProps_match_team1_powrRankings_0_teamDetails_teamUrn,props_pageProps_match_team1_powrRankings_0_teamPerid,props_pageProps_match_team1_powrRankings_1___typename,props_pageProps_match_team1_powrRankings_1_gamesPlayed,props_pageProps_match_team1_powrRankings_1_isPlayer,props_pageProps_match_team1_powrRankings_1_league,props_pageProps_match_team1_powrRankings_1_player,props_pageProps_match_team1_powrRankings_1_playerDetails___typename,props_pageProps_match_team1_powrRankings_1_playerDetails_factorId,props_pageProps_match_team1_powrRankings_1_playerDetails_fullName,props_pageProps_match_team1_powrRankings_1_playerDetails_headshotUrl,props_pageProps_match_team1_powrRankings_1_playerDetails_name,props_pageProps_match_team1_powrRankings_1_playerPerid,props_pageProps_match_team1_powrRankings_1_prevRanking,props_pageProps_match_team1_powrRankings_1_rank,props_pageProps_match_team1_powrRankings_1_ranking,props_pageProps_match_team1_powrRankings_1_role,props_pageProps_match_team1_powrRankings_1_team,props_pageProps_match_team1_powrRankings_1_teamDetails___typename,props_pageProps_match_team1_powrRankings_1_teamDetails_factorId,props_pageProps_match_team1_powrRankings_1_teamDetails_fullName,props_pageProps_match_team1_powrRankings_1_teamDetails_teamLogo___typename,props_pageProps_match_team1_powrRankings_1_teamDetails_teamLogo_darkFlip,props_pageProps_match_team1_powrRankings_1_teamDetails_teamLogo_darkShadow,props_pageProps_match_team1_powrRankings_1_teamDetails_teamLogo_logoUrl,props_pageProps_match_team1_powrRankings_1_teamDetails_teamUrn,props_pageProps_match_team1_powrRankings_1_teamPerid,props_pageProps_match_team1_powrRankings_2___typename,props_pageProps_match_team1_powrRankings_2_gamesPlayed,props_pageProps_match_team1_powrRankings_2_isPlayer,props_pageProps_match_team1_powrRankings_2_league,props_pageProps_match_team1_powrRankings_2_player,props_pageProps_match_team1_powrRankings_2_playerDetails___typename,props_pageProps_match_team1_powrRankings_2_playerDetails_factorId,props_pageProps_match_team1_powrRankings_2_playerDetails_fullName,props_pageProps_match_team1_powrRankings_2_playerDetails_headshotUrl,props_pageProps_match_team1_powrRankings_2_playerDetails_name,props_pageProps_match_team1_powrRankings_2_playerPerid,props_pageProps_match_team1_powrRankings_2_prevRanking,props_pageProps_match_team1_powrRankings_2_rank,props_pageProps_match_team1_powrRankings_2_ranking,props_pageProps_match_team1_powrRankings_2_role,props_pageProps_match_team1_powrRankings_2_team,props_pageProps_match_team1_powrRankings_2_teamDetails___typename,props_pageProps_match_team1_powrRankings_2_teamDetails_factorId,props_pageProps_match_team1_powrRankings_2_teamDetails_fullName,props_pageProps_match_team1_powrRankings_2_teamDetails_teamLogo___typename,props_pageProps_match_team1_powrRankings_2_teamDetails_teamLogo_darkFlip,props_pageProps_match_team1_powrRankings_2_teamDetails_teamLogo_darkShadow,props_pageProps_match_team1_powrRankings_2_teamDetails_teamLogo_logoUrl,props_pageProps_match_team1_powrRankings_2_teamDetails_teamUrn,props_pageProps_match_team1_powrRankings_2_teamPerid,props_pageProps_match_team1_powrRankings_3___typename,props_pageProps_match_team1_powrRankings_3_gamesPlayed,props_pageProps_match_team1_powrRankings_3_isPlayer,props_pageProps_match_team1_powrRankings_3_league,props_pageProps_match_team1_powrRankings_3_player,props_pageProps_match_team1_powrRankings_3_playerDetails___typename,props_pageProps_match_team1_powrRankings_3_playerDetails_factorId,props_pageProps_match_team1_powrRankings_3_playerDetails_fullName,props_pageProps_match_team1_powrRankings_3_playerDetails_headshotUrl,props_pageProps_match_team1_powrRankings_3_playerDetails_name,props_pageProps_match_team1_powrRankings_3_playerPerid,props_pageProps_match_team1_powrRankings_3_prevRanking,props_pageProps_match_team1_powrRankings_3_rank,props_pageProps_match_team1_powrRankings_3_ranking,props_pageProps_match_team1_powrRankings_3_role,props_pageProps_match_team1_powrRankings_3_team,props_pageProps_match_team1_powrRankings_3_teamDetails___typename,props_pageProps_match_team1_powrRankings_3_teamDetails_factorId,props_pageProps_match_team1_powrRankings_3_teamDetails_fullName,props_pageProps_match_team1_powrRankings_3_teamDetails_teamLogo___typename,props_pageProps_match_team1_powrRankings_3_teamDetails_teamLogo_darkFlip,props_pageProps_match_team1_powrRankings_3_teamDetails_teamLogo_darkShadow,props_pageProps_match_team1_powrRankings_3_teamDetails_teamLogo_logoUrl,props_pageProps_match_team1_powrRankings_3_teamDetails_teamUrn,props_pageProps_match_team1_powrRankings_3_teamPerid,props_pageProps_match_team1_powrRankings_4___typename,props_pageProps_match_team1_powrRankings_4_gamesPlayed,props_pageProps_match_team1_powrRankings_4_isPlayer,props_pageProps_match_team1_powrRankings_4_league,props_pageProps_match_team1_powrRankings_4_player,props_pageProps_match_team1_powrRankings_4_playerDetails___typename,props_pageProps_match_team1_powrRankings_4_playerDetails_factorId,props_pageProps_match_team1_powrRankings_4_playerDetails_fullName,props_pageProps_match_team1_powrRankings_4_playerDetails_headshotUrl,props_pageProps_match_team1_powrRankings_4_playerDetails_name,props_pageProps_match_team1_powrRankings_4_playerPerid,props_pageProps_match_team1_powrRankings_4_prevRanking,props_pageProps_match_team1_powrRankings_4_rank,props_pageProps_match_team1_powrRankings_4_ranking,props_pageProps_match_team1_powrRankings_4_role,props_pageProps_match_team1_powrRankings_4_team,props_pageProps_match_team1_powrRankings_4_teamDetails___typename,props_pageProps_match_team1_powrRankings_4_teamDetails_factorId,props_pageProps_match_team1_powrRankings_4_teamDetails_fullName,props_pageProps_match_team1_powrRankings_4_teamDetails_teamLogo___typename,props_pageProps_match_team1_powrRankings_4_teamDetails_teamLogo_darkFlip,props_pageProps_match_team1_powrRankings_4_teamDetails_teamLogo_darkShadow,props_pageProps_match_team1_powrRankings_4_teamDetails_teamLogo_logoUrl,props_pageProps_match_team1_powrRankings_4_teamDetails_teamUrn,props_pageProps_match_team1_powrRankings_4_teamPerid,props_pageProps_match_team1_powrRankings_5___typename,props_pageProps_match_team1_powrRankings_5_gamesPlayed,props_pageProps_match_team1_powrRankings_5_isPlayer,props_pageProps_match_team1_powrRankings_5_league,props_pageProps_match_team1_powrRankings_5_player,props_pageProps_match_team1_powrRankings_5_playerDetails___typename,props_pageProps_match_team1_powrRankings_5_playerDetails_factorId,props_pageProps_match_team1_powrRankings_5_playerDetails_fullName,props_pageProps_match_team1_powrRankings_5_playerDetails_headshotUrl,props_pageProps_match_team1_powrRankings_5_playerDetails_name,props_pageProps_match_team1_powrRankings_5_playerPerid,props_pageProps_match_team1_powrRankings_5_prevRanking,props_pageProps_match_team1_powrRankings_5_rank,props_pageProps_match_team1_powrRankings_5_ranking,props_pageProps_match_team1_powrRankings_5_role,props_pageProps_match_team1_powrRankings_5_team,props_pageProps_match_team1_powrRankings_5_teamDetails___typename,props_pageProps_match_team1_powrRankings_5_teamDetails_factorId,props_pageProps_match_team1_powrRankings_5_teamDetails_fullName,props_pageProps_match_team1_powrRankings_5_teamDetails_teamLogo___typename,props_pageProps_match_team1_powrRankings_5_teamDetails_teamLogo_darkFlip,props_pageProps_match_team1_powrRankings_5_teamDetails_teamLogo_darkShadow,props_pageProps_match_team1_powrRankings_5_teamDetails_teamLogo_logoUrl,props_pageProps_match_team1_powrRankings_5_teamDetails_teamUrn,props_pageProps_match_team1_powrRankings_5_teamPerid,props_pageProps_match_team1_teamStats_0___typename,props_pageProps_match_team1_teamStats_0_avgAssists,props_pageProps_match_team1_teamStats_0_avgBaronKills,props_pageProps_match_team1_teamStats_0_avgDamagePerTeamfights,props_pageProps_match_team1_teamStats_0_avgDeaths,props_pageProps_match_team1_teamStats_0_avgDmgHealedOnTeamPerMin,props_pageProps_match_team1_teamStats_0_avgDmgToChampsPerMin,props_pageProps_match_team1_teamStats_0_avgDragonKills,props_pageProps_match_team1_teamStats_0_avgDragonsAtFifteen,props_pageProps_match_team1_teamStats_0_avgGold,props_pageProps_match_team1_teamStats_0_avgGoldAtFifteen,props_pageProps_match_team1_teamStats_0_avgGoldDiffAtFifteen,props_pageProps_match_team1_teamStats_0_avgInhibKills,props_pageProps_match_team1_teamStats_0_avgIsoDeaths,props_pageProps_match_team1_teamStats_0_avgKills,props_pageProps_match_team1_teamStats_0_avgMinionsKilled,props_pageProps_match_team1_teamStats_0_avgMinsBetweenDeaths,props_pageProps_match_team1_teamStats_0_avgMinsBetweenKills,props_pageProps_match_team1_teamStats_0_avgNeutralMinionKilled,props_pageProps_match_team1_teamStats_0_avgRecalls,props_pageProps_match_team1_teamStats_0_avgSoloKills,props_pageProps_match_team1_teamStats_0_avgTowerDiffAtFifteen,props_pageProps_match_team1_teamStats_0_avgTowerKills,props_pageProps_match_team1_teamStats_0_avgTowersAtFifteen,props_pageProps_match_team1_teamStats_0_avgVisionScore,props_pageProps_match_team1_teamStats_0_avgWardsKilled,props_pageProps_match_team1_teamStats_0_avgWardsPlaced,props_pageProps_match_team1_teamStats_0_firstBloodRate,props_pageProps_match_team1_teamStats_0_firstDragonRate,props_pageProps_match_team1_teamStats_0_firstTowerRate,props_pageProps_match_team1_teamStats_0_rank,props_pageProps_match_team1_teamStats_0_seasonName,props_pageProps_match_team1_teamStats_0_selected,props_pageProps_match_team1_teamStats_0_team,props_pageProps_match_team1_teamStats_0_teamPerid,props_pageProps_match_team1_teamStats_0_tournamentName,props_pageProps_match_team1_teamStats_1___typename,props_pageProps_match_team1_teamStats_1_avgAssists,props_pageProps_match_team1_teamStats_1_avgBaronKills,props_pageProps_match_team1_teamStats_1_avgDamagePerTeamfights,props_pageProps_match_team1_teamStats_1_avgDeaths,props_pageProps_match_team1_teamStats_1_avgDmgHealedOnTeamPerMin,props_pageProps_match_team1_teamStats_1_avgDmgToChampsPerMin,props_pageProps_match_team1_teamStats_1_avgDragonKills,props_pageProps_match_team1_teamStats_1_avgDragonsAtFifteen,props_pageProps_match_team1_teamStats_1_avgGold,props_pageProps_match_team1_teamStats_1_avgGoldAtFifteen,props_pageProps_match_team1_teamStats_1_avgGoldDiffAtFifteen,props_pageProps_match_team1_teamStats_1_avgInhibKills,props_pageProps_match_team1_teamStats_1_avgIsoDeaths,props_pageProps_match_team1_teamStats_1_avgKills,props_pageProps_match_team1_teamStats_1_avgMinionsKilled,props_pageProps_match_team1_teamStats_1_avgMinsBetweenDeaths,props_pageProps_match_team1_teamStats_1_avgMinsBetweenKills,props_pageProps_match_team1_teamStats_1_avgNeutralMinionKilled,props_pageProps_match_team1_teamStats_1_avgRecalls,props_pageProps_match_team1_teamStats_1_avgSoloKills,props_pageProps_match_team1_teamStats_1_avgTowerDiffAtFifteen,props_pageProps_match_team1_teamStats_1_avgTowerKills,props_pageProps_match_team1_teamStats_1_avgTowersAtFifteen,props_pageProps_match_team1_teamStats_1_avgVisionScore,props_pageProps_match_team1_teamStats_1_avgWardsKilled,props_pageProps_match_team1_teamStats_1_avgWardsPlaced,props_pageProps_match_team1_teamStats_1_firstBloodRate,props_pageProps_match_team1_teamStats_1_firstDragonRate,props_pageProps_match_team1_teamStats_1_firstTowerRate,props_pageProps_match_team1_teamStats_1_rank,props_pageProps_match_team1_teamStats_1_seasonName,props_pageProps_match_team1_teamStats_1_selected,props_pageProps_match_team1_teamStats_1_team,props_pageProps_match_team1_teamStats_1_teamPerid,props_pageProps_match_team1_teamStats_1_tournamentName,props_pageProps_match_team1_teamStats_2___typename,props_pageProps_match_team1_teamStats_2_avgAssists,props_pageProps_match_team1_teamStats_2_avgBaronKills,props_pageProps_match_team1_teamStats_2_avgDamagePerTeamfights,props_pageProps_match_team1_teamStats_2_avgDeaths,props_pageProps_match_team1_teamStats_2_avgDmgHealedOnTeamPerMin,props_pageProps_match_team1_teamStats_2_avgDmgToChampsPerMin,props_pageProps_match_team1_teamStats_2_avgDragonKills,props_pageProps_match_team1_teamStats_2_avgDragonsAtFifteen,props_pageProps_match_team1_teamStats_2_avgGold,props_pageProps_match_team1_teamStats_2_avgGoldAtFifteen,props_pageProps_match_team1_teamStats_2_avgGoldDiffAtFifteen,props_pageProps_match_team1_teamStats_2_avgInhibKills,props_pageProps_match_team1_teamStats_2_avgIsoDeaths,props_pageProps_match_team1_teamStats_2_avgKills,props_pageProps_match_team1_teamStats_2_avgMinionsKilled,props_pageProps_match_team1_teamStats_2_avgMinsBetweenDeaths,props_pageProps_match_team1_teamStats_2_avgMinsBetweenKills,props_pageProps_match_team1_teamStats_2_avgNeutralMinionKilled,props_pageProps_match_team1_teamStats_2_avgRecalls,props_pageProps_match_team1_teamStats_2_avgSoloKills,props_pageProps_match_team1_teamStats_2_avgTowerDiffAtFifteen,props_pageProps_match_team1_teamStats_2_avgTowerKills,props_pageProps_match_team1_teamStats_2_avgTowersAtFifteen,props_pageProps_match_team1_teamStats_2_avgVisionScore,props_pageProps_match_team1_teamStats_2_avgWardsKilled,props_pageProps_match_team1_teamStats_2_avgWardsPlaced,props_pageProps_match_team1_teamStats_2_firstBloodRate,props_pageProps_match_team1_teamStats_2_firstDragonRate,props_pageProps_match_team1_teamStats_2_firstTowerRate,props_pageProps_match_team1_teamStats_2_rank,props_pageProps_match_team1_teamStats_2_seasonName,props_pageProps_match_team1_teamStats_2_selected,props_pageProps_match_team1_teamStats_2_team,props_pageProps_match_team1_teamStats_2_teamPerid,props_pageProps_match_team1_teamStats_2_tournamentName,props_pageProps_match_team1_teamStats_3___typename,props_pageProps_match_team1_teamStats_3_avgAssists,props_pageProps_match_team1_teamStats_3_avgBaronKills,props_pageProps_match_team1_teamStats_3_avgDamagePerTeamfights,props_pageProps_match_team1_teamStats_3_avgDeaths,props_pageProps_match_team1_teamStats_3_avgDmgHealedOnTeamPerMin,props_pageProps_match_team1_teamStats_3_avgDmgToChampsPerMin,props_pageProps_match_team1_teamStats_3_avgDragonKills,props_pageProps_match_team1_teamStats_3_avgDragonsAtFifteen,props_pageProps_match_team1_teamStats_3_avgGold,props_pageProps_match_team1_teamStats_3_avgGoldAtFifteen,props_pageProps_match_team1_teamStats_3_avgGoldDiffAtFifteen,props_pageProps_match_team1_teamStats_3_avgInhibKills,props_pageProps_match_team1_teamStats_3_avgIsoDeaths,props_pageProps_match_team1_teamStats_3_avgKills,props_pageProps_match_team1_teamStats_3_avgMinionsKilled,props_pageProps_match_team1_teamStats_3_avgMinsBetweenDeaths,props_pageProps_match_team1_teamStats_3_avgMinsBetweenKills,props_pageProps_match_team1_teamStats_3_avgNeutralMinionKilled,props_pageProps_match_team1_teamStats_3_avgRecalls,props_pageProps_match_team1_teamStats_3_avgSoloKills,props_pageProps_match_team1_teamStats_3_avgTowerDiffAtFifteen,props_pageProps_match_team1_teamStats_3_avgTowerKills,props_pageProps_match_team1_teamStats_3_avgTowersAtFifteen,props_pageProps_match_team1_teamStats_3_avgVisionScore,props_pageProps_match_team1_teamStats_3_avgWardsKilled,props_pageProps_match_team1_teamStats_3_avgWardsPlaced,props_pageProps_match_team1_teamStats_3_firstBloodRate,props_pageProps_match_team1_teamStats_3_firstDragonRate,props_pageProps_match_team1_teamStats_3_firstTowerRate,props_pageProps_match_team1_teamStats_3_rank,props_pageProps_match_team1_teamStats_3_seasonName,props_pageProps_match_team1_teamStats_3_selected,props_pageProps_match_team1_teamStats_3_team,props_pageProps_match_team1_teamStats_3_teamPerid,props_pageProps_match_team1_teamStats_3_tournamentName,props_pageProps_match_team1_teamStats_4___typename,props_pageProps_match_team1_teamStats_4_avgAssists,props_pageProps_match_team1_teamStats_4_avgBaronKills,props_pageProps_match_team1_teamStats_4_avgDamagePerTeamfights,props_pageProps_match_team1_teamStats_4_avgDeaths,props_pageProps_match_team1_teamStats_4_avgDmgHealedOnTeamPerMin,props_pageProps_match_team1_teamStats_4_avgDmgToChampsPerMin,props_pageProps_match_team1_teamStats_4_avgDragonKills,props_pageProps_match_team1_teamStats_4_avgDragonsAtFifteen,props_pageProps_match_team1_teamStats_4_avgGold,props_pageProps_match_team1_teamStats_4_avgGoldAtFifteen,props_pageProps_match_team1_teamStats_4_avgGoldDiffAtFifteen,props_pageProps_match_team1_teamStats_4_avgInhibKills,props_pageProps_match_team1_teamStats_4_avgIsoDeaths,props_pageProps_match_team1_teamStats_4_avgKills,props_pageProps_match_team1_teamStats_4_avgMinionsKilled,props_pageProps_match_team1_teamStats_4_avgMinsBetweenDeaths,props_pageProps_match_team1_teamStats_4_avgMinsBetweenKills,props_pageProps_match_team1_teamStats_4_avgNeutralMinionKilled,props_pageProps_match_team1_teamStats_4_avgRecalls,props_pageProps_match_team1_teamStats_4_avgSoloKills,props_pageProps_match_team1_teamStats_4_avgTowerDiffAtFifteen,props_pageProps_match_team1_teamStats_4_avgTowerKills,props_pageProps_match_team1_teamStats_4_avgTowersAtFifteen,props_pageProps_match_team1_teamStats_4_avgVisionScore,props_pageProps_match_team1_teamStats_4_avgWardsKilled,props_pageProps_match_team1_teamStats_4_avgWardsPlaced,props_pageProps_match_team1_teamStats_4_firstBloodRate,props_pageProps_match_team1_teamStats_4_firstDragonRate,props_pageProps_match_team1_teamStats_4_firstTowerRate,props_pageProps_match_team1_teamStats_4_rank,props_pageProps_match_team1_teamStats_4_seasonName,props_pageProps_match_team1_teamStats_4_selected,props_pageProps_match_team1_teamStats_4_team,props_pageProps_match_team1_teamStats_4_teamPerid,props_pageProps_match_team1_teamStats_4_tournamentName,props_pageProps_match_team1_teamStats_5___typename,props_pageProps_match_team1_teamStats_5_avgAssists,props_pageProps_match_team1_teamStats_5_avgBaronKills,props_pageProps_match_team1_teamStats_5_avgDamagePerTeamfights,props_pageProps_match_team1_teamStats_5_avgDeaths,props_pageProps_match_team1_teamStats_5_avgDmgHealedOnTeamPerMin,props_pageProps_match_team1_teamStats_5_avgDmgToChampsPerMin,props_pageProps_match_team1_teamStats_5_avgDragonKills,props_pageProps_match_team1_teamStats_5_avgDragonsAtFifteen,props_pageProps_match_team1_teamStats_5_avgGold,props_pageProps_match_team1_teamStats_5_avgGoldAtFifteen,props_pageProps_match_team1_teamStats_5_avgGoldDiffAtFifteen,props_pageProps_match_team1_teamStats_5_avgInhibKills,props_pageProps_match_team1_teamStats_5_avgIsoDeaths,props_pageProps_match_team1_teamStats_5_avgKills,props_pageProps_match_team1_teamStats_5_avgMinionsKilled,props_pageProps_match_team1_teamStats_5_avgMinsBetweenDeaths,props_pageProps_match_team1_teamStats_5_avgMinsBetweenKills,props_pageProps_match_team1_teamStats_5_avgNeutralMinionKilled,props_pageProps_match_team1_teamStats_5_avgRecalls,props_pageProps_match_team1_teamStats_5_avgSoloKills,props_pageProps_match_team1_teamStats_5_avgTowerDiffAtFifteen,props_pageProps_match_team1_teamStats_5_avgTowerKills,props_pageProps_match_team1_teamStats_5_avgTowersAtFifteen,props_pageProps_match_team1_teamStats_5_avgVisionScore,props_pageProps_match_team1_teamStats_5_avgWardsKilled,props_pageProps_match_team1_teamStats_5_avgWardsPlaced,props_pageProps_match_team1_teamStats_5_firstBloodRate,props_pageProps_match_team1_teamStats_5_firstDragonRate,props_pageProps_match_team1_teamStats_5_firstTowerRate,props_pageProps_match_team1_teamStats_5_rank,props_pageProps_match_team1_teamStats_5_seasonName,props_pageProps_match_team1_teamStats_5_selected,props_pageProps_match_team1_teamStats_5_team,props_pageProps_match_team1_teamStats_5_teamPerid,props_pageProps_match_team1_teamStats_5_tournamentName,props_pageProps_match_team1_teamStats_6_avgAssists,props_pageProps_match_team1_teamStats_6_avgBaronKills,props_pageProps_match_team1_teamStats_6_avgDamagePerTeamfights,props_pageProps_match_team1_teamStats_6_avgDeaths,props_pageProps_match_team1_teamStats_6_avgDmgHealedOnTeamPerMin,props_pageProps_match_team1_teamStats_6_avgDmgToChampsPerMin,props_pageProps_match_team1_teamStats_6_avgDragonKills,props_pageProps_match_team1_teamStats_6_avgDragonsAtFifteen,props_pageProps_match_team1_teamStats_6_avgGold,props_pageProps_match_team1_teamStats_6_avgGoldAtFifteen,props_pageProps_match_team1_teamStats_6_avgGoldDiffAtFifteen,props_pageProps_match_team1_teamStats_6_avgInhibKills,props_pageProps_match_team1_teamStats_6_avgIsoDeaths,props_pageProps_match_team1_teamStats_6_avgKills,props_pageProps_match_team1_teamStats_6_avgMinionsKilled,props_pageProps_match_team1_teamStats_6_avgMinsBetweenDeaths,props_pageProps_match_team1_teamStats_6_avgMinsBetweenKills,props_pageProps_match_team1_teamStats_6_avgNeutralMinionKilled,props_pageProps_match_team1_teamStats_6_avgRecalls,props_pageProps_match_team1_teamStats_6_avgSoloKills,props_pageProps_match_team1_teamStats_6_avgTowerDiffAtFifteen,props_pageProps_match_team1_teamStats_6_avgTowerKills,props_pageProps_match_team1_teamStats_6_avgTowersAtFifteen,props_pageProps_match_team1_teamStats_6_avgVisionScore,props_pageProps_match_team1_teamStats_6_avgWardsKilled,props_pageProps_match_team1_teamStats_6_avgWardsPlaced,props_pageProps_match_team1_teamStats_6_firstBloodRate,props_pageProps_match_team1_teamStats_6_firstDragonRate,props_pageProps_match_team1_teamStats_6_firstTowerRate,props_pageProps_match_team1_teamStats_6_rank,props_pageProps_match_team1_teamStats_6_tournamentName,props_pageProps_match_team1_topPlayers_0___typename,props_pageProps_match_team1_topPlayers_0_avgDamage,props_pageProps_match_team1_topPlayers_0_avgDamageHealed,props_pageProps_match_team1_topPlayers_0_avgDamagePerTeamfight,props_pageProps_match_team1_topPlayers_0_avgGold,props_pageProps_match_team1_topPlayers_0_avgGoldAtFifteen,props_pageProps_match_team1_topPlayers_0_avgGoldDiffAtFifteen,props_pageProps_match_team1_topPlayers_0_gamesPlayed,props_pageProps_match_team1_topPlayers_0_player,props_pageProps_match_team1_topPlayers_0_playerDetails___typename,props_pageProps_match_team1_topPlayers_0_playerDetails_factorId,props_pageProps_match_team1_topPlayers_0_playerDetails_headshotUrl,props_pageProps_match_team1_topPlayers_0_playerDetails_name,props_pageProps_match_team1_topPlayers_0_playerDetails_perid,props_pageProps_match_team1_topPlayers_0_playerPerid,props_pageProps_match_team1_topPlayers_0_rank,props_pageProps_match_team1_topPlayers_0_role,props_pageProps_match_team1_topPlayers_0_totalAssists,props_pageProps_match_team1_topPlayers_0_totalDamageTeamfights,props_pageProps_match_team1_topPlayers_0_totalDeaths,props_pageProps_match_team1_topPlayers_0_totalFirstBloods,props_pageProps_match_team1_topPlayers_0_totalKills,props_pageProps_match_team1_topPlayers_0_totalMinionKills,props_pageProps_match_team1_topPlayers_0_totalSoloKills,props_pageProps_match_team1_topPlayers_0_totalWorthlessDeaths,props_pageProps_match_team1_topPlayers_1___typename,props_pageProps_match_team1_topPlayers_1_avgDamage,props_pageProps_match_team1_topPlayers_1_avgDamageHealed,props_pageProps_match_team1_topPlayers_1_avgDamagePerTeamfight,props_pageProps_match_team1_topPlayers_1_avgGold,props_pageProps_match_team1_topPlayers_1_avgGoldAtFifteen,props_pageProps_match_team1_topPlayers_1_avgGoldDiffAtFifteen,props_pageProps_match_team1_topPlayers_1_gamesPlayed,props_pageProps_match_team1_topPlayers_1_player,props_pageProps_match_team1_topPlayers_1_playerDetails___typename,props_pageProps_match_team1_topPlayers_1_playerDetails_factorId,props_pageProps_match_team1_topPlayers_1_playerDetails_headshotUrl,props_pageProps_match_team1_topPlayers_1_playerDetails_name,props_pageProps_match_team1_topPlayers_1_playerDetails_perid,props_pageProps_match_team1_topPlayers_1_playerPerid,props_pageProps_match_team1_topPlayers_1_rank,props_pageProps_match_team1_topPlayers_1_role,props_pageProps_match_team1_topPlayers_1_totalAssists,props_pageProps_match_team1_topPlayers_1_totalDamageTeamfights,props_pageProps_match_team1_topPlayers_1_totalDeaths,props_pageProps_match_team1_topPlayers_1_totalFirstBloods,props_pageProps_match_team1_topPlayers_1_totalKills,props_pageProps_match_team1_topPlayers_1_totalMinionKills,props_pageProps_match_team1_topPlayers_1_totalSoloKills,props_pageProps_match_team1_topPlayers_1_totalWorthlessDeaths,props_pageProps_match_team1_topPlayers_2___typename,props_pageProps_match_team1_topPlayers_2_avgDamage,props_pageProps_match_team1_topPlayers_2_avgDamageHealed,props_pageProps_match_team1_topPlayers_2_avgDamagePerTeamfight,props_pageProps_match_team1_topPlayers_2_avgGold,props_pageProps_match_team1_topPlayers_2_avgGoldAtFifteen,props_pageProps_match_team1_topPlayers_2_avgGoldDiffAtFifteen,props_pageProps_match_team1_topPlayers_2_gamesPlayed,props_pageProps_match_team1_topPlayers_2_player,props_pageProps_match_team1_topPlayers_2_playerDetails___typename,props_pageProps_match_team1_topPlayers_2_playerDetails_factorId,props_pageProps_match_team1_topPlayers_2_playerDetails_headshotUrl,props_pageProps_match_team1_topPlayers_2_playerDetails_name,props_pageProps_match_team1_topPlayers_2_playerDetails_perid,props_pageProps_match_team1_topPlayers_2_playerPerid,props_pageProps_match_team1_topPlayers_2_rank,props_pageProps_match_team1_topPlayers_2_role,props_pageProps_match_team1_topPlayers_2_totalAssists,props_pageProps_match_team1_topPlayers_2_totalDamageTeamfights,props_pageProps_match_team1_topPlayers_2_totalDeaths,props_pageProps_match_team1_topPlayers_2_totalFirstBloods,props_pageProps_match_team1_topPlayers_2_totalKills,props_pageProps_match_team1_topPlayers_2_totalMinionKills,props_pageProps_match_team1_topPlayers_2_totalSoloKills,props_pageProps_match_team1_topPlayers_2_totalWorthlessDeaths,props_pageProps_match_team1_topPlayers_3___typename,props_pageProps_match_team1_topPlayers_3_avgDamage,props_pageProps_match_team1_topPlayers_3_avgDamageHealed,props_pageProps_match_team1_topPlayers_3_avgDamagePerTeamfight,props_pageProps_match_team1_topPlayers_3_avgGold,props_pageProps_match_team1_topPlayers_3_avgGoldAtFifteen,props_pageProps_match_team1_topPlayers_3_avgGoldDiffAtFifteen,props_pageProps_match_team1_topPlayers_3_gamesPlayed,props_pageProps_match_team1_topPlayers_3_player,props_pageProps_match_team1_topPlayers_3_playerDetails___typename,props_pageProps_match_team1_topPlayers_3_playerDetails_factorId,props_pageProps_match_team1_topPlayers_3_playerDetails_headshotUrl,props_pageProps_match_team1_topPlayers_3_playerDetails_name,props_pageProps_match_team1_topPlayers_3_playerDetails_perid,props_pageProps_match_team1_topPlayers_3_playerPerid,props_pageProps_match_team1_topPlayers_3_rank,props_pageProps_match_team1_topPlayers_3_role,props_pageProps_match_team1_topPlayers_3_totalAssists,props_pageProps_match_team1_topPlayers_3_totalDamageTeamfights,props_pageProps_match_team1_topPlayers_3_totalDeaths,props_pageProps_match_team1_topPlayers_3_totalFirstBloods,props_pageProps_match_team1_topPlayers_3_totalKills,props_pageProps_match_team1_topPlayers_3_totalMinionKills,props_pageProps_match_team1_topPlayers_3_totalSoloKills,props_pageProps_match_team1_topPlayers_3_totalWorthlessDeaths,props_pageProps_match_team1_topPlayers_4___typename,props_pageProps_match_team1_topPlayers_4_avgDamage,props_pageProps_match_team1_topPlayers_4_avgDamageHealed,props_pageProps_match_team1_topPlayers_4_avgDamagePerTeamfight,props_pageProps_match_team1_topPlayers_4_avgGold,props_pageProps_match_team1_topPlayers_4_avgGoldAtFifteen,props_pageProps_match_team1_topPlayers_4_avgGoldDiffAtFifteen,props_pageProps_match_team1_topPlayers_4_gamesPlayed,props_pageProps_match_team1_topPlayers_4_player,props_pageProps_match_team1_topPlayers_4_playerDetails___typename,props_pageProps_match_team1_topPlayers_4_playerDetails_factorId,props_pageProps_match_team1_topPlayers_4_playerDetails_headshotUrl,props_pageProps_match_team1_topPlayers_4_playerDetails_name,props_pageProps_match_team1_topPlayers_4_playerDetails_perid,props_pageProps_match_team1_topPlayers_4_playerPerid,props_pageProps_match_team1_topPlayers_4_rank,props_pageProps_match_team1_topPlayers_4_role,props_pageProps_match_team1_topPlayers_4_totalAssists,props_pageProps_match_team1_topPlayers_4_totalDamageTeamfights,props_pageProps_match_team1_topPlayers_4_totalDeaths,props_pageProps_match_team1_topPlayers_4_totalFirstBloods,props_pageProps_match_team1_topPlayers_4_totalKills,props_pageProps_match_team1_topPlayers_4_totalMinionKills,props_pageProps_match_team1_topPlayers_4_totalSoloKills,props_pageProps_match_team1_topPlayers_4_totalWorthlessDeaths,props_pageProps_match_team1_topPlayers_5___typename,props_pageProps_match_team1_topPlayers_5_avgDamage,props_pageProps_match_team1_topPlayers_5_avgDamageHealed,props_pageProps_match_team1_topPlayers_5_avgDamagePerTeamfight,props_pageProps_match_team1_topPlayers_5_avgGold,props_pageProps_match_team1_topPlayers_5_avgGoldAtFifteen,props_pageProps_match_team1_topPlayers_5_avgGoldDiffAtFifteen,props_pageProps_match_team1_topPlayers_5_gamesPlayed,props_pageProps_match_team1_topPlayers_5_player,props_pageProps_match_team1_topPlayers_5_playerDetails___typename,props_pageProps_match_team1_topPlayers_5_playerDetails_factorId,props_pageProps_match_team1_topPlayers_5_playerDetails_headshotUrl,props_pageProps_match_team1_topPlayers_5_playerDetails_name,props_pageProps_match_team1_topPlayers_5_playerDetails_perid,props_pageProps_match_team1_topPlayers_5_playerPerid,props_pageProps_match_team1_topPlayers_5_rank,props_pageProps_match_team1_topPlayers_5_role,props_pageProps_match_team1_topPlayers_5_totalAssists,props_pageProps_match_team1_topPlayers_5_totalDamageTeamfights,props_pageProps_match_team1_topPlayers_5_totalDeaths,props_pageProps_match_team1_topPlayers_5_totalFirstBloods,props_pageProps_match_team1_topPlayers_5_totalKills,props_pageProps_match_team1_topPlayers_5_totalMinionKills,props_pageProps_match_team1_topPlayers_5_totalSoloKills,props_pageProps_match_team1_topPlayers_5_totalWorthlessDeaths,props_pageProps_match_team2_championPicks___typename,props_pageProps_match_team2_championPicks_items_0___typename,props_pageProps_match_team2_championPicks_items_0_banCount,props_pageProps_match_team2_championPicks_items_0_champion,props_pageProps_match_team2_championPicks_items_0_pickCount,props_pageProps_match_team2_championPicks_items_0_totalCount,props_pageProps_match_team2_championPicks_items_0_winBanCount,props_pageProps_match_team2_championPicks_items_0_winPickCount,props_pageProps_match_team2_championPicks_items_1___typename,props_pageProps_match_team2_championPicks_items_1_banCount,props_pageProps_match_team2_championPicks_items_1_champion,props_pageProps_match_team2_championPicks_items_1_pickCount,props_pageProps_match_team2_championPicks_items_1_totalCount,props_pageProps_match_team2_championPicks_items_1_winBanCount,props_pageProps_match_team2_championPicks_items_1_winPickCount,props_pageProps_match_team2_championPicks_items_2___typename,props_pageProps_match_team2_championPicks_items_2_banCount,props_pageProps_match_team2_championPicks_items_2_champion,props_pageProps_match_team2_championPicks_items_2_pickCount,props_pageProps_match_team2_championPicks_items_2_totalCount,props_pageProps_match_team2_championPicks_items_2_winBanCount,props_pageProps_match_team2_championPicks_items_2_winPickCount,props_pageProps_match_team2_championPicks_items_3___typename,props_pageProps_match_team2_championPicks_items_3_banCount,props_pageProps_match_team2_championPicks_items_3_champion,props_pageProps_match_team2_championPicks_items_3_pickCount,props_pageProps_match_team2_championPicks_items_3_totalCount,props_pageProps_match_team2_championPicks_items_3_winBanCount,props_pageProps_match_team2_championPicks_items_3_winPickCount,props_pageProps_match_team2_championPicks_items_4___typename,props_pageProps_match_team2_championPicks_items_4_banCount,props_pageProps_match_team2_championPicks_items_4_champion,props_pageProps_match_team2_championPicks_items_4_pickCount,props_pageProps_match_team2_championPicks_items_4_totalCount,props_pageProps_match_team2_championPicks_items_4_winBanCount,props_pageProps_match_team2_championPicks_items_4_winPickCount,props_pageProps_match_team2_championPicks_items_5___typename,props_pageProps_match_team2_championPicks_items_5_banCount,props_pageProps_match_team2_championPicks_items_5_champion,props_pageProps_match_team2_championPicks_items_5_pickCount,props_pageProps_match_team2_championPicks_items_5_totalCount,props_pageProps_match_team2_championPicks_items_5_winBanCount,props_pageProps_match_team2_championPicks_items_5_winPickCount,props_pageProps_match_team2_championPicks_items_6___typename,props_pageProps_match_team2_championPicks_items_6_banCount,props_pageProps_match_team2_championPicks_items_6_champion,props_pageProps_match_team2_championPicks_items_6_pickCount,props_pageProps_match_team2_championPicks_items_6_totalCount,props_pageProps_match_team2_championPicks_items_6_winBanCount,props_pageProps_match_team2_championPicks_items_6_winPickCount,props_pageProps_match_team2_championPicks_items_7___typename,props_pageProps_match_team2_championPicks_items_7_banCount,props_pageProps_match_team2_championPicks_items_7_champion,props_pageProps_match_team2_championPicks_items_7_pickCount,props_pageProps_match_team2_championPicks_items_7_totalCount,props_pageProps_match_team2_championPicks_items_7_winBanCount,props_pageProps_match_team2_championPicks_items_7_winPickCount,props_pageProps_match_team2_championPicks_items_8___typename,props_pageProps_match_team2_championPicks_items_8_banCount,props_pageProps_match_team2_championPicks_items_8_champion,props_pageProps_match_team2_championPicks_items_8_pickCount,props_pageProps_match_team2_championPicks_items_8_totalCount,props_pageProps_match_team2_championPicks_items_8_winBanCount,props_pageProps_match_team2_championPicks_items_8_winPickCount,props_pageProps_match_team2_championPicks_items_9___typename,props_pageProps_match_team2_championPicks_items_9_banCount,props_pageProps_match_team2_championPicks_items_9_champion,props_pageProps_match_team2_championPicks_items_9_pickCount,props_pageProps_match_team2_championPicks_items_9_totalCount,props_pageProps_match_team2_championPicks_items_9_winBanCount,props_pageProps_match_team2_championPicks_items_9_winPickCount,props_pageProps_match_team2_championPicks_items_10___typename,props_pageProps_match_team2_championPicks_items_10_banCount,props_pageProps_match_team2_championPicks_items_10_champion,props_pageProps_match_team2_championPicks_items_10_pickCount,props_pageProps_match_team2_championPicks_items_10_totalCount,props_pageProps_match_team2_championPicks_items_10_winBanCount,props_pageProps_match_team2_championPicks_items_10_winPickCount,props_pageProps_match_team2_championPicks_items_11___typename,props_pageProps_match_team2_championPicks_items_11_banCount,props_pageProps_match_team2_championPicks_items_11_champion,props_pageProps_match_team2_championPicks_items_11_pickCount,props_pageProps_match_team2_championPicks_items_11_totalCount,props_pageProps_match_team2_championPicks_items_11_winBanCount,props_pageProps_match_team2_championPicks_items_11_winPickCount,props_pageProps_match_team2_championPicks_items_12___typename,props_pageProps_match_team2_championPicks_items_12_banCount,props_pageProps_match_team2_championPicks_items_12_champion,props_pageProps_match_team2_championPicks_items_12_pickCount,props_pageProps_match_team2_championPicks_items_12_totalCount,props_pageProps_match_team2_championPicks_items_12_winBanCount,props_pageProps_match_team2_championPicks_items_12_winPickCount,props_pageProps_match_team2_championPicks_items_13___typename,props_pageProps_match_team2_championPicks_items_13_banCount,props_pageProps_match_team2_championPicks_items_13_champion,props_pageProps_match_team2_championPicks_items_13_pickCount,props_pageProps_match_team2_championPicks_items_13_totalCount,props_pageProps_match_team2_championPicks_items_13_winBanCount,props_pageProps_match_team2_championPicks_items_13_winPickCount,props_pageProps_match_team2_championPicks_items_14___typename,props_pageProps_match_team2_championPicks_items_14_banCount,props_pageProps_match_team2_championPicks_items_14_champion,props_pageProps_match_team2_championPicks_items_14_pickCount,props_pageProps_match_team2_championPicks_items_14_totalCount,props_pageProps_match_team2_championPicks_items_14_winBanCount,props_pageProps_match_team2_championPicks_items_14_winPickCount,props_pageProps_match_team2_championPicks_items_15___typename,props_pageProps_match_team2_championPicks_items_15_banCount,props_pageProps_match_team2_championPicks_items_15_champion,props_pageProps_match_team2_championPicks_items_15_pickCount,props_pageProps_match_team2_championPicks_items_15_totalCount,props_pageProps_match_team2_championPicks_items_15_winBanCount,props_pageProps_match_team2_championPicks_items_15_winPickCount,props_pageProps_match_team2_championPicks_items_16___typename,props_pageProps_match_team2_championPicks_items_16_banCount,props_pageProps_match_team2_championPicks_items_16_champion,props_pageProps_match_team2_championPicks_items_16_pickCount,props_pageProps_match_team2_championPicks_items_16_totalCount,props_pageProps_match_team2_championPicks_items_16_winBanCount,props_pageProps_match_team2_championPicks_items_16_winPickCount,props_pageProps_match_team2_championPicks_items_17___typename,props_pageProps_match_team2_championPicks_items_17_banCount,props_pageProps_match_team2_championPicks_items_17_champion,props_pageProps_match_team2_championPicks_items_17_pickCount,props_pageProps_match_team2_championPicks_items_17_totalCount,props_pageProps_match_team2_championPicks_items_17_winBanCount,props_pageProps_match_team2_championPicks_items_17_winPickCount,props_pageProps_match_team2_championPicks_items_18___typename,props_pageProps_match_team2_championPicks_items_18_banCount,props_pageProps_match_team2_championPicks_items_18_champion,props_pageProps_match_team2_championPicks_items_18_pickCount,props_pageProps_match_team2_championPicks_items_18_totalCount,props_pageProps_match_team2_championPicks_items_18_winBanCount,props_pageProps_match_team2_championPicks_items_18_winPickCount,props_pageProps_match_team2_championPicks_items_19___typename,props_pageProps_match_team2_championPicks_items_19_banCount,props_pageProps_match_team2_championPicks_items_19_champion,props_pageProps_match_team2_championPicks_items_19_pickCount,props_pageProps_match_team2_championPicks_items_19_totalCount,props_pageProps_match_team2_championPicks_items_19_winBanCount,props_pageProps_match_team2_championPicks_items_19_winPickCount,props_pageProps_match_team2_championPicks_items_20___typename,props_pageProps_match_team2_championPicks_items_20_banCount,props_pageProps_match_team2_championPicks_items_20_champion,props_pageProps_match_team2_championPicks_items_20_pickCount,props_pageProps_match_team2_championPicks_items_20_totalCount,props_pageProps_match_team2_championPicks_items_20_winBanCount,props_pageProps_match_team2_championPicks_items_20_winPickCount,props_pageProps_match_team2_championPicks_items_21___typename,props_pageProps_match_team2_championPicks_items_21_banCount,props_pageProps_match_team2_championPicks_items_21_champion,props_pageProps_match_team2_championPicks_items_21_pickCount,props_pageProps_match_team2_championPicks_items_21_totalCount,props_pageProps_match_team2_championPicks_items_21_winBanCount,props_pageProps_match_team2_championPicks_items_21_winPickCount,props_pageProps_match_team2_championPicks_items_22___typename,props_pageProps_match_team2_championPicks_items_22_banCount,props_pageProps_match_team2_championPicks_items_22_champion,props_pageProps_match_team2_championPicks_items_22_pickCount,props_pageProps_match_team2_championPicks_items_22_totalCount,props_pageProps_match_team2_championPicks_items_22_winBanCount,props_pageProps_match_team2_championPicks_items_22_winPickCount,props_pageProps_match_team2_championPicks_items_23___typename,props_pageProps_match_team2_championPicks_items_23_banCount,props_pageProps_match_team2_championPicks_items_23_champion,props_pageProps_match_team2_championPicks_items_23_pickCount,props_pageProps_match_team2_championPicks_items_23_totalCount,props_pageProps_match_team2_championPicks_items_23_winBanCount,props_pageProps_match_team2_championPicks_items_23_winPickCount,props_pageProps_match_team2_championPicks_total,props_pageProps_match_team2_championPicks_totalPickCount,props_pageProps_match_team2_picksByPosition_bot___typename,props_pageProps_match_team2_picksByPosition_bot_items_0___typename,props_pageProps_match_team2_picksByPosition_bot_items_0_banCount,props_pageProps_match_team2_picksByPosition_bot_items_0_champion,props_pageProps_match_team2_picksByPosition_bot_items_0_pickCount,props_pageProps_match_team2_picksByPosition_bot_items_0_totalCount,props_pageProps_match_team2_picksByPosition_bot_items_0_winBanCount,props_pageProps_match_team2_picksByPosition_bot_items_0_winPickCount,props_pageProps_match_team2_picksByPosition_bot_items_1___typename,props_pageProps_match_team2_picksByPosition_bot_items_1_banCount,props_pageProps_match_team2_picksByPosition_bot_items_1_champion,props_pageProps_match_team2_picksByPosition_bot_items_1_pickCount,props_pageProps_match_team2_picksByPosition_bot_items_1_totalCount,props_pageProps_match_team2_picksByPosition_bot_items_1_winBanCount,props_pageProps_match_team2_picksByPosition_bot_items_1_winPickCount,props_pageProps_match_team2_picksByPosition_bot_items_2___typename,props_pageProps_match_team2_picksByPosition_bot_items_2_banCount,props_pageProps_match_team2_picksByPosition_bot_items_2_champion,props_pageProps_match_team2_picksByPosition_bot_items_2_pickCount,props_pageProps_match_team2_picksByPosition_bot_items_2_totalCount,props_pageProps_match_team2_picksByPosition_bot_items_2_winBanCount,props_pageProps_match_team2_picksByPosition_bot_items_2_winPickCount,props_pageProps_match_team2_picksByPosition_bot_items_3___typename,props_pageProps_match_team2_picksByPosition_bot_items_3_banCount,props_pageProps_match_team2_picksByPosition_bot_items_3_champion,props_pageProps_match_team2_picksByPosition_bot_items_3_pickCount,props_pageProps_match_team2_picksByPosition_bot_items_3_totalCount,props_pageProps_match_team2_picksByPosition_bot_items_3_winBanCount,props_pageProps_match_team2_picksByPosition_bot_items_3_winPickCount,props_pageProps_match_team2_picksByPosition_bot_total,props_pageProps_match_team2_picksByPosition_bot_totalPickCount,props_pageProps_match_team2_picksByPosition_jng___typename,props_pageProps_match_team2_picksByPosition_jng_items_0___typename,props_pageProps_match_team2_picksByPosition_jng_items_0_banCount,props_pageProps_match_team2_picksByPosition_jng_items_0_champion,props_pageProps_match_team2_picksByPosition_jng_items_0_pickCount,props_pageProps_match_team2_picksByPosition_jng_items_0_totalCount,props_pageProps_match_team2_picksByPosition_jng_items_0_winBanCount,props_pageProps_match_team2_picksByPosition_jng_items_0_winPickCount,props_pageProps_match_team2_picksByPosition_jng_items_1___typename,props_pageProps_match_team2_picksByPosition_jng_items_1_banCount,props_pageProps_match_team2_picksByPosition_jng_items_1_champion,props_pageProps_match_team2_picksByPosition_jng_items_1_pickCount,props_pageProps_match_team2_picksByPosition_jng_items_1_totalCount,props_pageProps_match_team2_picksByPosition_jng_items_1_winBanCount,props_pageProps_match_team2_picksByPosition_jng_items_1_winPickCount,props_pageProps_match_team2_picksByPosition_jng_items_2___typename,props_pageProps_match_team2_picksByPosition_jng_items_2_banCount,props_pageProps_match_team2_picksByPosition_jng_items_2_champion,props_pageProps_match_team2_picksByPosition_jng_items_2_pickCount,props_pageProps_match_team2_picksByPosition_jng_items_2_totalCount,props_pageProps_match_team2_picksByPosition_jng_items_2_winBanCount,props_pageProps_match_team2_picksByPosition_jng_items_2_winPickCount,props_pageProps_match_team2_picksByPosition_jng_items_3___typename,props_pageProps_match_team2_picksByPosition_jng_items_3_banCount,props_pageProps_match_team2_picksByPosition_jng_items_3_champion,props_pageProps_match_team2_picksByPosition_jng_items_3_pickCount,props_pageProps_match_team2_picksByPosition_jng_items_3_totalCount,props_pageProps_match_team2_picksByPosition_jng_items_3_winBanCount,props_pageProps_match_team2_picksByPosition_jng_items_3_winPickCount,props_pageProps_match_team2_picksByPosition_jng_total,props_pageProps_match_team2_picksByPosition_jng_totalPickCount,props_pageProps_match_team2_picksByPosition_mid___typename,props_pageProps_match_team2_picksByPosition_mid_items_0___typename,props_pageProps_match_team2_picksByPosition_mid_items_0_banCount,props_pageProps_match_team2_picksByPosition_mid_items_0_champion,props_pageProps_match_team2_picksByPosition_mid_items_0_pickCount,props_pageProps_match_team2_picksByPosition_mid_items_0_totalCount,props_pageProps_match_team2_picksByPosition_mid_items_0_winBanCount,props_pageProps_match_team2_picksByPosition_mid_items_0_winPickCount,props_pageProps_match_team2_picksByPosition_mid_items_1___typename,props_pageProps_match_team2_picksByPosition_mid_items_1_banCount,props_pageProps_match_team2_picksByPosition_mid_items_1_champion,props_pageProps_match_team2_picksByPosition_mid_items_1_pickCount,props_pageProps_match_team2_picksByPosition_mid_items_1_totalCount,props_pageProps_match_team2_picksByPosition_mid_items_1_winBanCount,props_pageProps_match_team2_picksByPosition_mid_items_1_winPickCount,props_pageProps_match_team2_picksByPosition_mid_items_2___typename,props_pageProps_match_team2_picksByPosition_mid_items_2_banCount,props_pageProps_match_team2_picksByPosition_mid_items_2_champion,props_pageProps_match_team2_picksByPosition_mid_items_2_pickCount,props_pageProps_match_team2_picksByPosition_mid_items_2_totalCount,props_pageProps_match_team2_picksByPosition_mid_items_2_winBanCount,props_pageProps_match_team2_picksByPosition_mid_items_2_winPickCount,props_pageProps_match_team2_picksByPosition_mid_items_3___typename,props_pageProps_match_team2_picksByPosition_mid_items_3_banCount,props_pageProps_match_team2_picksByPosition_mid_items_3_champion,props_pageProps_match_team2_picksByPosition_mid_items_3_pickCount,props_pageProps_match_team2_picksByPosition_mid_items_3_totalCount,props_pageProps_match_team2_picksByPosition_mid_items_3_winBanCount,props_pageProps_match_team2_picksByPosition_mid_items_3_winPickCount,props_pageProps_match_team2_picksByPosition_mid_items_4___typename,props_pageProps_match_team2_picksByPosition_mid_items_4_banCount,props_pageProps_match_team2_picksByPosition_mid_items_4_champion,props_pageProps_match_team2_picksByPosition_mid_items_4_pickCount,props_pageProps_match_team2_picksByPosition_mid_items_4_totalCount,props_pageProps_match_team2_picksByPosition_mid_items_4_winBanCount,props_pageProps_match_team2_picksByPosition_mid_items_4_winPickCount,props_pageProps_match_team2_picksByPosition_mid_total,props_pageProps_match_team2_picksByPosition_mid_totalPickCount,props_pageProps_match_team2_picksByPosition_sup___typename,props_pageProps_match_team2_picksByPosition_sup_items_0___typename,props_pageProps_match_team2_picksByPosition_sup_items_0_banCount,props_pageProps_match_team2_picksByPosition_sup_items_0_champion,props_pageProps_match_team2_picksByPosition_sup_items_0_pickCount,props_pageProps_match_team2_picksByPosition_sup_items_0_totalCount,props_pageProps_match_team2_picksByPosition_sup_items_0_winBanCount,props_pageProps_match_team2_picksByPosition_sup_items_0_winPickCount,props_pageProps_match_team2_picksByPosition_sup_items_1___typename,props_pageProps_match_team2_picksByPosition_sup_items_1_banCount,props_pageProps_match_team2_picksByPosition_sup_items_1_champion,props_pageProps_match_team2_picksByPosition_sup_items_1_pickCount,props_pageProps_match_team2_picksByPosition_sup_items_1_totalCount,props_pageProps_match_team2_picksByPosition_sup_items_1_winBanCount,props_pageProps_match_team2_picksByPosition_sup_items_1_winPickCount,props_pageProps_match_team2_picksByPosition_sup_items_2___typename,props_pageProps_match_team2_picksByPosition_sup_items_2_banCount,props_pageProps_match_team2_picksByPosition_sup_items_2_champion,props_pageProps_match_team2_picksByPosition_sup_items_2_pickCount,props_pageProps_match_team2_picksByPosition_sup_items_2_totalCount,props_pageProps_match_team2_picksByPosition_sup_items_2_winBanCount,props_pageProps_match_team2_picksByPosition_sup_items_2_winPickCount,props_pageProps_match_team2_picksByPosition_sup_items_3___typename,props_pageProps_match_team2_picksByPosition_sup_items_3_banCount,props_pageProps_match_team2_picksByPosition_sup_items_3_champion,props_pageProps_match_team2_picksByPosition_sup_items_3_pickCount,props_pageProps_match_team2_picksByPosition_sup_items_3_totalCount,props_pageProps_match_team2_picksByPosition_sup_items_3_winBanCount,props_pageProps_match_team2_picksByPosition_sup_items_3_winPickCount,props_pageProps_match_team2_picksByPosition_sup_items_4___typename,props_pageProps_match_team2_picksByPosition_sup_items_4_banCount,props_pageProps_match_team2_picksByPosition_sup_items_4_champion,props_pageProps_match_team2_picksByPosition_sup_items_4_pickCount,props_pageProps_match_team2_picksByPosition_sup_items_4_totalCount,props_pageProps_match_team2_picksByPosition_sup_items_4_winBanCount,props_pageProps_match_team2_picksByPosition_sup_items_4_winPickCount,props_pageProps_match_team2_picksByPosition_sup_items_5___typename,props_pageProps_match_team2_picksByPosition_sup_items_5_banCount,props_pageProps_match_team2_picksByPosition_sup_items_5_champion,props_pageProps_match_team2_picksByPosition_sup_items_5_pickCount,props_pageProps_match_team2_picksByPosition_sup_items_5_totalCount,props_pageProps_match_team2_picksByPosition_sup_items_5_winBanCount,props_pageProps_match_team2_picksByPosition_sup_items_5_winPickCount,props_pageProps_match_team2_picksByPosition_sup_total,props_pageProps_match_team2_picksByPosition_sup_totalPickCount,props_pageProps_match_team2_picksByPosition_top___typename,props_pageProps_match_team2_picksByPosition_top_items_0___typename,props_pageProps_match_team2_picksByPosition_top_items_0_banCount,props_pageProps_match_team2_picksByPosition_top_items_0_champion,props_pageProps_match_team2_picksByPosition_top_items_0_pickCount,props_pageProps_match_team2_picksByPosition_top_items_0_totalCount,props_pageProps_match_team2_picksByPosition_top_items_0_winBanCount,props_pageProps_match_team2_picksByPosition_top_items_0_winPickCount,props_pageProps_match_team2_picksByPosition_top_items_1___typename,props_pageProps_match_team2_picksByPosition_top_items_1_banCount,props_pageProps_match_team2_picksByPosition_top_items_1_champion,props_pageProps_match_team2_picksByPosition_top_items_1_pickCount,props_pageProps_match_team2_picksByPosition_top_items_1_totalCount,props_pageProps_match_team2_picksByPosition_top_items_1_winBanCount,props_pageProps_match_team2_picksByPosition_top_items_1_winPickCount,props_pageProps_match_team2_picksByPosition_top_items_2___typename,props_pageProps_match_team2_picksByPosition_top_items_2_banCount,props_pageProps_match_team2_picksByPosition_top_items_2_champion,props_pageProps_match_team2_picksByPosition_top_items_2_pickCount,props_pageProps_match_team2_picksByPosition_top_items_2_totalCount,props_pageProps_match_team2_picksByPosition_top_items_2_winBanCount,props_pageProps_match_team2_picksByPosition_top_items_2_winPickCount,props_pageProps_match_team2_picksByPosition_top_items_3___typename,props_pageProps_match_team2_picksByPosition_top_items_3_banCount,props_pageProps_match_team2_picksByPosition_top_items_3_champion,props_pageProps_match_team2_picksByPosition_top_items_3_pickCount,props_pageProps_match_team2_picksByPosition_top_items_3_totalCount,props_pageProps_match_team2_picksByPosition_top_items_3_winBanCount,props_pageProps_match_team2_picksByPosition_top_items_3_winPickCount,props_pageProps_match_team2_picksByPosition_top_items_4___typename,props_pageProps_match_team2_picksByPosition_top_items_4_banCount,props_pageProps_match_team2_picksByPosition_top_items_4_champion,props_pageProps_match_team2_picksByPosition_top_items_4_pickCount,props_pageProps_match_team2_picksByPosition_top_items_4_totalCount,props_pageProps_match_team2_picksByPosition_top_items_4_winBanCount,props_pageProps_match_team2_picksByPosition_top_items_4_winPickCount,props_pageProps_match_team2_picksByPosition_top_total,props_pageProps_match_team2_picksByPosition_top_totalPickCount,props_pageProps_match_team2_playerSeasonStats_0___typename,props_pageProps_match_team2_playerSeasonStats_0_avgAssists,props_pageProps_match_team2_playerSeasonStats_0_avgDamagePerTeamfights,props_pageProps_match_team2_playerSeasonStats_0_avgDeaths,props_pageProps_match_team2_playerSeasonStats_0_avgDmgHealedOnTeamPerMin,props_pageProps_match_team2_playerSeasonStats_0_avgDmgToChampsPerMin,props_pageProps_match_team2_playerSeasonStats_0_avgGold,props_pageProps_match_team2_playerSeasonStats_0_avgGoldAtFifteen,props_pageProps_match_team2_playerSeasonStats_0_avgGoldDiffAtFifteen,props_pageProps_match_team2_playerSeasonStats_0_avgIsoDeaths,props_pageProps_match_team2_playerSeasonStats_0_avgKills,props_pageProps_match_team2_playerSeasonStats_0_avgMinionsKilled,props_pageProps_match_team2_playerSeasonStats_0_avgMinsBetweenDeaths,props_pageProps_match_team2_playerSeasonStats_0_avgMinsBetweenKills,props_pageProps_match_team2_playerSeasonStats_0_avgNeutralMinionKilled,props_pageProps_match_team2_playerSeasonStats_0_avgRecalls,props_pageProps_match_team2_playerSeasonStats_0_avgSoloKills,props_pageProps_match_team2_playerSeasonStats_0_avgVisionScore,props_pageProps_match_team2_playerSeasonStats_0_avgWardsKilled,props_pageProps_match_team2_playerSeasonStats_0_avgWardsPlaced,props_pageProps_match_team2_playerSeasonStats_0_firstBloodRate,props_pageProps_match_team2_playerSeasonStats_0_player,props_pageProps_match_team2_playerSeasonStats_0_playerPerid,props_pageProps_match_team2_playerSeasonStats_0_rank,props_pageProps_match_team2_playerSeasonStats_0_role,props_pageProps_match_team2_playerSeasonStats_0_seasonName,props_pageProps_match_team2_playerSeasonStats_0_tournamentName,props_pageProps_match_team2_playerSeasonStats_1___typename,props_pageProps_match_team2_playerSeasonStats_1_avgAssists,props_pageProps_match_team2_playerSeasonStats_1_avgDamagePerTeamfights,props_pageProps_match_team2_playerSeasonStats_1_avgDeaths,props_pageProps_match_team2_playerSeasonStats_1_avgDmgHealedOnTeamPerMin,props_pageProps_match_team2_playerSeasonStats_1_avgDmgToChampsPerMin,props_pageProps_match_team2_playerSeasonStats_1_avgGold,props_pageProps_match_team2_playerSeasonStats_1_avgGoldAtFifteen,props_pageProps_match_team2_playerSeasonStats_1_avgGoldDiffAtFifteen,props_pageProps_match_team2_playerSeasonStats_1_avgIsoDeaths,props_pageProps_match_team2_playerSeasonStats_1_avgKills,props_pageProps_match_team2_playerSeasonStats_1_avgMinionsKilled,props_pageProps_match_team2_playerSeasonStats_1_avgMinsBetweenDeaths,props_pageProps_match_team2_playerSeasonStats_1_avgMinsBetweenKills,props_pageProps_match_team2_playerSeasonStats_1_avgNeutralMinionKilled,props_pageProps_match_team2_playerSeasonStats_1_avgRecalls,props_pageProps_match_team2_playerSeasonStats_1_avgSoloKills,props_pageProps_match_team2_playerSeasonStats_1_avgVisionScore,props_pageProps_match_team2_playerSeasonStats_1_avgWardsKilled,props_pageProps_match_team2_playerSeasonStats_1_avgWardsPlaced,props_pageProps_match_team2_playerSeasonStats_1_firstBloodRate,props_pageProps_match_team2_playerSeasonStats_1_player,props_pageProps_match_team2_playerSeasonStats_1_playerPerid,props_pageProps_match_team2_playerSeasonStats_1_rank,props_pageProps_match_team2_playerSeasonStats_1_role,props_pageProps_match_team2_playerSeasonStats_1_seasonName,props_pageProps_match_team2_playerSeasonStats_1_tournamentName,props_pageProps_match_team2_playerSeasonStats_2___typename,props_pageProps_match_team2_playerSeasonStats_2_avgAssists,props_pageProps_match_team2_playerSeasonStats_2_avgDamagePerTeamfights,props_pageProps_match_team2_playerSeasonStats_2_avgDeaths,props_pageProps_match_team2_playerSeasonStats_2_avgDmgHealedOnTeamPerMin,props_pageProps_match_team2_playerSeasonStats_2_avgDmgToChampsPerMin,props_pageProps_match_team2_playerSeasonStats_2_avgGold,props_pageProps_match_team2_playerSeasonStats_2_avgGoldAtFifteen,props_pageProps_match_team2_playerSeasonStats_2_avgGoldDiffAtFifteen,props_pageProps_match_team2_playerSeasonStats_2_avgIsoDeaths,props_pageProps_match_team2_playerSeasonStats_2_avgKills,props_pageProps_match_team2_playerSeasonStats_2_avgMinionsKilled,props_pageProps_match_team2_playerSeasonStats_2_avgMinsBetweenDeaths,props_pageProps_match_team2_playerSeasonStats_2_avgMinsBetweenKills,props_pageProps_match_team2_playerSeasonStats_2_avgNeutralMinionKilled,props_pageProps_match_team2_playerSeasonStats_2_avgRecalls,props_pageProps_match_team2_playerSeasonStats_2_avgSoloKills,props_pageProps_match_team2_playerSeasonStats_2_avgVisionScore,props_pageProps_match_team2_playerSeasonStats_2_avgWardsKilled,props_pageProps_match_team2_playerSeasonStats_2_avgWardsPlaced,props_pageProps_match_team2_playerSeasonStats_2_firstBloodRate,props_pageProps_match_team2_playerSeasonStats_2_player,props_pageProps_match_team2_playerSeasonStats_2_playerPerid,props_pageProps_match_team2_playerSeasonStats_2_rank,props_pageProps_match_team2_playerSeasonStats_2_role,props_pageProps_match_team2_playerSeasonStats_2_seasonName,props_pageProps_match_team2_playerSeasonStats_2_tournamentName,props_pageProps_match_team2_playerSeasonStats_3___typename,props_pageProps_match_team2_playerSeasonStats_3_avgAssists,props_pageProps_match_team2_playerSeasonStats_3_avgDamagePerTeamfights,props_pageProps_match_team2_playerSeasonStats_3_avgDeaths,props_pageProps_match_team2_playerSeasonStats_3_avgDmgHealedOnTeamPerMin,props_pageProps_match_team2_playerSeasonStats_3_avgDmgToChampsPerMin,props_pageProps_match_team2_playerSeasonStats_3_avgGold,props_pageProps_match_team2_playerSeasonStats_3_avgGoldAtFifteen,props_pageProps_match_team2_playerSeasonStats_3_avgGoldDiffAtFifteen,props_pageProps_match_team2_playerSeasonStats_3_avgIsoDeaths,props_pageProps_match_team2_playerSeasonStats_3_avgKills,props_pageProps_match_team2_playerSeasonStats_3_avgMinionsKilled,props_pageProps_match_team2_playerSeasonStats_3_avgMinsBetweenDeaths,props_pageProps_match_team2_playerSeasonStats_3_avgMinsBetweenKills,props_pageProps_match_team2_playerSeasonStats_3_avgNeutralMinionKilled,props_pageProps_match_team2_playerSeasonStats_3_avgRecalls,props_pageProps_match_team2_playerSeasonStats_3_avgSoloKills,props_pageProps_match_team2_playerSeasonStats_3_avgVisionScore,props_pageProps_match_team2_playerSeasonStats_3_avgWardsKilled,props_pageProps_match_team2_playerSeasonStats_3_avgWardsPlaced,props_pageProps_match_team2_playerSeasonStats_3_firstBloodRate,props_pageProps_match_team2_playerSeasonStats_3_player,props_pageProps_match_team2_playerSeasonStats_3_playerPerid,props_pageProps_match_team2_playerSeasonStats_3_rank,props_pageProps_match_team2_playerSeasonStats_3_role,props_pageProps_match_team2_playerSeasonStats_3_seasonName,props_pageProps_match_team2_playerSeasonStats_3_tournamentName,props_pageProps_match_team2_playerSeasonStats_4___typename,props_pageProps_match_team2_playerSeasonStats_4_avgAssists,props_pageProps_match_team2_playerSeasonStats_4_avgDamagePerTeamfights,props_pageProps_match_team2_playerSeasonStats_4_avgDeaths,props_pageProps_match_team2_playerSeasonStats_4_avgDmgHealedOnTeamPerMin,props_pageProps_match_team2_playerSeasonStats_4_avgDmgToChampsPerMin,props_pageProps_match_team2_playerSeasonStats_4_avgGold,props_pageProps_match_team2_playerSeasonStats_4_avgGoldAtFifteen,props_pageProps_match_team2_playerSeasonStats_4_avgGoldDiffAtFifteen,props_pageProps_match_team2_playerSeasonStats_4_avgIsoDeaths,props_pageProps_match_team2_playerSeasonStats_4_avgKills,props_pageProps_match_team2_playerSeasonStats_4_avgMinionsKilled,props_pageProps_match_team2_playerSeasonStats_4_avgMinsBetweenDeaths,props_pageProps_match_team2_playerSeasonStats_4_avgMinsBetweenKills,props_pageProps_match_team2_playerSeasonStats_4_avgNeutralMinionKilled,props_pageProps_match_team2_playerSeasonStats_4_avgRecalls,props_pageProps_match_team2_playerSeasonStats_4_avgSoloKills,props_pageProps_match_team2_playerSeasonStats_4_avgVisionScore,props_pageProps_match_team2_playerSeasonStats_4_avgWardsKilled,props_pageProps_match_team2_playerSeasonStats_4_avgWardsPlaced,props_pageProps_match_team2_playerSeasonStats_4_firstBloodRate,props_pageProps_match_team2_playerSeasonStats_4_player,props_pageProps_match_team2_playerSeasonStats_4_playerPerid,props_pageProps_match_team2_playerSeasonStats_4_rank,props_pageProps_match_team2_playerSeasonStats_4_role,props_pageProps_match_team2_playerSeasonStats_4_seasonName,props_pageProps_match_team2_playerSeasonStats_4_tournamentName,props_pageProps_match_team2_powrRankings_0___typename,props_pageProps_match_team2_powrRankings_0_gamesPlayed,props_pageProps_match_team2_powrRankings_0_isPlayer,props_pageProps_match_team2_powrRankings_0_league,props_pageProps_match_team2_powrRankings_0_player,props_pageProps_match_team2_powrRankings_0_playerDetails___typename,props_pageProps_match_team2_powrRankings_0_playerDetails_factorId,props_pageProps_match_team2_powrRankings_0_playerDetails_fullName,props_pageProps_match_team2_powrRankings_0_playerDetails_headshotUrl,props_pageProps_match_team2_powrRankings_0_playerDetails_name,props_pageProps_match_team2_powrRankings_0_playerPerid,props_pageProps_match_team2_powrRankings_0_prevRanking,props_pageProps_match_team2_powrRankings_0_rank,props_pageProps_match_team2_powrRankings_0_ranking,props_pageProps_match_team2_powrRankings_0_role,props_pageProps_match_team2_powrRankings_0_team,props_pageProps_match_team2_powrRankings_0_teamDetails___typename,props_pageProps_match_team2_powrRankings_0_teamDetails_factorId,props_pageProps_match_team2_powrRankings_0_teamDetails_fullName,props_pageProps_match_team2_powrRankings_0_teamDetails_teamLogo,props_pageProps_match_team2_powrRankings_0_teamDetails_teamUrn,props_pageProps_match_team2_powrRankings_0_teamPerid,props_pageProps_match_team2_powrRankings_1___typename,props_pageProps_match_team2_powrRankings_1_gamesPlayed,props_pageProps_match_team2_powrRankings_1_isPlayer,props_pageProps_match_team2_powrRankings_1_league,props_pageProps_match_team2_powrRankings_1_player,props_pageProps_match_team2_powrRankings_1_playerDetails___typename,props_pageProps_match_team2_powrRankings_1_playerDetails_factorId,props_pageProps_match_team2_powrRankings_1_playerDetails_fullName,props_pageProps_match_team2_powrRankings_1_playerDetails_headshotUrl,props_pageProps_match_team2_powrRankings_1_playerDetails_name,props_pageProps_match_team2_powrRankings_1_playerPerid,props_pageProps_match_team2_powrRankings_1_prevRanking,props_pageProps_match_team2_powrRankings_1_rank,props_pageProps_match_team2_powrRankings_1_ranking,props_pageProps_match_team2_powrRankings_1_role,props_pageProps_match_team2_powrRankings_1_team,props_pageProps_match_team2_powrRankings_1_teamDetails___typename,props_pageProps_match_team2_powrRankings_1_teamDetails_factorId,props_pageProps_match_team2_powrRankings_1_teamDetails_fullName,props_pageProps_match_team2_powrRankings_1_teamDetails_teamLogo,props_pageProps_match_team2_powrRankings_1_teamDetails_teamUrn,props_pageProps_match_team2_powrRankings_1_teamPerid,props_pageProps_match_team2_powrRankings_2___typename,props_pageProps_match_team2_powrRankings_2_gamesPlayed,props_pageProps_match_team2_powrRankings_2_isPlayer,props_pageProps_match_team2_powrRankings_2_league,props_pageProps_match_team2_powrRankings_2_player,props_pageProps_match_team2_powrRankings_2_playerDetails___typename,props_pageProps_match_team2_powrRankings_2_playerDetails_factorId,props_pageProps_match_team2_powrRankings_2_playerDetails_fullName,props_pageProps_match_team2_powrRankings_2_playerDetails_headshotUrl,props_pageProps_match_team2_powrRankings_2_playerDetails_name,props_pageProps_match_team2_powrRankings_2_playerPerid,props_pageProps_match_team2_powrRankings_2_prevRanking,props_pageProps_match_team2_powrRankings_2_rank,props_pageProps_match_team2_powrRankings_2_ranking,props_pageProps_match_team2_powrRankings_2_role,props_pageProps_match_team2_powrRankings_2_team,props_pageProps_match_team2_powrRankings_2_teamDetails___typename,props_pageProps_match_team2_powrRankings_2_teamDetails_factorId,props_pageProps_match_team2_powrRankings_2_teamDetails_fullName,props_pageProps_match_team2_powrRankings_2_teamDetails_teamLogo,props_pageProps_match_team2_powrRankings_2_teamDetails_teamUrn,props_pageProps_match_team2_powrRankings_2_teamPerid,props_pageProps_match_team2_powrRankings_3___typename,props_pageProps_match_team2_powrRankings_3_gamesPlayed,props_pageProps_match_team2_powrRankings_3_isPlayer,props_pageProps_match_team2_powrRankings_3_league,props_pageProps_match_team2_powrRankings_3_player,props_pageProps_match_team2_powrRankings_3_playerDetails___typename,props_pageProps_match_team2_powrRankings_3_playerDetails_factorId,props_pageProps_match_team2_powrRankings_3_playerDetails_fullName,props_pageProps_match_team2_powrRankings_3_playerDetails_headshotUrl,props_pageProps_match_team2_powrRankings_3_playerDetails_name,props_pageProps_match_team2_powrRankings_3_playerPerid,props_pageProps_match_team2_powrRankings_3_prevRanking,props_pageProps_match_team2_powrRankings_3_rank,props_pageProps_match_team2_powrRankings_3_ranking,props_pageProps_match_team2_powrRankings_3_role,props_pageProps_match_team2_powrRankings_3_team,props_pageProps_match_team2_powrRankings_3_teamDetails___typename,props_pageProps_match_team2_powrRankings_3_teamDetails_factorId,props_pageProps_match_team2_powrRankings_3_teamDetails_fullName,props_pageProps_match_team2_powrRankings_3_teamDetails_teamLogo,props_pageProps_match_team2_powrRankings_3_teamDetails_teamUrn,props_pageProps_match_team2_powrRankings_3_teamPerid,props_pageProps_match_team2_powrRankings_4___typename,props_pageProps_match_team2_powrRankings_4_gamesPlayed,props_pageProps_match_team2_powrRankings_4_isPlayer,props_pageProps_match_team2_powrRankings_4_league,props_pageProps_match_team2_powrRankings_4_player,props_pageProps_match_team2_powrRankings_4_playerDetails___typename,props_pageProps_match_team2_powrRankings_4_playerDetails_factorId,props_pageProps_match_team2_powrRankings_4_playerDetails_fullName,props_pageProps_match_team2_powrRankings_4_playerDetails_headshotUrl,props_pageProps_match_team2_powrRankings_4_playerDetails_name,props_pageProps_match_team2_powrRankings_4_playerPerid,props_pageProps_match_team2_powrRankings_4_prevRanking,props_pageProps_match_team2_powrRankings_4_rank,props_pageProps_match_team2_powrRankings_4_ranking,props_pageProps_match_team2_powrRankings_4_role,props_pageProps_match_team2_powrRankings_4_team,props_pageProps_match_team2_powrRankings_4_teamDetails___typename,props_pageProps_match_team2_powrRankings_4_teamDetails_factorId,props_pageProps_match_team2_powrRankings_4_teamDetails_fullName,props_pageProps_match_team2_powrRankings_4_teamDetails_teamLogo,props_pageProps_match_team2_powrRankings_4_teamDetails_teamUrn,props_pageProps_match_team2_powrRankings_4_teamPerid,props_pageProps_match_team2_teamStats_0___typename,props_pageProps_match_team2_teamStats_0_avgAssists,props_pageProps_match_team2_teamStats_0_avgBaronKills,props_pageProps_match_team2_teamStats_0_avgDamagePerTeamfights,props_pageProps_match_team2_teamStats_0_avgDeaths,props_pageProps_match_team2_teamStats_0_avgDmgHealedOnTeamPerMin,props_pageProps_match_team2_teamStats_0_avgDmgToChampsPerMin,props_pageProps_match_team2_teamStats_0_avgDragonKills,props_pageProps_match_team2_teamStats_0_avgDragonsAtFifteen,props_pageProps_match_team2_teamStats_0_avgGold,props_pageProps_match_team2_teamStats_0_avgGoldAtFifteen,props_pageProps_match_team2_teamStats_0_avgGoldDiffAtFifteen,props_pageProps_match_team2_teamStats_0_avgInhibKills,props_pageProps_match_team2_teamStats_0_avgIsoDeaths,props_pageProps_match_team2_teamStats_0_avgKills,props_pageProps_match_team2_teamStats_0_avgMinionsKilled,props_pageProps_match_team2_teamStats_0_avgMinsBetweenDeaths,props_pageProps_match_team2_teamStats_0_avgMinsBetweenKills,props_pageProps_match_team2_teamStats_0_avgNeutralMinionKilled,props_pageProps_match_team2_teamStats_0_avgRecalls,props_pageProps_match_team2_teamStats_0_avgSoloKills,props_pageProps_match_team2_teamStats_0_avgTowerDiffAtFifteen,props_pageProps_match_team2_teamStats_0_avgTowerKills,props_pageProps_match_team2_teamStats_0_avgTowersAtFifteen,props_pageProps_match_team2_teamStats_0_avgVisionScore,props_pageProps_match_team2_teamStats_0_avgWardsKilled,props_pageProps_match_team2_teamStats_0_avgWardsPlaced,props_pageProps_match_team2_teamStats_0_firstBloodRate,props_pageProps_match_team2_teamStats_0_firstDragonRate,props_pageProps_match_team2_teamStats_0_firstTowerRate,props_pageProps_match_team2_teamStats_0_rank,props_pageProps_match_team2_teamStats_0_seasonName,props_pageProps_match_team2_teamStats_0_selected,props_pageProps_match_team2_teamStats_0_team,props_pageProps_match_team2_teamStats_0_teamPerid,props_pageProps_match_team2_teamStats_0_tournamentName,props_pageProps_match_team2_teamStats_1_avgAssists,props_pageProps_match_team2_teamStats_1_avgBaronKills,props_pageProps_match_team2_teamStats_1_avgDamagePerTeamfights,props_pageProps_match_team2_teamStats_1_avgDeaths,props_pageProps_match_team2_teamStats_1_avgDmgHealedOnTeamPerMin,props_pageProps_match_team2_teamStats_1_avgDmgToChampsPerMin,props_pageProps_match_team2_teamStats_1_avgDragonKills,props_pageProps_match_team2_teamStats_1_avgDragonsAtFifteen,props_pageProps_match_team2_teamStats_1_avgGold,props_pageProps_match_team2_teamStats_1_avgGoldAtFifteen,props_pageProps_match_team2_teamStats_1_avgGoldDiffAtFifteen,props_pageProps_match_team2_teamStats_1_avgInhibKills,props_pageProps_match_team2_teamStats_1_avgIsoDeaths,props_pageProps_match_team2_teamStats_1_avgKills,props_pageProps_match_team2_teamStats_1_avgMinionsKilled,props_pageProps_match_team2_teamStats_1_avgMinsBetweenDeaths,props_pageProps_match_team2_teamStats_1_avgMinsBetweenKills,props_pageProps_match_team2_teamStats_1_avgNeutralMinionKilled,props_pageProps_match_team2_teamStats_1_avgRecalls,props_pageProps_match_team2_teamStats_1_avgSoloKills,props_pageProps_match_team2_teamStats_1_avgTowerDiffAtFifteen,props_pageProps_match_team2_teamStats_1_avgTowerKills,props_pageProps_match_team2_teamStats_1_avgTowersAtFifteen,props_pageProps_match_team2_teamStats_1_avgVisionScore,props_pageProps_match_team2_teamStats_1_avgWardsKilled,props_pageProps_match_team2_teamStats_1_avgWardsPlaced,props_pageProps_match_team2_teamStats_1_firstBloodRate,props_pageProps_match_team2_teamStats_1_firstDragonRate,props_pageProps_match_team2_teamStats_1_firstTowerRate,props_pageProps_match_team2_teamStats_1_rank,props_pageProps_match_team2_teamStats_1_tournamentName,props_pageProps_match_team2_topPlayers_0___typename,props_pageProps_match_team2_topPlayers_0_avgDamage,props_pageProps_match_team2_topPlayers_0_avgDamageHealed,props_pageProps_match_team2_topPlayers_0_avgDamagePerTeamfight,props_pageProps_match_team2_topPlayers_0_avgGold,props_pageProps_match_team2_topPlayers_0_avgGoldAtFifteen,props_pageProps_match_team2_topPlayers_0_avgGoldDiffAtFifteen,props_pageProps_match_team2_topPlayers_0_gamesPlayed,props_pageProps_match_team2_topPlayers_0_player,props_pageProps_match_team2_topPlayers_0_playerDetails___typename,props_pageProps_match_team2_topPlayers_0_playerDetails_factorId,props_pageProps_match_team2_topPlayers_0_playerDetails_headshotUrl,props_pageProps_match_team2_topPlayers_0_playerDetails_name,props_pageProps_match_team2_topPlayers_0_playerDetails_perid,props_pageProps_match_team2_topPlayers_0_playerPerid,props_pageProps_match_team2_topPlayers_0_rank,props_pageProps_match_team2_topPlayers_0_role,props_pageProps_match_team2_topPlayers_0_totalAssists,props_pageProps_match_team2_topPlayers_0_totalDamageTeamfights,props_pageProps_match_team2_topPlayers_0_totalDeaths,props_pageProps_match_team2_topPlayers_0_totalFirstBloods,props_pageProps_match_team2_topPlayers_0_totalKills,props_pageProps_match_team2_topPlayers_0_totalMinionKills,props_pageProps_match_team2_topPlayers_0_totalSoloKills,props_pageProps_match_team2_topPlayers_0_totalWorthlessDeaths,props_pageProps_match_team2_topPlayers_1___typename,props_pageProps_match_team2_topPlayers_1_avgDamage,props_pageProps_match_team2_topPlayers_1_avgDamageHealed,props_pageProps_match_team2_topPlayers_1_avgDamagePerTeamfight,props_pageProps_match_team2_topPlayers_1_avgGold,props_pageProps_match_team2_topPlayers_1_avgGoldAtFifteen,props_pageProps_match_team2_topPlayers_1_avgGoldDiffAtFifteen,props_pageProps_match_team2_topPlayers_1_gamesPlayed,props_pageProps_match_team2_topPlayers_1_player,props_pageProps_match_team2_topPlayers_1_playerDetails___typename,props_pageProps_match_team2_topPlayers_1_playerDetails_factorId,props_pageProps_match_team2_topPlayers_1_playerDetails_headshotUrl,props_pageProps_match_team2_topPlayers_1_playerDetails_name,props_pageProps_match_team2_topPlayers_1_playerDetails_perid,props_pageProps_match_team2_topPlayers_1_playerPerid,props_pageProps_match_team2_topPlayers_1_rank,props_pageProps_match_team2_topPlayers_1_role,props_pageProps_match_team2_topPlayers_1_totalAssists,props_pageProps_match_team2_topPlayers_1_totalDamageTeamfights,props_pageProps_match_team2_topPlayers_1_totalDeaths,props_pageProps_match_team2_topPlayers_1_totalFirstBloods,props_pageProps_match_team2_topPlayers_1_totalKills,props_pageProps_match_team2_topPlayers_1_totalMinionKills,props_pageProps_match_team2_topPlayers_1_totalSoloKills,props_pageProps_match_team2_topPlayers_1_totalWorthlessDeaths,props_pageProps_match_team2_topPlayers_2___typename,props_pageProps_match_team2_topPlayers_2_avgDamage,props_pageProps_match_team2_topPlayers_2_avgDamageHealed,props_pageProps_match_team2_topPlayers_2_avgDamagePerTeamfight,props_pageProps_match_team2_topPlayers_2_avgGold,props_pageProps_match_team2_topPlayers_2_avgGoldAtFifteen,props_pageProps_match_team2_topPlayers_2_avgGoldDiffAtFifteen,props_pageProps_match_team2_topPlayers_2_gamesPlayed,props_pageProps_match_team2_topPlayers_2_player,props_pageProps_match_team2_topPlayers_2_playerDetails___typename,props_pageProps_match_team2_topPlayers_2_playerDetails_factorId,props_pageProps_match_team2_topPlayers_2_playerDetails_headshotUrl,props_pageProps_match_team2_topPlayers_2_playerDetails_name,props_pageProps_match_team2_topPlayers_2_playerDetails_perid,props_pageProps_match_team2_topPlayers_2_playerPerid,props_pageProps_match_team2_topPlayers_2_rank,props_pageProps_match_team2_topPlayers_2_role,props_pageProps_match_team2_topPlayers_2_totalAssists,props_pageProps_match_team2_topPlayers_2_totalDamageTeamfights,props_pageProps_match_team2_topPlayers_2_totalDeaths,props_pageProps_match_team2_topPlayers_2_totalFirstBloods,props_pageProps_match_team2_topPlayers_2_totalKills,props_pageProps_match_team2_topPlayers_2_totalMinionKills,props_pageProps_match_team2_topPlayers_2_totalSoloKills,props_pageProps_match_team2_topPlayers_2_totalWorthlessDeaths,props_pageProps_match_team2_topPlayers_3___typename,props_pageProps_match_team2_topPlayers_3_avgDamage,props_pageProps_match_team2_topPlayers_3_avgDamageHealed,props_pageProps_match_team2_topPlayers_3_avgDamagePerTeamfight,props_pageProps_match_team2_topPlayers_3_avgGold,props_pageProps_match_team2_topPlayers_3_avgGoldAtFifteen,props_pageProps_match_team2_topPlayers_3_avgGoldDiffAtFifteen,props_pageProps_match_team2_topPlayers_3_gamesPlayed,props_pageProps_match_team2_topPlayers_3_player,props_pageProps_match_team2_topPlayers_3_playerDetails___typename,props_pageProps_match_team2_topPlayers_3_playerDetails_factorId,props_pageProps_match_team2_topPlayers_3_playerDetails_headshotUrl,props_pageProps_match_team2_topPlayers_3_playerDetails_name,props_pageProps_match_team2_topPlayers_3_playerDetails_perid,props_pageProps_match_team2_topPlayers_3_playerPerid,props_pageProps_match_team2_topPlayers_3_rank,props_pageProps_match_team2_topPlayers_3_role,props_pageProps_match_team2_topPlayers_3_totalAssists,props_pageProps_match_team2_topPlayers_3_totalDamageTeamfights,props_pageProps_match_team2_topPlayers_3_totalDeaths,props_pageProps_match_team2_topPlayers_3_totalFirstBloods,props_pageProps_match_team2_topPlayers_3_totalKills,props_pageProps_match_team2_topPlayers_3_totalMinionKills,props_pageProps_match_team2_topPlayers_3_totalSoloKills,props_pageProps_match_team2_topPlayers_3_totalWorthlessDeaths,props_pageProps_match_team2_topPlayers_4___typename,props_pageProps_match_team2_topPlayers_4_avgDamage,props_pageProps_match_team2_topPlayers_4_avgDamageHealed,props_pageProps_match_team2_topPlayers_4_avgDamagePerTeamfight,props_pageProps_match_team2_topPlayers_4_avgGold,props_pageProps_match_team2_topPlayers_4_avgGoldAtFifteen,props_pageProps_match_team2_topPlayers_4_avgGoldDiffAtFifteen,props_pageProps_match_team2_topPlayers_4_gamesPlayed,props_pageProps_match_team2_topPlayers_4_player,props_pageProps_match_team2_topPlayers_4_playerDetails___typename,props_pageProps_match_team2_topPlayers_4_playerDetails_factorId,props_pageProps_match_team2_topPlayers_4_playerDetails_headshotUrl,props_pageProps_match_team2_topPlayers_4_playerDetails_name,props_pageProps_match_team2_topPlayers_4_playerDetails_perid,props_pageProps_match_team2_topPlayers_4_playerPerid,props_pageProps_match_team2_topPlayers_4_rank,props_pageProps_match_team2_topPlayers_4_role,props_pageProps_match_team2_topPlayers_4_totalAssists,props_pageProps_match_team2_topPlayers_4_totalDamageTeamfights,props_pageProps_match_team2_topPlayers_4_totalDeaths,props_pageProps_match_team2_topPlayers_4_totalFirstBloods,props_pageProps_match_team2_topPlayers_4_totalKills,props_pageProps_match_team2_topPlayers_4_totalMinionKills,props_pageProps_match_team2_topPlayers_4_totalSoloKills,props_pageProps_match_team2_topPlayers_4_totalWorthlessDeaths,props_pageProps_match_teamPowrRankings_0___typename,props_pageProps_match_teamPowrRankings_0_lossSeries,props_pageProps_match_teamPowrRankings_0_position,props_pageProps_match_teamPowrRankings_0_seriesUrn,props_pageProps_match_teamPowrRankings_0_teamDetails___typename,props_pageProps_match_teamPowrRankings_0_teamDetails_factorId,props_pageProps_match_teamPowrRankings_0_teamDetails_fullName,props_pageProps_match_teamPowrRankings_0_teamDetails_teamLogo___typename,props_pageProps_match_teamPowrRankings_0_teamDetails_teamLogo_darkFlip,props_pageProps_match_teamPowrRankings_0_teamDetails_teamLogo_darkShadow,props_pageProps_match_teamPowrRankings_0_teamDetails_teamLogo_logoUrl,props_pageProps_match_teamPowrRankings_0_teamDetails_teamUrn,props_pageProps_match_teamPowrRankings_0_teamPerid,props_pageProps_match_teamPowrRankings_0_teamRanking___typename,props_pageProps_match_teamPowrRankings_0_teamRanking_ranking,props_pageProps_match_teamPowrRankings_0_winSeries,props_pageProps_match_teamPowrRankings_1___typename,props_pageProps_match_teamPowrRankings_1_lossSeries,props_pageProps_match_teamPowrRankings_1_position,props_pageProps_match_teamPowrRankings_1_seriesUrn,props_pageProps_match_teamPowrRankings_1_teamDetails___typename,props_pageProps_match_teamPowrRankings_1_teamDetails_factorId,props_pageProps_match_teamPowrRankings_1_teamDetails_fullName,props_pageProps_match_teamPowrRankings_1_teamDetails_teamLogo___typename,props_pageProps_match_teamPowrRankings_1_teamDetails_teamLogo_darkFlip,props_pageProps_match_teamPowrRankings_1_teamDetails_teamLogo_darkShadow,props_pageProps_match_teamPowrRankings_1_teamDetails_teamLogo_logoUrl,props_pageProps_match_teamPowrRankings_1_teamDetails_teamUrn,props_pageProps_match_teamPowrRankings_1_teamPerid,props_pageProps_match_teamPowrRankings_1_teamRanking___typename,props_pageProps_match_teamPowrRankings_1_teamRanking_ranking,props_pageProps_match_teamPowrRankings_1_winSeries,props_pageProps_match_teamPowrRankings_2___typename,props_pageProps_match_teamPowrRankings_2_lossSeries,props_pageProps_match_teamPowrRankings_2_position,props_pageProps_match_teamPowrRankings_2_seriesUrn,props_pageProps_match_teamPowrRankings_2_teamDetails___typename,props_pageProps_match_teamPowrRankings_2_teamDetails_factorId,props_pageProps_match_teamPowrRankings_2_teamDetails_fullName,props_pageProps_match_teamPowrRankings_2_teamDetails_teamLogo___typename,props_pageProps_match_teamPowrRankings_2_teamDetails_teamLogo_darkFlip,props_pageProps_match_teamPowrRankings_2_teamDetails_teamLogo_darkShadow,props_pageProps_match_teamPowrRankings_2_teamDetails_teamLogo_logoUrl,props_pageProps_match_teamPowrRankings_2_teamDetails_teamUrn,props_pageProps_match_teamPowrRankings_2_teamPerid,props_pageProps_match_teamPowrRankings_2_teamRanking___typename,props_pageProps_match_teamPowrRankings_2_teamRanking_ranking,props_pageProps_match_teamPowrRankings_2_winSeries,props_pageProps_match_teamPowrRankings_3___typename,props_pageProps_match_teamPowrRankings_3_lossSeries,props_pageProps_match_teamPowrRankings_3_position,props_pageProps_match_teamPowrRankings_3_seriesUrn,props_pageProps_match_teamPowrRankings_3_teamDetails___typename,props_pageProps_match_teamPowrRankings_3_teamDetails_factorId,props_pageProps_match_teamPowrRankings_3_teamDetails_fullName,props_pageProps_match_teamPowrRankings_3_teamDetails_teamLogo___typename,props_pageProps_match_teamPowrRankings_3_teamDetails_teamLogo_darkFlip,props_pageProps_match_teamPowrRankings_3_teamDetails_teamLogo_darkShadow,props_pageProps_match_teamPowrRankings_3_teamDetails_teamLogo_logoUrl,props_pageProps_match_teamPowrRankings_3_teamDetails_teamUrn,props_pageProps_match_teamPowrRankings_3_teamPerid,props_pageProps_match_teamPowrRankings_3_teamRanking,props_pageProps_match_teamPowrRankings_3_winSeries,props_pageProps_match_teamPowrRankings_4___typename,props_pageProps_match_teamPowrRankings_4_lossSeries,props_pageProps_match_teamPowrRankings_4_position,props_pageProps_match_teamPowrRankings_4_seriesUrn,props_pageProps_match_teamPowrRankings_4_teamDetails___typename,props_pageProps_match_teamPowrRankings_4_teamDetails_factorId,props_pageProps_match_teamPowrRankings_4_teamDetails_fullName,props_pageProps_match_teamPowrRankings_4_teamDetails_teamLogo___typename,props_pageProps_match_teamPowrRankings_4_teamDetails_teamLogo_darkFlip,props_pageProps_match_teamPowrRankings_4_teamDetails_teamLogo_darkShadow,props_pageProps_match_teamPowrRankings_4_teamDetails_teamLogo_logoUrl,props_pageProps_match_teamPowrRankings_4_teamDetails_teamUrn,props_pageProps_match_teamPowrRankings_4_teamPerid,props_pageProps_match_teamPowrRankings_4_teamRanking___typename,props_pageProps_match_teamPowrRankings_4_teamRanking_ranking,props_pageProps_match_teamPowrRankings_4_winSeries,props_pageProps_match_teamPowrRankings_5___typename,props_pageProps_match_teamPowrRankings_5_lossSeries,props_pageProps_match_teamPowrRankings_5_position,props_pageProps_match_teamPowrRankings_5_seriesUrn,props_pageProps_match_teamPowrRankings_5_teamDetails___typename,props_pageProps_match_teamPowrRankings_5_teamDetails_factorId,props_pageProps_match_teamPowrRankings_5_teamDetails_fullName,props_pageProps_match_teamPowrRankings_5_teamDetails_teamLogo___typename,props_pageProps_match_teamPowrRankings_5_teamDetails_teamLogo_darkFlip,props_pageProps_match_teamPowrRankings_5_teamDetails_teamLogo_darkShadow,props_pageProps_match_teamPowrRankings_5_teamDetails_teamLogo_logoUrl,props_pageProps_match_teamPowrRankings_5_teamDetails_teamUrn,props_pageProps_match_teamPowrRankings_5_teamPerid,props_pageProps_match_teamPowrRankings_5_teamRanking___typename,props_pageProps_match_teamPowrRankings_5_teamRanking_ranking,props_pageProps_match_teamPowrRankings_5_winSeries,props_pageProps_match_teamPowrRankings_6___typename,props_pageProps_match_teamPowrRankings_6_lossSeries,props_pageProps_match_teamPowrRankings_6_position,props_pageProps_match_teamPowrRankings_6_seriesUrn,props_pageProps_match_teamPowrRankings_6_teamDetails___typename,props_pageProps_match_teamPowrRankings_6_teamDetails_factorId,props_pageProps_match_teamPowrRankings_6_teamDetails_fullName,props_pageProps_match_teamPowrRankings_6_teamDetails_teamLogo,props_pageProps_match_teamPowrRankings_6_teamDetails_teamUrn,props_pageProps_match_teamPowrRankings_6_teamPerid,props_pageProps_match_teamPowrRankings_6_teamRanking___typename,props_pageProps_match_teamPowrRankings_6_teamRanking_ranking,props_pageProps_match_teamPowrRankings_6_winSeries,props_pageProps_match_teamPowrRankings_7___typename,props_pageProps_match_teamPowrRankings_7_lossSeries,props_pageProps_match_teamPowrRankings_7_position,props_pageProps_match_teamPowrRankings_7_seriesUrn,props_pageProps_match_teamPowrRankings_7_teamDetails___typename,props_pageProps_match_teamPowrRankings_7_teamDetails_factorId,props_pageProps_match_teamPowrRankings_7_teamDetails_fullName,props_pageProps_match_teamPowrRankings_7_teamDetails_teamLogo___typename,props_pageProps_match_teamPowrRankings_7_teamDetails_teamLogo_darkFlip,props_pageProps_match_teamPowrRankings_7_teamDetails_teamLogo_darkShadow,props_pageProps_match_teamPowrRankings_7_teamDetails_teamLogo_logoUrl,props_pageProps_match_teamPowrRankings_7_teamDetails_teamUrn,props_pageProps_match_teamPowrRankings_7_teamPerid,props_pageProps_match_teamPowrRankings_7_teamRanking___typename,props_pageProps_match_teamPowrRankings_7_teamRanking_ranking,props_pageProps_match_teamPowrRankings_7_winSeries,props_pageProps_match_teamPowrRankings_8___typename,props_pageProps_match_teamPowrRankings_8_lossSeries,props_pageProps_match_teamPowrRankings_8_position,props_pageProps_match_teamPowrRankings_8_seriesUrn,props_pageProps_match_teamPowrRankings_8_teamDetails___typename,props_pageProps_match_teamPowrRankings_8_teamDetails_factorId,props_pageProps_match_teamPowrRankings_8_teamDetails_fullName,props_pageProps_match_teamPowrRankings_8_teamDetails_teamLogo___typename,props_pageProps_match_teamPowrRankings_8_teamDetails_teamLogo_darkFlip,props_pageProps_match_teamPowrRankings_8_teamDetails_teamLogo_darkShadow,props_pageProps_match_teamPowrRankings_8_teamDetails_teamLogo_logoUrl,props_pageProps_match_teamPowrRankings_8_teamDetails_teamUrn,props_pageProps_match_teamPowrRankings_8_teamPerid,props_pageProps_match_teamPowrRankings_8_teamRanking___typename,props_pageProps_match_teamPowrRankings_8_teamRanking_ranking,props_pageProps_match_teamPowrRankings_8_winSeries,query_slug_0,query_slug_1,query_slug_2,query_slug_3,runtimeConfig_nextPlausiblePublicProxyOptions_trailingSlash
0,6OFInEo8nbJET_ZWLU1dD,10204,98925,43290,79535,72475,68588,95878,97471,True,False,/match/[...slug],True,True,Match,8475734,1673902946,2023-02-21T17:00:00Z,100,esports:match:a4bb76a9-2d9c-4d96-8193-65d77c0a7b68,PrematchWinProbability,0.6225705368772464,0.3774294631227536,MatchScore,0,0,TeamDetails,ZRL,216,Zerolag Esports,4,3,PlayerHistory,PlayerDetails,2437,Alexandros Kafiris,https://factorassets.global.ssl.fastly.net/player-headshots/default.png,ZaFiR,esports:player:c701aec6-ad6c-4548-8407-5f06e47bbe60,esports:player:c701aec6-ad6c-4548-8407-5f06e47bbe60,sup,esports:tournament:3eea9aaa-38b6-4ce9-89b8-7ccb09e6c2ee,PlayerHistory,PlayerDetails,721299,Paris Fragkos,,Unkn0wn5,esports:player:80cffb93-0502-41c6-9a12-7a2dca17c772,esports:player:80cffb93-0502-41c6-9a12-7a2dca17c772,bot,esports:tournament:3eea9aaa-38b6-4ce9-89b8-7ccb09e6c2ee,PlayerHistory,PlayerDetails,2043,Romanos Kasinopoulos,https://factorassets.global.ssl.fastly.net/player-headshots/esports:player:c05e49dd-dcf0-4924-a253-00994a4f9c21/latest.png,Ivok,esports:player:c05e49dd-dcf0-4924-a253-00994a4f9c21,esports:player:c05e49dd-dcf0-4924-a253-00994a4f9c21,mid,esports:tournament:3eea9aaa-38b6-4ce9-89b8-7ccb09e6c2ee,PlayerHistory,PlayerDetails,3109,Christodoulos Leontaras,https://factorassets.global.ssl.fastly.net/player-headshots/default.png,Leo D Aras,esports:player:b942b7cb-4fec-4306-a451-7e8a49081b72,esports:player:b942b7cb-4fec-4306-a451-7e8a49081b72,sup,esports:tournament:3eea9aaa-38b6-4ce9-89b8-7ccb09e6c2ee,PlayerHistory,PlayerDetails,721297,Gaudé Kilian,,Arhys,esports:player:1f82d21e-49a4-4387-bb8f-f6fd10f4c5f6,esports:player:1f82d21e-49a4-4387-bb8f-f6fd10f4c5f6,top,esports:tournament:3eea9aaa-38b6-4ce9-89b8-7ccb09e6c2ee,PlayerHistory,PlayerDetails,2982,Achilleas Natsis,https://factorassets.global.ssl.fastly.net/player-headshots/default.png,SneakyLemon,esports:player:3bde3963-a793-4039-b003-8ad971163e23,esports:player:3bde3963-a793-4039-b003-8ad971163e23,jng,esports:tournament:3eea9aaa-38b6-4ce9-89b8-7ccb09e6c2ee,PlayerHistory,PlayerDetails,194461,Koussay Soltani,,Koussay3,esports:player:cb72a31f-1d75-41e4-a475-dae84f5fffc8,esports:player:cb72a31f-1d75-41e4-a475-dae84f5fffc8,mid,esports:tournament:7d1d74da-a957-4d22-90a6-f928534e7eef,PlayerHistory,PlayerDetails,194462,Yannick  Hiller,,Missclick,esports:player:a14fabe5-27bd-48c9-b814-f4f39ce203ce,esports:player:a14fabe5-27bd-48c9-b814-f4f39ce203ce,bot,esports:tournament:7d1d74da-a957-4d22-90a6-f928534e7eef,PlayerHistory,PlayerDetails,3455,Spyridon Diavatis,https://factorassets.global.ssl.fastly.net/player-headshots/default.png,NorthnLights,esports:player:bc4b41d1-7ea2-45a4-93b6-d3b341899d4a,esports:player:bc4b41d1-7ea2-45a4-93b6-d3b341899d4a,top,esports:tournament:7d1d74da-a957-4d22-90a6-f928534e7eef,PlayerHistory,PlayerDetails,3109,Christodoulos Leontaras,https://factorassets.global.ssl.fastly.net/player-headshots/default.png,Leo D Aras,esports:player:b942b7cb-4fec-4306-a451-7e8a49081b72,esports:player:b942b7cb-4fec-4306-a451-7e8a49081b72,sup,esports:tournament:7d1d74da-a957-4d22-90a6-f928534e7eef,PlayerHistory,PlayerDetails,1681,Vasileios Syrianos,https://factorassets.global.ssl.fastly.net/player-headshots/esports:player:1a494200-2560-4a3b-9a74-bb94479b95c9/latest.png,Carnage,esports:player:1a494200-2560-4a3b-9a74-bb94479b95c9,esports:player:1a494200-2560-4a3b-9a74-bb94479b95c9,jng,esports:tournament:7d1d74da-a957-4d22-90a6-f928534e7eef,PlayerHistory,PlayerDetails,194467,József Lőrincz,,Rassiel,esports:player:58454a62-30fe-450d-905b-ba17a0582ff3,esports:player:58454a62-30fe-450d-905b-ba17a0582ff3,sup,esports:tournament:7d1d74da-a957-4d22-90a6-f928534e7eef,PlayerHistory,PlayerDetails,194458,Tautvydas Gegeckas,,T0m,esports:player:5c8cb86e-8ef4-490e-ae10-cf608130c1f6,esports:player:5c8cb86e-8ef4-490e-ae10-cf608130c1f6,mid,esports:tournament:7d1d74da-a957-4d22-90a6-f928534e7eef,PlayerHistory,PlayerDetails,194453,Spyros Pantelopoulos,,Centulion,esports:player:6b205131-9b6c-4ba4-8742-6c6fb1d4439c,esports:player:6b205131-9b6c-4ba4-8742-6c6fb1d4439c,sup,esports:tournament:7d1d74da-a957-4d22-90a6-f928534e7eef,PlayerHistory,PlayerDetails,194460,Łukasz Nasutowicz,,Nasut,esports:player:2743887a-5622-4104-89a7-8fcaede0531f,esports:player:2743887a-5622-4104-89a7-8fcaede0531f,jng,esports:tournament:7d1d74da-a957-4d22-90a6-f928534e7eef,PlayerHistory,PlayerDetails,194455,,,Rhythm,esports:player:f7e0cde5-0900-4a38-a3ac-43c18448dc00,esports:player:f7e0cde5-0900-4a38-a3ac-43c18448dc00,bot,esports:tournament:7d1d74da-a957-4d22-90a6-f928534e7eef,PlayerHistory,PlayerDetails,2043,Romanos Kasinopoulos,https://factorassets.global.ssl.fastly.net/player-headshots/esports:player:c05e49dd-dcf0-4924-a253-00994a4f9c21/latest.png,Ivok,esports:player:c05e49dd-dcf0-4924-a253-00994a4f9c21,esports:player:c05e49dd-dcf0-4924-a253-00994a4f9c21,top,esports:tournament:7d1d74da-a957-4d22-90a6-f928534e7eef,PlayerHistory,PlayerDetails,1526,Stylianos Marinos,https://factorassets.global.ssl.fastly.net/player-headshots/esports:player:870606d2-fc45-4ccf-8d54-a1ff646b05ce/latest.png,Lion,esports:player:870606d2-fc45-4ccf-8d54-a1ff646b05ce,esports:player:870606d2-fc45-4ccf-8d54-a1ff646b05ce,sup,esports:tournament:f8a51f89-5e67-4608-99be-0183120dc402,PlayerHistory,PlayerDetails,3378,Kostantinos Tsigkos,https://factorassets.global.ssl.fastly.net/player-headshots/default.png,Satanico,esports:player:1a35b581-ef9a-44fa-8327-7e19679e5da6,esports:player:1a35b581-ef9a-44fa-8327-7e19679e5da6,sup,esports:tournament:f8a51f89-5e67-4608-99be-0183120dc402,PlayerHistory,PlayerDetails,430,Aggelos Lolos,https://factorassets.global.ssl.fastly.net/player-headshots/default.png,Vortex,esports:player:41142156-5106-413c-a7c6-4a8e0083bc29,esports:player:41142156-5106-413c-a7c6-4a8e0083bc29,jng,esports:tournament:f8a51f89-5e67-4608-99be-0183120dc402,PlayerHistory,PlayerDetails,1253,Mert Aptula-Hussein,https://factorassets.global.ssl.fastly.net/player-headshots/default.png,YouMertBRO,esports:player:77fbe922-d937-4ee9-9e35-17a3e9274f52,esports:player:77fbe922-d937-4ee9-9e35-17a3e9274f52,mid,esports:tournament:f8a51f89-5e67-4608-99be-0183120dc402,PlayerHistory,PlayerDetails,1186,Ilias  Krionas,https://factorassets.global.ssl.fastly.net/player-headshots/esports:player:a8cb5ffc-c3b7-44cd-82f9-dadbb922af47/latest.png,Gagai,esports:player:a8cb5ffc-c3b7-44cd-82f9-dadbb922af47,esports:player:a8cb5ffc-c3b7-44cd-82f9-dadbb922af47,bot,esports:tournament:f8a51f89-5e67-4608-99be-0183120dc402,PlayerHistory,PlayerDetails,2043,Romanos Kasinopoulos,https://factorassets.global.ssl.fastly.net/player-headshots/esports:player:c05e49dd-dcf0-4924-a253-00994a4f9c21/latest.png,Ivok,esports:player:c05e49dd-dcf0-4924-a253-00994a4f9c21,esports:player:c05e49dd-dcf0-4924-a253-00994a4f9c21,top,esports:tournament:f8a51f89-5e67-4608-99be-0183120dc402,PlayerHistory,PlayerDetails,2437,Alexandros Kafiris,https://factorassets.global.ssl.fastly.net/player-headshots/default.png,ZaFiR,esports:player:c701aec6-ad6c-4548-8407-5f06e47bbe60,esports:player:c701aec6-ad6c-4548-8407-5f06e47bbe60,sup,esports:tournament:f8a51f89-5e67-4608-99be-0183120dc402,PlayerHistory,PlayerDetails,2144,Christos Grigoriadis,https://factorassets.global.ssl.fastly.net/player-headshots/esports:player:bc6bd946-545c-45de-82e9-375b0174b34b/latest.png,Rago44,esports:player:bc6bd946-545c-45de-82e9-375b0174b34b,esports:player:bc6bd946-545c-45de-82e9-375b0174b34b,bot,esports:tournament:a45517c2-9e0a-4ec3-8509-6c5f39c9a89a,PlayerHistory,PlayerDetails,814,Yeongin Jun,https://factorassets.global.ssl.fastly.net/player-headshots/esports:player:c74131f3-33c2-4b07-b7a8-e6e4d1e89130/latest.png,Jony,esports:player:c74131f3-33c2-4b07-b7a8-e6e4d1e89130,esports:player:c74131f3-33c2-4b07-b7a8-e6e4d1e89130,jng,esports:tournament:a45517c2-9e0a-4ec3-8509-6c5f39c9a89a,PlayerHistory,PlayerDetails,1253,Mert Aptula-Hussein,https://factorassets.global.ssl.fastly.net/player-headshots/default.png,YouMertBRO,esports:player:77fbe922-d937-4ee9-9e35-17a3e9274f52,esports:player:77fbe922-d937-4ee9-9e35-17a3e9274f52,mid,esports:tournament:a45517c2-9e0a-4ec3-8509-6c5f39c9a89a,PlayerHistory,PlayerDetails,3111,Alexandre Lecorche,https://factorassets.global.ssl.fastly.net/player-headshots/esports:player:89089df1-7f4d-42bd-a1e9-230496439757/latest.png,Xintox,esports:player:89089df1-7f4d-42bd-a1e9-230496439757,esports:player:89089df1-7f4d-42bd-a1e9-230496439757,sup,esports:tournament:a45517c2-9e0a-4ec3-8509-6c5f39c9a89a,PlayerHistory,PlayerDetails,1095,Petr Pavlíček,https://factorassets.global.ssl.fastly.net/player-headshots/esports:player:806ca507-83a4-44bc-830f-b3e6142e0714/latest.png,Adiss,esports:player:806ca507-83a4-44bc-830f-b3e6142e0714,esports:player:806ca507-83a4-44bc-830f-b3e6142e0714,top,esports:tournament:a45517c2-9e0a-4ec3-8509-6c5f39c9a89a,PlayerHistory,PlayerDetails,2144,Christos Grigoriadis,https://factorassets.global.ssl.fastly.net/player-headshots/esports:player:bc6bd946-545c-45de-82e9-375b0174b34b/latest.png,Rago44,esports:player:bc6bd946-545c-45de-82e9-375b0174b34b,esports:player:bc6bd946-545c-45de-82e9-375b0174b34b,bot,esports:tournament:9ca0e908-3f0f-4c2c-8c47-a6b9004e0dc3,PlayerHistory,PlayerDetails,1546,Alexandros Zekai,https://factorassets.global.ssl.fastly.net/player-headshots/default.png,Zekakos,esports:player:8fc10504-27ad-4e86-bd4a-21c7e741e6dd,esports:player:8fc10504-27ad-4e86-bd4a-21c7e741e6dd,sup,esports:tournament:9ca0e908-3f0f-4c2c-8c47-a6b9004e0dc3,PlayerHistory,PlayerDetails,814,Yeongin Jun,https://factorassets.global.ssl.fastly.net/player-headshots/esports:player:c74131f3-33c2-4b07-b7a8-e6e4d1e89130/latest.png,Jony,esports:player:c74131f3-33c2-4b07-b7a8-e6e4d1e89130,esports:player:c74131f3-33c2-4b07-b7a8-e6e4d1e89130,jng,esports:tournament:9ca0e908-3f0f-4c2c-8c47-a6b9004e0dc3,PlayerHistory,PlayerDetails,3111,Alexandre Lecorche,https://factorassets.global.ssl.fastly.net/player-headshots/esports:player:89089df1-7f4d-42bd-a1e9-230496439757/latest.png,Xintox,esports:player:89089df1-7f4d-42bd-a1e9-230496439757,esports:player:89089df1-7f4d-42bd-a1e9-230496439757,sup,esports:tournament:9ca0e908-3f0f-4c2c-8c47-a6b9004e0dc3,PlayerHistory,PlayerDetails,1095,Petr Pavlíček,https://factorassets.global.ssl.fastly.net/player-headshots/esports:player:806ca507-83a4-44bc-830f-b3e6142e0714/latest.png,Adiss,esports:player:806ca507-83a4-44bc-830f-b3e6142e0714,esports:player:806ca507-83a4-44bc-830f-b3e6142e0714,top,esports:tournament:9ca0e908-3f0f-4c2c-8c47-a6b9004e0dc3,PlayerHistory,PlayerDetails,1253,Mert Aptula-Hussein,https://factorassets.global.ssl.fastly.net/player-headshots/default.png,YouMertBRO,esports:player:77fbe922-d937-4ee9-9e35-17a3e9274f52,esports:player:77fbe922-d937-4ee9-9e35-17a3e9274f52,mid,esports:tournament:9ca0e908-3f0f-4c2c-8c47-a6b9004e0dc3,PlayerHistory,PlayerDetails,1595,Bartosz Mazur,https://factorassets.global.ssl.fastly.net/player-headshots/default.png,Mazi,esports:player:421a3f96-61a3-42a1-91cc-ccb187b12e86,esports:player:421a3f96-61a3-42a1-91cc-ccb187b12e86,jng,esports:tournament:9ca0e908-3f0f-4c2c-8c47-a6b9004e0dc3,PlayerHistory,PlayerDetails,819,Paweł Miozga,https://factorassets.global.ssl.fastly.net/player-headshots/esports:player:380bd05c-4fe4-48e1-bf78-ccdbc2209bc8/latest.png,sheefto,esports:player:380bd05c-4fe4-48e1-bf78-ccdbc2209bc8,esports:player:380bd05c-4fe4-48e1-bf78-ccdbc2209bc8,bot,esports:tournament:9ca0e908-3f0f-4c2c-8c47-a6b9004e0dc3,PlayerHistory,PlayerDetails,2376,Stauros-Vasileios Mpouliopoulos,https://factorassets.global.ssl.fastly.net/player-headshots/default.png,Pigeonx,esports:player:2d5485ea-ab0e-4bb3-b8fa-d78fc02c35d3,esports:player:2d5485ea-ab0e-4bb3-b8fa-d78fc02c35d3,sup,esports:tournament:9ca0e908-3f0f-4c2c-8c47-a6b9004e0dc3,PlayerHistory,PlayerDetails,1186,Ilias  Krionas,https://factorassets.global.ssl.fastly.net/player-headshots/esports:player:a8cb5ffc-c3b7-44cd-82f9-dadbb922af47/latest.png,Gagai,esports:player:a8cb5ffc-c3b7-44cd-82f9-dadbb922af47,esports:player:a8cb5ffc-c3b7-44cd-82f9-dadbb922af47,bot,esports:tournament:9ca0e908-3f0f-4c2c-8c47-a6b9004e0dc3,PlayerHistory,,,jng,esports:tournament:4ad620ac-02fa-48f4-9a6f-92a0e2d90935,PlayerHistory,PlayerDetails,1186,Ilias  Krionas,https://factorassets.global.ssl.fastly.net/player-headshots/esports:player:a8cb5ffc-c3b7-44cd-82f9-dadbb922af47/latest.png,Gagai,esports:player:a8cb5ffc-c3b7-44cd-82f9-dadbb922af47,esports:player:a8cb5ffc-c3b7-44cd-82f9-dadbb922af47,bot,esports:tournament:4ad620ac-02fa-48f4-9a6f-92a0e2d90935,PlayerHistory,,,mid,esports:tournament:4ad620ac-02fa-48f4-9a6f-92a0e2d90935,PlayerHistory,PlayerDetails,1253,Mert Aptula-Hussein,https://factorassets.global.ssl.fastly.net/player-headshots/default.png,YouMertBRO,esports:player:77fbe922-d937-4ee9-9e35-17a3e9274f52,esports:player:77fbe922-d937-4ee9-9e35-17a3e9274f52,top,esports:tournament:4ad620ac-02fa-48f4-9a6f-92a0e2d90935,PlayerHistory,,,sup,esports:tournament:4ad620ac-02fa-48f4-9a6f-92a0e2d90935,PlayerHistory,,,top,esports:tournament:4ad620ac-02fa-48f4-9a6f-92a0e2d90935,TeamRank,,81,0.4218878216920581,,0.4218878216920581,HELL,esports:team:68be559e-d48d-4680-b7c9-b8cb675a1eaa,PlayerDetails,2437,Alexandros Kafiris,https://factorassets.global.ssl.fastly.net/player-headshots/default.png,ZaFiR,esports:player:c701aec6-ad6c-4548-8407-5f06e47bbe60,ZaFiR,esports:player:c701aec6-ad6c-4548-8407-5f06e47bbe60,sup,PlayerDetails,721299,Paris Fragkos,,Unkn0wn5,esports:player:80cffb93-0502-41c6-9a12-7a2dca17c772,Unkn0wn5,esports:player:80cffb93-0502-41c6-9a12-7a2dca17c772,bot,PlayerDetails,2043,Romanos Kasinopoulos,https://factorassets.global.ssl.fastly.net/player-headshots/esports:player:c05e49dd-dcf0-4924-a253-00994a4f9c21/latest.png,Ivok,esports:player:c05e49dd-dcf0-4924-a253-00994a4f9c21,Ivok,esports:player:c05e49dd-dcf0-4924-a253-00994a4f9c21,mid,PlayerDetails,3109,Christodoulos Leontaras,https://factorassets.global.ssl.fastly.net/player-headshots/default.png,Leo D Aras,esports:player:b942b7cb-4fec-4306-a451-7e8a49081b72,Leo D Aras,esports:player:b942b7cb-4fec-4306-a451-7e8a49081b72,sup,PlayerDetails,721297,Gaudé Kilian,,Arhys,esports:player:1f82d21e-49a4-4387-bb8f-f6fd10f4c5f6,Arhys,esports:player:1f82d21e-49a4-4387-bb8f-f6fd10f4c5f6,top,PlayerDetails,2982,Achilleas Natsis,https://factorassets.global.ssl.fastly.net/player-headshots/default.png,SneakyLemon,esports:player:3bde3963-a793-4039-b003-8ad971163e23,SneakyLemon,esports:player:3bde3963-a793-4039-b003-8ad971163e23,jng,TeamLogo,True,False,https://factorassets.global.ssl.fastly.net/teamlogo/esports:team:68be559e-d48d-4680-b7c9-b8cb675a1eaa/latest.png,TeamStandings,4,5,esports:series:4c59e188-92be-4a44-8f9a-5e896cd4277f,TeamDetails,216,Zerolag Esports,TeamLogo,True,False,https://factorassets.global.ssl.fastly.net/teamlogo/esports:team:68be559e-d48d-4680-b7c9-b8cb675a1eaa/latest.png,esports:team:68be559e-d48d-4680-b7c9-b8cb675a1eaa,esports:team:68be559e-d48d-4680-b7c9-b8cb675a1eaa,TeamRank,0.4218878216920581,3,esports:team:68be559e-d48d-4680-b7c9-b8cb675a1eaa,Tournament,Series,Greek Legends League,esports:series:4c59e188-92be-4a44-8f9a-5e896cd4277f,esports:tournament:3eea9aaa-38b6-4ce9-89b8-7ccb09e6c2ee,Tournament,Series,Greek Legends League,esports:series:4c59e188-92be-4a44-8f9a-5e896cd4277f,esports:tournament:7d1d74da-a957-4d22-90a6-f928534e7eef,Tournament,Series,Greek Legends League,esports:series:4c59e188-92be-4a44-8f9a-5e896cd4277f,esports:tournament:f8a51f89-5e67-4608-99be-0183120dc402,TeamDetails,WPE,2087915,Wild Panther Esports,0,0,PlayerHistory,PlayerDetails,1692,Darius  Bistrian,https://factorassets.global.ssl.fastly.net/player-headshots/esports:player:c5ccb336-ab11-453a-ab04-5ecec5e1cfb9/latest.png,Yakkey,esports:player:c5ccb336-ab11-453a-ab04-5ecec5e1cfb9,esports:player:c5ccb336-ab11-453a-ab04-5ecec5e1cfb9,bot,esports:tournament:3eea9aaa-38b6-4ce9-89b8-7ccb09e6c2ee,PlayerHistory,PlayerDetails,628,Cosmin Mreana,https://factorassets.global.ssl.fastly.net/player-headshots/default.png,Comeback,esports:player:b5dd4402-2f7a-42dd-a416-6681b4da5c3d,esports:player:b5dd4402-2f7a-42dd-a416-6681b4da5c3d,mid,esports:tournament:3eea9aaa-38b6-4ce9-89b8-7ccb09e6c2ee,PlayerHistory,PlayerDetails,2295,Federico Princiotta Cariddi,https://factorassets.global.ssl.fastly.net/player-headshots/esports:player:ca0f4770-a058-4917-9785-04faeee663be/latest.png,Paradox,esports:player:ca0f4770-a058-4917-9785-04faeee663be,esports:player:ca0f4770-a058-4917-9785-04faeee663be,sup,esports:tournament:3eea9aaa-38b6-4ce9-89b8-7ccb09e6c2ee,PlayerHistory,PlayerDetails,766,Giannis Antzakas,https://factorassets.global.ssl.fastly.net/player-headshots/default.png,JohnGiannis,esports:player:7be64b10-0187-4e45-a0cf-65dd6aa12f00,esports:player:7be64b10-0187-4e45-a0cf-65dd6aa12f00,top,esports:tournament:3eea9aaa-38b6-4ce9-89b8-7ccb09e6c2ee,PlayerHistory,PlayerDetails,1514,Sergi Sene Molist,https://factorassets.global.ssl.fastly.net/player-headshots/default.png,CRoNiiK,esports:player:c56db066-e19a-4305-b07b-58b5004043dc,esports:player:c56db066-e19a-4305-b07b-58b5004043dc,jng,esports:tournament:3eea9aaa-38b6-4ce9-89b8-7ccb09e6c2ee,TeamRank,,8,0.4005114786776388,,0.4005114786776388,WPE,esports:team:d4c8edeb-7354-4bbb-ae3a-adcc27fab8e6,PlayerDetails,1692,Darius  Bistrian,https://factorassets.global.ssl.fastly.net/player-headshots/esports:player:c5ccb336-ab11-453a-ab04-5ecec5e1cfb9/latest.png,Yakkey,esports:player:c5ccb336-ab11-453a-ab04-5ecec5e1cfb9,Yakkey,esports:player:c5ccb336-ab11-453a-ab04-5ecec5e1cfb9,bot,PlayerDetails,628,Cosmin Mreana,https://factorassets.global.ssl.fastly.net/player-headshots/default.png,Comeback,esports:player:b5dd4402-2f7a-42dd-a416-6681b4da5c3d,Comeback,esports:player:b5dd4402-2f7a-42dd-a416-6681b4da5c3d,mid,PlayerDetails,2295,Federico Princiotta Cariddi,https://factorassets.global.ssl.fastly.net/player-headshots/esports:player:ca0f4770-a058-4917-9785-04faeee663be/latest.png,Paradox,esports:player:ca0f4770-a058-4917-9785-04faeee663be,Paradox,esports:player:ca0f4770-a058-4917-9785-04faeee663be,sup,PlayerDetails,766,Giannis Antzakas,https://factorassets.global.ssl.fastly.net/player-headshots/default.png,JohnGiannis,esports:player:7be64b10-0187-4e45-a0cf-65dd6aa12f00,JohnGiannis,esports:player:7be64b10-0187-4e45-a0cf-65dd6aa12f00,top,PlayerDetails,1514,Sergi Sene Molist,https://factorassets.global.ssl.fastly.net/player-headshots/default.png,CRoNiiK,esports:player:c56db066-e19a-4305-b07b-58b5004043dc,CRoNiiK,esports:player:c56db066-e19a-4305-b07b-58b5004043dc,jng,,,esports:team:d4c8edeb-7354-4bbb-ae3a-adcc27fab8e6,Tournament,Series,Greek Legends League,esports:series:4c59e188-92be-4a44-8f9a-5e896cd4277f,esports:tournament:3eea9aaa-38b6-4ce9-89b8-7ccb09e6c2ee,Tournament,2023-03-08,1675783405,Spring,Season,Greek Legends League 2023,2023,esports:season:d8dfa7ae-b35b-415e-88bf-a3f9cc4131fd,Series,Greek Legends League,esports:series:4c59e188-92be-4a44-8f9a-5e896cd4277f,2023-01-23,C-Tier,C-Tier,4,esports:tournament:3eea9aaa-38b6-4ce9-89b8-7ccb09e6c2ee,1,False,8475734,statistics,Greek Legends League,PaginatedPlayerPicksResponse,TeamChampionPicks,0,Sylas,4,4,0,2,TeamChampionPicks,0,Sion,4,4,0,2,TeamChampionPicks,0,Nautilus,3,3,0,1,TeamChampionPicks,0,Maokai,3,3,0,2,TeamChampionPicks,0,Karma,2,2,0,0,TeamChampionPicks,0,Vi,2,2,0,1,TeamChampionPicks,0,Sejuani,2,2,0,0,TeamChampionPicks,0,Ashe,2,2,0,2,TeamChampionPicks,0,Tristana,2,2,0,1,TeamChampionPicks,0,Heimerdinger,2,2,0,2,TeamChampionPicks,0,Tryndamere,1,1,0,1,TeamChampionPicks,0,Udyr,1,1,0,0,TeamChampionPicks,0,Aatrox,1,1,0,1,TeamChampionPicks,0,Xayah,1,1,0,0,TeamChampionPicks,0,Belveth,1,1,0,0,TeamChampionPicks,0,Kassadin,1,1,0,0,TeamChampionPicks,0,KSante,1,1,0,0,TeamChampionPicks,0,Lucian,1,1,0,0,TeamChampionPicks,0,MonkeyKing,1,1,0,0,TeamChampionPicks,0,Nami,1,1,0,0,TeamChampionPicks,0,Samira,1,1,0,0,TeamChampionPicks,0,Sivir,1,1,0,0,TeamChampionPicks,0,Swain,1,1,0,0,23,39,PaginatedPlayerPicksResponse,TeamChampionPicks,0,Ashe,2,2,0,2,TeamChampionPicks,0,Tristana,1,1,0,0,TeamChampionPicks,0,Lucian,1,1,0,0,TeamChampionPicks,0,Samira,1,1,0,0,TeamChampionPicks,0,Sivir,1,1,0,0,TeamChampionPicks,0,Xayah,1,1,0,0,6,7,PaginatedPlayerPicksResponse,TeamChampionPicks,0,Maokai,3,3,0,2,TeamChampionPicks,0,Vi,2,2,0,1,TeamChampionPicks,0,Belveth,1,1,0,0,TeamChampionPicks,0,MonkeyKing,1,1,0,0,TeamChampionPicks,0,Udyr,1,1,0,0,5,8,PaginatedPlayerPicksResponse,TeamChampionPicks,0,Sylas,4,4,0,2,TeamChampionPicks,0,Kassadin,1,1,0,0,TeamChampionPicks,0,Swain,1,1,0,0,TeamChampionPicks,0,Tristana,1,1,0,0,TeamChampionPicks,0,Tryndamere,1,1,0,1,5,8,PaginatedPlayerPicksResponse,TeamChampionPicks,0,Nautilus,3,3,0,1,TeamChampionPicks,0,Heimerdinger,2,2,0,2,TeamChampionPicks,0,Karma,2,2,0,0,TeamChampionPicks,0,Nami,1,1,0,0,4,8,PaginatedPlayerPicksResponse,TeamChampionPicks,0,Sion,4,4,0,2,TeamChampionPicks,0,Sejuani,2,2,0,0,TeamChampionPicks,0,Aatrox,1,1,0,1,TeamChampionPicks,0,KSante,1,1,0,0,4,8,AveragePlayerStats,4.25,283.9210471985832,2.5,1.8642074953709005,600.4032159952889,12979.25,5432.75,-420.25,0.25,2.875,272.375,6.511159222222223,4.324452430555556,10.987498760223389,8,0,41.28685212135315,9.75,9.625,0.125,Unkn0wn5,esports:player:80cffb93-0502-41c6-9a12-7a2dca17c772,1,,2023,,AveragePlayerStats,4.75,248.1911737472292,2.375,0,449.4362530327727,12049.875,5086.5,-297.25,0.625,3.125,244.25,7.934856944444444,5.621339555555556,7.2312499061226845,8.375,1,29.177817344665527,3.875,8.875,0,Ivok,esports:player:c05e49dd-dcf0-4924-a253-00994a4f9c21,2,,2023,,AveragePlayerStats,6.125,333.85871361626516,4,12.59454249097875,504.3345954661273,10578.75,5052,-193.875,0.625,2.625,26.5,3.4013594444444446,4.525936111111111,151.70624160766602,8.875,0.25,36.39365530014038,8.5,4.625,0.375,SneakyLemon,esports:player:3bde3963-a793-4039-b003-8ad971163e23,3,,2023,,AveragePlayerStats,3.375,145.20580827016678,2.75,12.993626193837597,359.33659599776246,10562.5,4924.75,-442.625,0.875,1.75,216.375,4.422971944444444,8.719506944444445,4.349999785423279,6.875,0.125,33.60941529273987,6.625,9.25,0,Arhys,esports:player:1f82d21e-49a4-4387-bb8f-f6fd10f4c5f6,4,,2023,,AveragePlayerStats,6.5,110.63057950943237,2.6666666666666665,21.24679295322269,228.3612526623939,7814.333333333333,3701.3333333333335,295.8333333333333,0,1.6666666666666667,32,4.182213888888889,7.11351875,0.9333333373069763,8.333333333333334,0,72.6045150756836,9.5,33.833333333333336,0.16666666666666666,Leo D Aras,esports:player:b942b7cb-4fec-4306-a451-7e8a49081b72,5,,2023,,AveragePlayerStats,6.5,45.92850952148437,5,76.26474781127033,138.66801849925892,6287.5,3013.5,-1091.5,0,0.5,22.5,6.307364583333333,,0,6.5,0,60.45878791809082,9,25,0,ZaFiR,esports:player:c701aec6-ad6c-4548-8407-5f06e47bbe60,6,,2023,,PlayerRank,27,,Greek Legends League,SneakyLemon,PlayerDetails,2982,Achilleas Natsis,https://factorassets.global.ssl.fastly.net/player-headshots/default.png,SneakyLemon,esports:player:3bde3963-a793-4039-b003-8ad971163e23,0.4338235841735891,1,0.4338235841735891,jng,HELL,TeamDetails,216,Zerolag Esports,TeamLogo,True,False,https://factorassets.global.ssl.fastly.net/teamlogo/esports:team:68be559e-d48d-4680-b7c9-b8cb675a1eaa/latest.png,esports:team:68be559e-d48d-4680-b7c9-b8cb675a1eaa,esports:team:68be559e-d48d-4680-b7c9-b8cb675a1eaa,PlayerRank,65,,Greek Legends League,Ivok,PlayerDetails,2043,Romanos Kasinopoulos,https://factorassets.global.ssl.fastly.net/player-headshots/esports:player:c05e49dd-dcf0-4924-a253-00994a4f9c21/latest.png,Ivok,esports:player:c05e49dd-dcf0-4924-a253-00994a4f9c21,0.43049059527912437,2,0.43049059527912437,mid,HELL,TeamDetails,216,Zerolag Esports,TeamLogo,True,False,https://factorassets.global.ssl.fastly.net/teamlogo/esports:team:68be559e-d48d-4680-b7c9-b8cb675a1eaa/latest.png,esports:team:68be559e-d48d-4680-b7c9-b8cb675a1eaa,esports:team:68be559e-d48d-4680-b7c9-b8cb675a1eaa,PlayerRank,9,,Greek Legends League,Unkn0wn5,PlayerDetails,721299,Paris Fragkos,,Unkn0wn5,esports:player:80cffb93-0502-41c6-9a12-7a2dca17c772,0.4217920899840033,3,0.4217920899840033,bot,HELL,TeamDetails,216,Zerolag Esports,TeamLogo,True,False,https://factorassets.global.ssl.fastly.net/teamlogo/esports:team:68be559e-d48d-4680-b7c9-b8cb675a1eaa/latest.png,esports:team:68be559e-d48d-4680-b7c9-b8cb675a1eaa,esports:team:68be559e-d48d-4680-b7c9-b8cb675a1eaa,PlayerRank,9,,Greek Legends League,Arhys,PlayerDetails,721297,Gaudé Kilian,,Arhys,esports:player:1f82d21e-49a4-4387-bb8f-f6fd10f4c5f6,0.4207013337059994,4,0.4207013337059994,top,HELL,TeamDetails,216,Zerolag Esports,TeamLogo,True,False,https://factorassets.global.ssl.fastly.net/teamlogo/esports:team:68be559e-d48d-4680-b7c9-b8cb675a1eaa/latest.png,esports:team:68be559e-d48d-4680-b7c9-b8cb675a1eaa,esports:team:68be559e-d48d-4680-b7c9-b8cb675a1eaa,PlayerRank,51,,Greek Legends League,Leo D Aras,PlayerDetails,3109,Christodoulos Leontaras,https://factorassets.global.ssl.fastly.net/player-headshots/default.png,Leo D Aras,esports:player:b942b7cb-4fec-4306-a451-7e8a49081b72,0.41284084152588785,5,0.41284084152588785,sup,HELL,TeamDetails,216,Zerolag Esports,TeamLogo,True,False,https://factorassets.global.ssl.fastly.net/teamlogo/esports:team:68be559e-d48d-4680-b7c9-b8cb675a1eaa/latest.png,esports:team:68be559e-d48d-4680-b7c9-b8cb675a1eaa,esports:team:68be559e-d48d-4680-b7c9-b8cb675a1eaa,PlayerRank,28,,Greek Legends League,ZaFiR,PlayerDetails,2437,Alexandros Kafiris,https://factorassets.global.ssl.fastly.net/player-headshots/default.png,ZaFiR,esports:player:c701aec6-ad6c-4548-8407-5f06e47bbe60,0.3920263539283381,6,0.3920263539283381,sup,HELL,TeamDetails,216,Zerolag Esports,TeamLogo,True,False,https://factorassets.global.ssl.fastly.net/teamlogo/esports:team:68be559e-d48d-4680-b7c9-b8cb675a1eaa/latest.png,esports:team:68be559e-d48d-4680-b7c9-b8cb675a1eaa,esports:team:68be559e-d48d-4680-b7c9-b8cb675a1eaa,AverageTeamStats,25,0.5,1105.6318048446897,14.875,62.453657847921846,2119.4486046135617,2.125,1,53603,24025.375,-1405,0.625,2.375,11.75,789.125,1.1948073455758565,2.768846775527713,174.9749900624156,40,1.375,-0.25,5.125,0.25,210.03582334518433,38.125,64,0.625,0.625,0.5,1,2023,False,,esports:team:68be559e-d48d-4680-b7c9-b8cb675a1eaa,Spring,AverageTeamStats,29.214285714285715,0.5,1269.7979390929297,15.928571428571429,154.11033702436617,2162.4060533086026,2.2857142857142856,1,55897.71428571428,24129.14285714286,-941.4285714285714,0.7142857142857143,3.142857142857143,13.357142857142858,799.9285714285714,1.95789040447119,3.0288778787245887,195.97498064381736,46.285714285714285,0.6428571428571429,-0.5,4.857142857142857,0.14285714285714285,203.17601990699768,39,82.28571428571429,0.42857142857142855,0.5,0.14285714285714285,2,2022,False,,esports:team:68be559e-d48d-4680-b7c9-b8cb675a1eaa,Summer,AverageTeamStats,23.714285714285715,0.42857142857142855,1225.8853649177859,19.214285714285715,55.13677524147584,1790.5342515429763,1.8571428571428572,0.7857142857142857,52789.28571428572,23675.571428571428,-2529,0.35714285714285715,4.142857142857143,11.285714285714286,796,1.5929177452518242,3.1185294757259947,190.93214973807335,43.57142857142857,1.1428571428571428,-1.2142857142857142,3.642857142857143,0.07142857142857142,214.56445149012976,37.285714285714285,93.28571428571429,0.14285714285714285,0.5714285714285714,0.2857142857142857,3,2022,False,,esports:team:68be559e-d48d-4680-b7c9-b8cb675a1eaa,Spring,AverageTeamStats,34.5,0.75,1166.4714712896266,21.25,33.51634836377448,2345.332284584934,2.75,0.75,58141.5,25742,10,0.25,3.5,18,734,1.2154733333333332,1.6232736111111112,219.5124945640564,50.75,1.5,-0.5,5.5,0.75,247.25500392913818,37.75,122,0.75,0.25,0.5,4,2021,False,,esports:team:68be559e-d48d-4680-b7c9-b8cb675a1eaa,Summer Playoffs,AverageTeamStats,30.785714285714285,0.42857142857142855,1368.429403920645,20.214285714285715,33.35230804984389,2014.7368858747493,1.7142857142857142,0.7857142857142857,52230,25062.928571428572,-717.5,0.7142857142857143,4.785714285714286,14.642857142857142,725.9285714285714,1.482979884645862,2.3324388898634516,185.62143537402153,39.5,1.2142857142857142,-0.14285714285714285,4.857142857142857,0.7142857142857143,207.2607489313398,37.92857142857143,89.35714285714286,0.2857142857142857,0.5714285714285714,0.2857142857142857,5,2021,False,,esports:team:68be559e-d48d-4680-b7c9-b8cb675a1eaa,Summer Season,AverageTeamStats,41.73076923076923,0.6538461538461539,1257.746411948542,17.76923076923077,87.96265776743786,2241.011556731247,2.576923076923077,1.1923076923076923,57495.769230769234,25399.923076923078,666.1923076923077,0.7307692307692307,4.1923076923076925,18.846153846153847,744.3846153846154,2.1398745555814007,1.7733831283037031,208.56922229436728,41.92307692307692,1.1538461538461537,0.19230769230769232,6.153846153846154,0.7307692307692307,230.784809589386,40.65384615384615,94.61538461538461,0.5384615384615384,0.6153846153846154,0.6153846153846154,6,2021,False,,esports:team:68be559e-d48d-4680-b7c9-b8cb675a1eaa,Spring Split,30.824175824175825,0.5434981684981685,1232.3270660023697,18.208562271062274,71.08868071580333,2112.2449394426785,2.2181776556776556,0.9189560439560439,55026.21153846154,24672.49015567766,-819.456043956044,0.5652472527472528,3.6897893772893773,14.646978021978024,764.8944597069598,1.5973238781432446,2.4408916265427605,195.9308787794586,43.67170329670329,1.1714743589743588,-0.40247252747252743,5.022664835164835,0.44322344322344326,218.84614286536262,38.45718864468865,90.92399267399269,0.46176739926739924,0.5222069597069597,0.38827838827838823,3.5,Career Average,PlayerRankings,449.4362530327727,2.4300367954296633,248.1911737472292,12049.875,5086.5,-297.25,8,Ivok,PlayerDetails,2043,https://factorassets.global.ssl.fastly.net/player-headshots/esports:player:c05e49dd-dcf0-4924-a253-00994a4f9c21/latest.png,Ivok,esports:player:c05e49dd-dcf0-4924-a253-00994a4f9c21,esports:player:c05e49dd-dcf0-4924-a253-00994a4f9c21,1,mid,38,20878.56134033203,19,0,25,1954,8,5,PlayerRankings,504.3345954661273,0,333.85871361626516,10578.75,5052,-193.875,8,SneakyLemon,PlayerDetails,2982,https://factorassets.global.ssl.fastly.net/player-headshots/default.png,SneakyLemon,esports:player:3bde3963-a793-4039-b003-8ad971163e23,esports:player:3bde3963-a793-4039-b003-8ad971163e23,2,jng,49,28442.523071289062,32,3,21,212,2,5,PlayerRankings,359.33659599776246,5.589126230275751,145.20580827016678,10562.5,4924.75,-442.625,8,Arhys,PlayerDetails,721297,,Arhys,esports:player:1f82d21e-49a4-4387-bb8f-f6fd10f4c5f6,esports:player:1f82d21e-49a4-4387-bb8f-f6fd10f4c5f6,3,top,27,11934.575927734375,22,0,14,1731,1,7,PlayerRankings,228.3612526623939,45.686692232505344,110.63057950943237,7814.333333333333,3701.3333333333335,295.8333333333333,6,Leo D Aras,PlayerDetails,3109,https://factorassets.global.ssl.fastly.net/player-headshots/default.png,Leo D Aras,esports:player:b942b7cb-4fec-4306-a451-7e8a49081b72,esports:player:b942b7cb-4fec-4306-a451-7e8a49081b72,4,sup,39,7313.168304443359,16,1,10,192,0,0,PlayerRankings,600.4032159952889,0,283.9210471985832,12979.25,5432.75,-420.25,8,Unkn0wn5,PlayerDetails,721299,,Unkn0wn5,esports:player:80cffb93-0502-41c6-9a12-7a2dca17c772,esports:player:80cffb93-0502-41c6-9a12-7a2dca17c772,4,bot,34,22781.631225585938,20,1,23,2179,0,2,PlayerRankings,138.66801849925892,25.382856904855927,45.92850952148437,6287.5,3013.5,-1091.5,2,ZaFiR,PlayerDetails,2437,https://factorassets.global.ssl.fastly.net/player-headshots/default.png,ZaFiR,esports:player:c701aec6-ad6c-4548-8407-5f06e47bbe60,esports:player:c701aec6-ad6c-4548-8407-5f06e47bbe60,4,sup,13,918.5701904296875,10,0,1,45,0,0,PaginatedPlayerPicksResponse,TeamChampionPicks,0,Sejuani,3,3,0,1,TeamChampionPicks,0,Zeri,2,2,0,1,TeamChampionPicks,0,Kaisa,2,2,0,1,TeamChampionPicks,0,Kassadin,2,2,0,0,TeamChampionPicks,0,KSante,2,2,0,0,TeamChampionPicks,0,Lulu,2,2,0,1,TeamChampionPicks,0,MonkeyKing,2,2,0,1,TeamChampionPicks,0,Sion,2,2,0,1,TeamChampionPicks,0,Varus,2,2,0,0,TeamChampionPicks,0,Viktor,2,2,0,1,TeamChampionPicks,0,Thresh,1,1,0,0,TeamChampionPicks,0,Maokai,1,1,0,0,TeamChampionPicks,0,Vladimir,1,1,0,0,TeamChampionPicks,0,Nautilus,1,1,0,1,TeamChampionPicks,0,Orianna,1,1,0,1,TeamChampionPicks,0,Ornn,1,1,0,0,TeamChampionPicks,0,DrMundo,1,1,0,1,TeamChampionPicks,0,Elise,1,1,0,0,TeamChampionPicks,0,Ezreal,1,1,0,0,TeamChampionPicks,0,Illaoi,1,1,0,0,TeamChampionPicks,0,Rakan,1,1,0,0,TeamChampionPicks,0,Karma,1,1,0,0,TeamChampionPicks,0,Cassiopeia,1,1,0,0,TeamChampionPicks,0,Braum,1,1,0,0,24,35,PaginatedPlayerPicksResponse,TeamChampionPicks,0,Kaisa,2,2,0,1,TeamChampionPicks,0,Varus,2,2,0,0,TeamChampionPicks,0,Zeri,2,2,0,1,TeamChampionPicks,0,Ezreal,1,1,0,0,4,7,PaginatedPlayerPicksResponse,TeamChampionPicks,0,Sejuani,3,3,0,1,TeamChampionPicks,0,MonkeyKing,2,2,0,1,TeamChampionPicks,0,Elise,1,1,0,0,TeamChampionPicks,0,Maokai,1,1,0,0,4,7,PaginatedPlayerPicksResponse,TeamChampionPicks,0,Kassadin,2,2,0,0,TeamChampionPicks,0,Viktor,2,2,0,1,TeamChampionPicks,0,Cassiopeia,1,1,0,0,TeamChampionPicks,0,Orianna,1,1,0,1,TeamChampionPicks,0,Vladimir,1,1,0,0,5,7,PaginatedPlayerPicksResponse,TeamChampionPicks,0,Lulu,2,2,0,1,TeamChampionPicks,0,Braum,1,1,0,0,TeamChampionPicks,0,Karma,1,1,0,0,TeamChampionPicks,0,Nautilus,1,1,0,1,TeamChampionPicks,0,Rakan,1,1,0,0,TeamChampionPicks,0,Thresh,1,1,0,0,6,7,PaginatedPlayerPicksResponse,TeamChampionPicks,0,KSante,2,2,0,0,TeamChampionPicks,0,Sion,2,2,0,1,TeamChampionPicks,0,DrMundo,1,1,0,1,TeamChampionPicks,0,Illaoi,1,1,0,0,TeamChampionPicks,0,Ornn,1,1,0,0,5,7,AveragePlayerStats,4.857142857142857,232.6755163729099,3.4285714285714284,0,600.1403536137511,13329,5469.142857142857,-198.57142857142858,0.42857142857142855,4.428571428571429,275.14285714285717,6.915019444444444,4.158655949074075,17.099999155317033,7.142857142857143,0,38.05682509286063,10.571428571428571,11.285714285714286,0,Yakkey,esports:player:c5ccb336-ab11-453a-ab04-5ecec5e1cfb9,1,,2023,,AveragePlayerStats,4.285714285714286,237.52660050497204,3,0,570.1360737287897,11633.714285714286,5101,-173.57142857142858,0.7142857142857143,3.5714285714285716,235.57142857142858,4.820961388888889,3.9207952777777777,8.842857088361468,8.142857142857142,0.14285714285714285,28.027758053370885,2.7142857142857144,12.428571428571429,0.14285714285714285,Comeback,esports:player:b5dd4402-2f7a-42dd-a416-6681b4da5c3d,2,,2023,,AveragePlayerStats,3.7142857142857144,154.3922928387024,4.428571428571429,19.440358286190797,380.4617105005805,9722.142857142857,4616.714285714285,-1213.2857142857142,1.1428571428571428,0.8571428571428571,211,8.336430158730158,5.4336,2.221428598676409,7,0,23.09416961669922,4.714285714285714,7,0,JohnGiannis,esports:player:7be64b10-0187-4e45-a0cf-65dd6aa12f00,3,,2023,,AveragePlayerStats,6.142857142857143,246.836508049752,3.7142857142857144,44.7549240488924,375.2222886693684,9485.42857142857,4703.714285714285,-366.14285714285717,0.7142857142857143,2,20.428571428571427,7.199352777777778,6.5891375000000005,134.67858668736048,7.571428571428571,0.14285714285714285,42.3116215297154,9.285714285714286,9.142857142857142,0.14285714285714285,Croniik,esports:player:c56db066-e19a-4305-b07b-58b5004043dc,4,,2023,,AveragePlayerStats,9,53.58811439789171,3,20.24053578791512,139.52277712860356,7002.428571428572,3355.5714285714284,-400.14285714285717,0.42857142857142855,1,24.857142857142858,8.041926157407408,6.966683333333333,0.24285714966910227,8.571428571428571,0,77.37618582589286,8.714285714285714,35.42857142857143,0,Paradox,esports:player:ca0f4770-a058-4917-9785-04faeee663be,5,,2023,,PlayerRank,25,,Greek Legends League,Yakkey,PlayerDetails,1692,Darius  Bistrian,https://factorassets.global.ssl.fastly.net/player-headshots/esports:player:c5ccb336-ab11-453a-ab04-5ecec5e1cfb9/latest.png,Yakkey,esports:player:c5ccb336-ab11-453a-ab04-5ecec5e1cfb9,0.4427122636540583,1,0.4427122636540583,bot,WPE,TeamDetails,2087915,Wild Panther Esports,,esports:team:d4c8edeb-7354-4bbb-ae3a-adcc27fab8e6,esports:team:d4c8edeb-7354-4bbb-ae3a-adcc27fab8e6,PlayerRank,35,,Greek Legends League,Comeback,PlayerDetails,628,Cosmin Mreana,https://factorassets.global.ssl.fastly.net/player-headshots/default.png,Comeback,esports:player:b5dd4402-2f7a-42dd-a416-6681b4da5c3d,0.4168200404700979,2,0.4168200404700979,mid,WPE,TeamDetails,2087915,Wild Panther Esports,,esports:team:d4c8edeb-7354-4bbb-ae3a-adcc27fab8e6,esports:team:d4c8edeb-7354-4bbb-ae3a-adcc27fab8e6,PlayerRank,8,,Greek Legends League,Croniik,PlayerDetails,1514,Sergi Sene Molist,https://factorassets.global.ssl.fastly.net/player-headshots/default.png,CRoNiiK,esports:player:c56db066-e19a-4305-b07b-58b5004043dc,0.41477434701567034,3,0.41477434701567034,jng,WPE,TeamDetails,2087915,Wild Panther Esports,,esports:team:d4c8edeb-7354-4bbb-ae3a-adcc27fab8e6,esports:team:d4c8edeb-7354-4bbb-ae3a-adcc27fab8e6,PlayerRank,10,,Greek Legends League,JohnGiannis,PlayerDetails,766,Giannis Antzakas,https://factorassets.global.ssl.fastly.net/player-headshots/default.png,JohnGiannis,esports:player:7be64b10-0187-4e45-a0cf-65dd6aa12f00,0.38839013330864214,4,0.38839013330864214,top,WPE,TeamDetails,2087915,Wild Panther Esports,,esports:team:d4c8edeb-7354-4bbb-ae3a-adcc27fab8e6,esports:team:d4c8edeb-7354-4bbb-ae3a-adcc27fab8e6,PlayerRank,35,,Greek Legends League,Paradox,PlayerDetails,2295,Federico Princiotta Cariddi,https://factorassets.global.ssl.fastly.net/player-headshots/esports:player:ca0f4770-a058-4917-9785-04faeee663be/latest.png,Paradox,esports:player:ca0f4770-a058-4917-9785-04faeee663be,0.35406238675844304,5,0.35406238675844304,sup,WPE,TeamDetails,2087915,Wild Panther Esports,,esports:team:d4c8edeb-7354-4bbb-ae3a-adcc27fab8e6,esports:team:d4c8edeb-7354-4bbb-ae3a-adcc27fab8e6,AverageTeamStats,28,0.2857142857142857,925.0190321642282,17.571428571428573,84.43581812299831,2065.483203641093,1.5714285714285714,0.7142857142857143,51172.71428571428,23246.14285714286,-2351.714285714286,0.5714285714285714,3.4285714285714284,11.857142857142858,767,2.112092812686478,2.484102072699525,163.08572867938452,38.42857142857143,0.2857142857142857,-0.7142857142857143,4,0,208.86656011853898,36,75.28571428571429,0.2857142857142857,0.5714285714285714,0.14285714285714285,1,2023,False,,esports:team:d4c8edeb-7354-4bbb-ae3a-adcc27fab8e6,Spring,28,0.2857142857142857,925.0190321642282,17.571428571428573,84.43581812299831,2065.483203641093,1.5714285714285714,0.7142857142857143,51172.71428571428,23246.14285714286,-2351.714285714286,0.5714285714285714,3.4285714285714284,11.857142857142858,767,2.112092812686478,2.484102072699525,163.08572867938452,38.42857142857143,0.2857142857142857,-0.7142857142857143,4,0,208.86656011853898,36,75.28571428571429,0.2857142857142857,0.5714285714285714,0.14285714285714285,1,Career Average,PlayerRankings,570.1360737287897,8.680375994300988,237.52660050497204,11633.714285714286,5101,-173.57142857142858,7,Comeback,PlayerDetails,628,https://factorassets.global.ssl.fastly.net/player-headshots/default.png,Comeback,esports:player:b5dd4402-2f7a-42dd-a416-6681b4da5c3d,esports:player:b5dd4402-2f7a-42dd-a416-6681b4da5c3d,1,mid,30,16999.859344482422,21,1,25,1649,1,5,PlayerRankings,375.2222886693684,0,246.836508049752,9485.42857142857,4703.714285714285,-366.14285714285717,7,Croniik,PlayerDetails,1514,https://factorassets.global.ssl.fastly.net/player-headshots/default.png,CRoNiiK,esports:player:c56db066-e19a-4305-b07b-58b5004043dc,esports:player:c56db066-e19a-4305-b07b-58b5004043dc,1,jng,43,16714.961669921875,26,1,14,143,1,5,PlayerRankings,380.4617105005805,1.8491115823505475,154.3922928387024,9722.142857142857,4616.714285714285,-1213.2857142857142,7,JohnGiannis,PlayerDetails,766,https://factorassets.global.ssl.fastly.net/player-headshots/default.png,JohnGiannis,esports:player:7be64b10-0187-4e45-a0cf-65dd6aa12f00,esports:player:7be64b10-0187-4e45-a0cf-65dd6aa12f00,3,top,26,11921.507690429688,31,0,6,1477,0,8,PlayerRankings,139.52277712860356,128.58091099218856,53.58811439789171,7002.428571428572,3355.5714285714284,-400.14285714285717,7,Paradox,PlayerDetails,2295,https://factorassets.global.ssl.fastly.net/player-headshots/esports:player:ca0f4770-a058-4917-9785-04faeee663be/latest.png,Paradox,esports:player:ca0f4770-a058-4917-9785-04faeee663be,esports:player:ca0f4770-a058-4917-9785-04faeee663be,3,sup,63,4726.822692871094,21,0,7,174,0,3,PlayerRankings,600.1403536137511,0,232.6755163729099,13329,5469.142857142857,-198.57142857142858,7,Yakkey,PlayerDetails,1692,https://factorassets.global.ssl.fastly.net/player-headshots/esports:player:c5ccb336-ab11-453a-ab04-5ecec5e1cfb9/latest.png,Yakkey,esports:player:c5ccb336-ab11-453a-ab04-5ecec5e1cfb9,esports:player:c5ccb336-ab11-453a-ab04-5ecec5e1cfb9,3,bot,34,18510.550842285156,24,0,31,1926,0,3,TeamStandings,0,1,esports:series:4c59e188-92be-4a44-8f9a-5e896cd4277f,TeamDetails,51,Anorthosis Famagusta Esports,TeamLogo,False,False,https://factorassets.global.ssl.fastly.net/teamlogo/esports:team:6c56c11c-3c94-475b-b2b3-293ba03c0cc0/latest.png,esports:team:6c56c11c-3c94-475b-b2b3-293ba03c0cc0,esports:team:6c56c11c-3c94-475b-b2b3-293ba03c0cc0,TeamRank,0.545873539494461,6,TeamStandings,1,2,esports:series:4c59e188-92be-4a44-8f9a-5e896cd4277f,TeamDetails,349,WLGaming Esports,TeamLogo,False,False,https://factorassets.global.ssl.fastly.net/teamlogo/esports:team:38514dff-9712-4d47-825b-a45b0ad56ce0/latest.png,esports:team:38514dff-9712-4d47-825b-a45b0ad56ce0,esports:team:38514dff-9712-4d47-825b-a45b0ad56ce0,TeamRank,0.49253372810844515,5,TeamStandings,2,3,esports:series:4c59e188-92be-4a44-8f9a-5e896cd4277f,TeamDetails,251,Team Phantasma,TeamLogo,False,False,https://factorassets.global.ssl.fastly.net/teamlogo/esports:team:d92db726-7c59-49f4-9258-5d92b04a98c3/latest.png,esports:team:d92db726-7c59-49f4-9258-5d92b04a98c3,esports:team:d92db726-7c59-49f4-9258-5d92b04a98c3,TeamRank,0.5044391698410393,5,TeamStandings,5,3,esports:series:4c59e188-92be-4a44-8f9a-5e896cd4277f,TeamDetails,140,Olympiacos Alimou esports,TeamLogo,False,False,https://factorassets.global.ssl.fastly.net/teamlogo/esports:team:fe2fbf39-03b8-4be7-b8f8-282a247d38ea/latest.png,esports:team:fe2fbf39-03b8-4be7-b8f8-282a247d38ea,esports:team:fe2fbf39-03b8-4be7-b8f8-282a247d38ea,,9,TeamStandings,8,5,esports:series:4c59e188-92be-4a44-8f9a-5e896cd4277f,TeamDetails,254,Hive Athens Ec,TeamLogo,False,False,https://factorassets.global.ssl.fastly.net/teamlogo/esports:team:235bef8f-9433-49c1-b89a-8d2e36cb62ac/latest.png,esports:team:235bef8f-9433-49c1-b89a-8d2e36cb62ac,esports:team:235bef8f-9433-49c1-b89a-8d2e36cb62ac,TeamRank,0.42847901204564015,6,TeamStandings,4,5,esports:series:4c59e188-92be-4a44-8f9a-5e896cd4277f,TeamDetails,216,Zerolag Esports,TeamLogo,True,False,https://factorassets.global.ssl.fastly.net/teamlogo/esports:team:68be559e-d48d-4680-b7c9-b8cb675a1eaa/latest.png,esports:team:68be559e-d48d-4680-b7c9-b8cb675a1eaa,esports:team:68be559e-d48d-4680-b7c9-b8cb675a1eaa,TeamRank,0.4218878216920581,3,TeamStandings,6,7,esports:series:4c59e188-92be-4a44-8f9a-5e896cd4277f,TeamDetails,2087914,Pentagon Rejects,,esports:team:c8137e63-1915-49ae-84a4-9424272ffa92,esports:team:c8137e63-1915-49ae-84a4-9424272ffa92,TeamRank,0.43051498091642665,1,TeamStandings,6,7,esports:series:4c59e188-92be-4a44-8f9a-5e896cd4277f,TeamDetails,365,Gamespace Mediterranean College Esports,TeamLogo,False,False,https://factorassets.global.ssl.fastly.net/teamlogo/esports:team:f12520e9-eae7-461f-b72c-971f7e2e19c0/latest.png,esports:team:f12520e9-eae7-461f-b72c-971f7e2e19c0,esports:team:f12520e9-eae7-461f-b72c-971f7e2e19c0,TeamRank,0.41117097691335025,1,TeamStandings,11,8,esports:series:4c59e188-92be-4a44-8f9a-5e896cd4277f,TeamDetails,288,Team Refuse,TeamLogo,False,False,https://factorassets.global.ssl.fastly.net/teamlogo/esports:team:1f9a93b3-d4ed-4973-9caf-d59374483434/latest.png,esports:team:1f9a93b3-d4ed-4973-9caf-d59374483434,esports:team:1f9a93b3-d4ed-4973-9caf-d59374483434,TeamRank,0.36368813512948756,3,8475734,ZRL-WPE,1,statistics,False
