,buildId,dynamicIds_0,dynamicIds_1,dynamicIds_2,dynamicIds_3,dynamicIds_4,gssp,isFallback,page,props___N_SSP,props_pageProps_match_isPreMatch,props_pageProps_match_matchInfo___typename,props_pageProps_match_matchInfo_factorId,props_pageProps_match_matchInfo_games_0___typename,props_pageProps_match_matchInfo_games_0_bb1,props_pageProps_match_matchInfo_games_0_bb2,props_pageProps_match_matchInfo_games_0_bb3,props_pageProps_match_matchInfo_games_0_bb4,props_pageProps_match_matchInfo_games_0_bb5,props_pageProps_match_matchInfo_games_0_bp1,props_pageProps_match_matchInfo_games_0_bp2,props_pageProps_match_matchInfo_games_0_bp3,props_pageProps_match_matchInfo_games_0_bp4,props_pageProps_match_matchInfo_games_0_bp5,props_pageProps_match_matchInfo_games_0_gameDurationMins,props_pageProps_match_matchInfo_games_0_gameGold_0___typename,props_pageProps_match_matchInfo_games_0_gameGold_0_gameTime,props_pageProps_match_matchInfo_games_0_gameGold_0_goldDifference,props_pageProps_match_matchInfo_games_0_gameGold_0_team1Perid,props_pageProps_match_matchInfo_games_0_gameGold_0_team1TotalGold,props_pageProps_match_matchInfo_games_0_gameGold_0_team2Perid,props_pageProps_match_matchInfo_games_0_gameGold_0_team2TotalGold,props_pageProps_match_matchInfo_games_0_gameGold_1___typename,props_pageProps_match_matchInfo_games_0_gameGold_1_gameTime,props_pageProps_match_matchInfo_games_0_gameGold_1_goldDifference,props_pageProps_match_matchInfo_games_0_gameGold_1_team1Perid,props_pageProps_match_matchInfo_games_0_gameGold_1_team1TotalGold,props_pageProps_match_matchInfo_games_0_gameGold_1_team2Perid,props_pageProps_match_matchInfo_games_0_gameGold_1_team2TotalGold,props_pageProps_match_matchInfo_games_0_gameGold_2___typename,props_pageProps_match_matchInfo_games_0_gameGold_2_gameTime,props_pageProps_match_matchInfo_games_0_gameGold_2_goldDifference,props_pageProps_match_matchInfo_games_0_gameGold_2_team1Perid,props_pageProps_match_matchInfo_games_0_gameGold_2_team1TotalGold,props_pageProps_match_matchInfo_games_0_gameGold_2_team2Perid,props_pageProps_match_matchInfo_games_0_gameGold_2_team2TotalGold,props_pageProps_match_matchInfo_games_0_gameGold_3___typename,props_pageProps_match_matchInfo_games_0_gameGold_3_gameTime,props_pageProps_match_matchInfo_games_0_gameGold_3_goldDifference,props_pageProps_match_matchInfo_games_0_gameGold_3_team1Perid,props_pageProps_match_matchInfo_games_0_gameGold_3_team1TotalGold,props_pageProps_match_matchInfo_games_0_gameGold_3_team2Perid,props_pageProps_match_matchInfo_games_0_gameGold_3_team2TotalGold,props_pageProps_match_matchInfo_games_0_gameGold_4___typename,props_pageProps_match_matchInfo_games_0_gameGold_4_gameTime,props_pageProps_match_matchInfo_games_0_gameGold_4_goldDifference,props_pageProps_match_matchInfo_games_0_gameGold_4_team1Perid,props_pageProps_match_matchInfo_games_0_gameGold_4_team1TotalGold,props_pageProps_match_matchInfo_games_0_gameGold_4_team2Perid,props_pageProps_match_matchInfo_games_0_gameGold_4_team2TotalGold,props_pageProps_match_matchInfo_games_0_gameGold_5___typename,props_pageProps_match_matchInfo_games_0_gameGold_5_gameTime,props_pageProps_match_matchInfo_games_0_gameGold_5_goldDifference,props_pageProps_match_matchInfo_games_0_gameGold_5_team1Perid,props_pageProps_match_matchInfo_games_0_gameGold_5_team1TotalGold,props_pageProps_match_matchInfo_games_0_gameGold_5_team2Perid,props_pageProps_match_matchInfo_games_0_gameGold_5_team2TotalGold,props_pageProps_match_matchInfo_games_0_gameGold_6___typename,props_pageProps_match_matchInfo_games_0_gameGold_6_gameTime,props_pageProps_match_matchInfo_games_0_gameGold_6_goldDifference,props_pageProps_match_matchInfo_games_0_gameGold_6_team1Perid,props_pageProps_match_matchInfo_games_0_gameGold_6_team1TotalGold,props_pageProps_match_matchInfo_games_0_gameGold_6_team2Perid,props_pageProps_match_matchInfo_games_0_gameGold_6_team2TotalGold,props_pageProps_match_matchInfo_games_0_gameGold_7___typename,props_pageProps_match_matchInfo_games_0_gameGold_7_gameTime,props_pageProps_match_matchInfo_games_0_gameGold_7_goldDifference,props_pageProps_match_matchInfo_games_0_gameGold_7_team1Perid,props_pageProps_match_matchInfo_games_0_gameGold_7_team1TotalGold,props_pageProps_match_matchInfo_games_0_gameGold_7_team2Perid,props_pageProps_match_matchInfo_games_0_gameGold_7_team2TotalGold,props_pageProps_match_matchInfo_games_0_gameGold_8___typename,props_pageProps_match_matchInfo_games_0_gameGold_8_gameTime,props_pageProps_match_matchInfo_games_0_gameGold_8_goldDifference,props_pageProps_match_matchInfo_games_0_gameGold_8_team1Perid,props_pageProps_match_matchInfo_games_0_gameGold_8_team1TotalGold,props_pageProps_match_matchInfo_games_0_gameGold_8_team2Perid,props_pageProps_match_matchInfo_games_0_gameGold_8_team2TotalGold,props_pageProps_match_matchInfo_games_0_gameGold_9___typename,props_pageProps_match_matchInfo_games_0_gameGold_9_gameTime,props_pageProps_match_matchInfo_games_0_gameGold_9_goldDifference,props_pageProps_match_matchInfo_games_0_gameGold_9_team1Perid,props_pageProps_match_matchInfo_games_0_gameGold_9_team1TotalGold,props_pageProps_match_matchInfo_games_0_gameGold_9_team2Perid,props_pageProps_match_matchInfo_games_0_gameGold_9_team2TotalGold,props_pageProps_match_matchInfo_games_0_gameGold_10___typename,props_pageProps_match_matchInfo_games_0_gameGold_10_gameTime,props_pageProps_match_matchInfo_games_0_gameGold_10_goldDifference,props_pageProps_match_matchInfo_games_0_gameGold_10_team1Perid,props_pageProps_match_matchInfo_games_0_gameGold_10_team1TotalGold,props_pageProps_match_matchInfo_games_0_gameGold_10_team2Perid,props_pageProps_match_matchInfo_games_0_gameGold_10_team2TotalGold,props_pageProps_match_matchInfo_games_0_gameGold_11___typename,props_pageProps_match_matchInfo_games_0_gameGold_11_gameTime,props_pageProps_match_matchInfo_games_0_gameGold_11_goldDifference,props_pageProps_match_matchInfo_games_0_gameGold_11_team1Perid,props_pageProps_match_matchInfo_games_0_gameGold_11_team1TotalGold,props_pageProps_match_matchInfo_games_0_gameGold_11_team2Perid,props_pageProps_match_matchInfo_games_0_gameGold_11_team2TotalGold,props_pageProps_match_matchInfo_games_0_gameGold_12___typename,props_pageProps_match_matchInfo_games_0_gameGold_12_gameTime,props_pageProps_match_matchInfo_games_0_gameGold_12_goldDifference,props_pageProps_match_matchInfo_games_0_gameGold_12_team1Perid,props_pageProps_match_matchInfo_games_0_gameGold_12_team1TotalGold,props_pageProps_match_matchInfo_games_0_gameGold_12_team2Perid,props_pageProps_match_matchInfo_games_0_gameGold_12_team2TotalGold,props_pageProps_match_matchInfo_games_0_gameGold_13___typename,props_pageProps_match_matchInfo_games_0_gameGold_13_gameTime,props_pageProps_match_matchInfo_games_0_gameGold_13_goldDifference,props_pageProps_match_matchInfo_games_0_gameGold_13_team1Perid,props_pageProps_match_matchInfo_games_0_gameGold_13_team1TotalGold,props_pageProps_match_matchInfo_games_0_gameGold_13_team2Perid,props_pageProps_match_matchInfo_games_0_gameGold_13_team2TotalGold,props_pageProps_match_matchInfo_games_0_gameGold_14___typename,props_pageProps_match_matchInfo_games_0_gameGold_14_gameTime,props_pageProps_match_matchInfo_games_0_gameGold_14_goldDifference,props_pageProps_match_matchInfo_games_0_gameGold_14_team1Perid,props_pageProps_match_matchInfo_games_0_gameGold_14_team1TotalGold,props_pageProps_match_matchInfo_games_0_gameGold_14_team2Perid,props_pageProps_match_matchInfo_games_0_gameGold_14_team2TotalGold,props_pageProps_match_matchInfo_games_0_gameGold_15___typename,props_pageProps_match_matchInfo_games_0_gameGold_15_gameTime,props_pageProps_match_matchInfo_games_0_gameGold_15_goldDifference,props_pageProps_match_matchInfo_games_0_gameGold_15_team1Perid,props_pageProps_match_matchInfo_games_0_gameGold_15_team1TotalGold,props_pageProps_match_matchInfo_games_0_gameGold_15_team2Perid,props_pageProps_match_matchInfo_games_0_gameGold_15_team2TotalGold,props_pageProps_match_matchInfo_games_0_gameGold_16___typename,props_pageProps_match_matchInfo_games_0_gameGold_16_gameTime,props_pageProps_match_matchInfo_games_0_gameGold_16_goldDifference,props_pageProps_match_matchInfo_games_0_gameGold_16_team1Perid,props_pageProps_match_matchInfo_games_0_gameGold_16_team1TotalGold,props_pageProps_match_matchInfo_games_0_gameGold_16_team2Perid,props_pageProps_match_matchInfo_games_0_gameGold_16_team2TotalGold,props_pageProps_match_matchInfo_games_0_gameGold_17___typename,props_pageProps_match_matchInfo_games_0_gameGold_17_gameTime,props_pageProps_match_matchInfo_games_0_gameGold_17_goldDifference,props_pageProps_match_matchInfo_games_0_gameGold_17_team1Perid,props_pageProps_match_matchInfo_games_0_gameGold_17_team1TotalGold,props_pageProps_match_matchInfo_games_0_gameGold_17_team2Perid,props_pageProps_match_matchInfo_games_0_gameGold_17_team2TotalGold,props_pageProps_match_matchInfo_games_0_gameGold_18___typename,props_pageProps_match_matchInfo_games_0_gameGold_18_gameTime,props_pageProps_match_matchInfo_games_0_gameGold_18_goldDifference,props_pageProps_match_matchInfo_games_0_gameGold_18_team1Perid,props_pageProps_match_matchInfo_games_0_gameGold_18_team1TotalGold,props_pageProps_match_matchInfo_games_0_gameGold_18_team2Perid,props_pageProps_match_matchInfo_games_0_gameGold_18_team2TotalGold,props_pageProps_match_matchInfo_games_0_gameGold_19___typename,props_pageProps_match_matchInfo_games_0_gameGold_19_gameTime,props_pageProps_match_matchInfo_games_0_gameGold_19_goldDifference,props_pageProps_match_matchInfo_games_0_gameGold_19_team1Perid,props_pageProps_match_matchInfo_games_0_gameGold_19_team1TotalGold,props_pageProps_match_matchInfo_games_0_gameGold_19_team2Perid,props_pageProps_match_matchInfo_games_0_gameGold_19_team2TotalGold,props_pageProps_match_matchInfo_games_0_gameGold_20___typename,props_pageProps_match_matchInfo_games_0_gameGold_20_gameTime,props_pageProps_match_matchInfo_games_0_gameGold_20_goldDifference,props_pageProps_match_matchInfo_games_0_gameGold_20_team1Perid,props_pageProps_match_matchInfo_games_0_gameGold_20_team1TotalGold,props_pageProps_match_matchInfo_games_0_gameGold_20_team2Perid,props_pageProps_match_matchInfo_games_0_gameGold_20_team2TotalGold,props_pageProps_match_matchInfo_games_0_gameGold_21___typename,props_pageProps_match_matchInfo_games_0_gameGold_21_gameTime,props_pageProps_match_matchInfo_games_0_gameGold_21_goldDifference,props_pageProps_match_matchInfo_games_0_gameGold_21_team1Perid,props_pageProps_match_matchInfo_games_0_gameGold_21_team1TotalGold,props_pageProps_match_matchInfo_games_0_gameGold_21_team2Perid,props_pageProps_match_matchInfo_games_0_gameGold_21_team2TotalGold,props_pageProps_match_matchInfo_games_0_gameGold_22___typename,props_pageProps_match_matchInfo_games_0_gameGold_22_gameTime,props_pageProps_match_matchInfo_games_0_gameGold_22_goldDifference,props_pageProps_match_matchInfo_games_0_gameGold_22_team1Perid,props_pageProps_match_matchInfo_games_0_gameGold_22_team1TotalGold,props_pageProps_match_matchInfo_games_0_gameGold_22_team2Perid,props_pageProps_match_matchInfo_games_0_gameGold_22_team2TotalGold,props_pageProps_match_matchInfo_games_0_gameGold_23___typename,props_pageProps_match_matchInfo_games_0_gameGold_23_gameTime,props_pageProps_match_matchInfo_games_0_gameGold_23_goldDifference,props_pageProps_match_matchInfo_games_0_gameGold_23_team1Perid,props_pageProps_match_matchInfo_games_0_gameGold_23_team1TotalGold,props_pageProps_match_matchInfo_games_0_gameGold_23_team2Perid,props_pageProps_match_matchInfo_games_0_gameGold_23_team2TotalGold,props_pageProps_match_matchInfo_games_0_gameGold_24___typename,props_pageProps_match_matchInfo_games_0_gameGold_24_gameTime,props_pageProps_match_matchInfo_games_0_gameGold_24_goldDifference,props_pageProps_match_matchInfo_games_0_gameGold_24_team1Perid,props_pageProps_match_matchInfo_games_0_gameGold_24_team1TotalGold,props_pageProps_match_matchInfo_games_0_gameGold_24_team2Perid,props_pageProps_match_matchInfo_games_0_gameGold_24_team2TotalGold,props_pageProps_match_matchInfo_games_0_gameGold_25___typename,props_pageProps_match_matchInfo_games_0_gameGold_25_gameTime,props_pageProps_match_matchInfo_games_0_gameGold_25_goldDifference,props_pageProps_match_matchInfo_games_0_gameGold_25_team1Perid,props_pageProps_match_matchInfo_games_0_gameGold_25_team1TotalGold,props_pageProps_match_matchInfo_games_0_gameGold_25_team2Perid,props_pageProps_match_matchInfo_games_0_gameGold_25_team2TotalGold,props_pageProps_match_matchInfo_games_0_gameGold_26___typename,props_pageProps_match_matchInfo_games_0_gameGold_26_gameTime,props_pageProps_match_matchInfo_games_0_gameGold_26_goldDifference,props_pageProps_match_matchInfo_games_0_gameGold_26_team1Perid,props_pageProps_match_matchInfo_games_0_gameGold_26_team1TotalGold,props_pageProps_match_matchInfo_games_0_gameGold_26_team2Perid,props_pageProps_match_matchInfo_games_0_gameGold_26_team2TotalGold,props_pageProps_match_matchInfo_games_0_gameGold_27___typename,props_pageProps_match_matchInfo_games_0_gameGold_27_gameTime,props_pageProps_match_matchInfo_games_0_gameGold_27_goldDifference,props_pageProps_match_matchInfo_games_0_gameGold_27_team1Perid,props_pageProps_match_matchInfo_games_0_gameGold_27_team1TotalGold,props_pageProps_match_matchInfo_games_0_gameGold_27_team2Perid,props_pageProps_match_matchInfo_games_0_gameGold_27_team2TotalGold,props_pageProps_match_matchInfo_games_0_gameGold_28___typename,props_pageProps_match_matchInfo_games_0_gameGold_28_gameTime,props_pageProps_match_matchInfo_games_0_gameGold_28_goldDifference,props_pageProps_match_matchInfo_games_0_gameGold_28_team1Perid,props_pageProps_match_matchInfo_games_0_gameGold_28_team1TotalGold,props_pageProps_match_matchInfo_games_0_gameGold_28_team2Perid,props_pageProps_match_matchInfo_games_0_gameGold_28_team2TotalGold,props_pageProps_match_matchInfo_games_0_gameGold_29___typename,props_pageProps_match_matchInfo_games_0_gameGold_29_gameTime,props_pageProps_match_matchInfo_games_0_gameGold_29_goldDifference,props_pageProps_match_matchInfo_games_0_gameGold_29_team1Perid,props_pageProps_match_matchInfo_games_0_gameGold_29_team1TotalGold,props_pageProps_match_matchInfo_games_0_gameGold_29_team2Perid,props_pageProps_match_matchInfo_games_0_gameGold_29_team2TotalGold,props_pageProps_match_matchInfo_games_0_gameGold_30___typename,props_pageProps_match_matchInfo_games_0_gameGold_30_gameTime,props_pageProps_match_matchInfo_games_0_gameGold_30_goldDifference,props_pageProps_match_matchInfo_games_0_gameGold_30_team1Perid,props_pageProps_match_matchInfo_games_0_gameGold_30_team1TotalGold,props_pageProps_match_matchInfo_games_0_gameGold_30_team2Perid,props_pageProps_match_matchInfo_games_0_gameGold_30_team2TotalGold,props_pageProps_match_matchInfo_games_0_gameGold_31___typename,props_pageProps_match_matchInfo_games_0_gameGold_31_gameTime,props_pageProps_match_matchInfo_games_0_gameGold_31_goldDifference,props_pageProps_match_matchInfo_games_0_gameGold_31_team1Perid,props_pageProps_match_matchInfo_games_0_gameGold_31_team1TotalGold,props_pageProps_match_matchInfo_games_0_gameGold_31_team2Perid,props_pageProps_match_matchInfo_games_0_gameGold_31_team2TotalGold,props_pageProps_match_matchInfo_games_0_gameGold_32___typename,props_pageProps_match_matchInfo_games_0_gameGold_32_gameTime,props_pageProps_match_matchInfo_games_0_gameGold_32_goldDifference,props_pageProps_match_matchInfo_games_0_gameGold_32_team1Perid,props_pageProps_match_matchInfo_games_0_gameGold_32_team1TotalGold,props_pageProps_match_matchInfo_games_0_gameGold_32_team2Perid,props_pageProps_match_matchInfo_games_0_gameGold_32_team2TotalGold,props_pageProps_match_matchInfo_games_0_gameGold_33___typename,props_pageProps_match_matchInfo_games_0_gameGold_33_gameTime,props_pageProps_match_matchInfo_games_0_gameGold_33_goldDifference,props_pageProps_match_matchInfo_games_0_gameGold_33_team1Perid,props_pageProps_match_matchInfo_games_0_gameGold_33_team1TotalGold,props_pageProps_match_matchInfo_games_0_gameGold_33_team2Perid,props_pageProps_match_matchInfo_games_0_gameGold_33_team2TotalGold,props_pageProps_match_matchInfo_games_0_gameGold_34___typename,props_pageProps_match_matchInfo_games_0_gameGold_34_gameTime,props_pageProps_match_matchInfo_games_0_gameGold_34_goldDifference,props_pageProps_match_matchInfo_games_0_gameGold_34_team1Perid,props_pageProps_match_matchInfo_games_0_gameGold_34_team1TotalGold,props_pageProps_match_matchInfo_games_0_gameGold_34_team2Perid,props_pageProps_match_matchInfo_games_0_gameGold_34_team2TotalGold,props_pageProps_match_matchInfo_games_0_gameGold_35___typename,props_pageProps_match_matchInfo_games_0_gameGold_35_gameTime,props_pageProps_match_matchInfo_games_0_gameGold_35_goldDifference,props_pageProps_match_matchInfo_games_0_gameGold_35_team1Perid,props_pageProps_match_matchInfo_games_0_gameGold_35_team1TotalGold,props_pageProps_match_matchInfo_games_0_gameGold_35_team2Perid,props_pageProps_match_matchInfo_games_0_gameGold_35_team2TotalGold,props_pageProps_match_matchInfo_games_0_gameGold_36___typename,props_pageProps_match_matchInfo_games_0_gameGold_36_gameTime,props_pageProps_match_matchInfo_games_0_gameGold_36_goldDifference,props_pageProps_match_matchInfo_games_0_gameGold_36_team1Perid,props_pageProps_match_matchInfo_games_0_gameGold_36_team1TotalGold,props_pageProps_match_matchInfo_games_0_gameGold_36_team2Perid,props_pageProps_match_matchInfo_games_0_gameGold_36_team2TotalGold,props_pageProps_match_matchInfo_games_0_gameGold_37___typename,props_pageProps_match_matchInfo_games_0_gameGold_37_gameTime,props_pageProps_match_matchInfo_games_0_gameGold_37_goldDifference,props_pageProps_match_matchInfo_games_0_gameGold_37_team1Perid,props_pageProps_match_matchInfo_games_0_gameGold_37_team1TotalGold,props_pageProps_match_matchInfo_games_0_gameGold_37_team2Perid,props_pageProps_match_matchInfo_games_0_gameGold_37_team2TotalGold,props_pageProps_match_matchInfo_games_0_gameGold_38___typename,props_pageProps_match_matchInfo_games_0_gameGold_38_gameTime,props_pageProps_match_matchInfo_games_0_gameGold_38_goldDifference,props_pageProps_match_matchInfo_games_0_gameGold_38_team1Perid,props_pageProps_match_matchInfo_games_0_gameGold_38_team1TotalGold,props_pageProps_match_matchInfo_games_0_gameGold_38_team2Perid,props_pageProps_match_matchInfo_games_0_gameGold_38_team2TotalGold,props_pageProps_match_matchInfo_games_0_gameGold_39___typename,props_pageProps_match_matchInfo_games_0_gameGold_39_gameTime,props_pageProps_match_matchInfo_games_0_gameGold_39_goldDifference,props_pageProps_match_matchInfo_games_0_gameGold_39_team1Perid,props_pageProps_match_matchInfo_games_0_gameGold_39_team1TotalGold,props_pageProps_match_matchInfo_games_0_gameGold_39_team2Perid,props_pageProps_match_matchInfo_games_0_gameGold_39_team2TotalGold,props_pageProps_match_matchInfo_games_0_gameGold_40___typename,props_pageProps_match_matchInfo_games_0_gameGold_40_gameTime,props_pageProps_match_matchInfo_games_0_gameGold_40_goldDifference,props_pageProps_match_matchInfo_games_0_gameGold_40_team1Perid,props_pageProps_match_matchInfo_games_0_gameGold_40_team1TotalGold,props_pageProps_match_matchInfo_games_0_gameGold_40_team2Perid,props_pageProps_match_matchInfo_games_0_gameGold_40_team2TotalGold,props_pageProps_match_matchInfo_games_0_gameGold_41___typename,props_pageProps_match_matchInfo_games_0_gameGold_41_gameTime,props_pageProps_match_matchInfo_games_0_gameGold_41_goldDifference,props_pageProps_match_matchInfo_games_0_gameGold_41_team1Perid,props_pageProps_match_matchInfo_games_0_gameGold_41_team1TotalGold,props_pageProps_match_matchInfo_games_0_gameGold_41_team2Perid,props_pageProps_match_matchInfo_games_0_gameGold_41_team2TotalGold,props_pageProps_match_matchInfo_games_0_gameGold_42___typename,props_pageProps_match_matchInfo_games_0_gameGold_42_gameTime,props_pageProps_match_matchInfo_games_0_gameGold_42_goldDifference,props_pageProps_match_matchInfo_games_0_gameGold_42_team1Perid,props_pageProps_match_matchInfo_games_0_gameGold_42_team1TotalGold,props_pageProps_match_matchInfo_games_0_gameGold_42_team2Perid,props_pageProps_match_matchInfo_games_0_gameGold_42_team2TotalGold,props_pageProps_match_matchInfo_games_0_gameGold_43___typename,props_pageProps_match_matchInfo_games_0_gameGold_43_gameTime,props_pageProps_match_matchInfo_games_0_gameGold_43_goldDifference,props_pageProps_match_matchInfo_games_0_gameGold_43_team1Perid,props_pageProps_match_matchInfo_games_0_gameGold_43_team1TotalGold,props_pageProps_match_matchInfo_games_0_gameGold_43_team2Perid,props_pageProps_match_matchInfo_games_0_gameGold_43_team2TotalGold,props_pageProps_match_matchInfo_games_0_gameGold_44___typename,props_pageProps_match_matchInfo_games_0_gameGold_44_gameTime,props_pageProps_match_matchInfo_games_0_gameGold_44_goldDifference,props_pageProps_match_matchInfo_games_0_gameGold_44_team1Perid,props_pageProps_match_matchInfo_games_0_gameGold_44_team1TotalGold,props_pageProps_match_matchInfo_games_0_gameGold_44_team2Perid,props_pageProps_match_matchInfo_games_0_gameGold_44_team2TotalGold,props_pageProps_match_matchInfo_games_0_gameGold_45___typename,props_pageProps_match_matchInfo_games_0_gameGold_45_gameTime,props_pageProps_match_matchInfo_games_0_gameGold_45_goldDifference,props_pageProps_match_matchInfo_games_0_gameGold_45_team1Perid,props_pageProps_match_matchInfo_games_0_gameGold_45_team1TotalGold,props_pageProps_match_matchInfo_games_0_gameGold_45_team2Perid,props_pageProps_match_matchInfo_games_0_gameGold_45_team2TotalGold,props_pageProps_match_matchInfo_games_0_gameGold_46___typename,props_pageProps_match_matchInfo_games_0_gameGold_46_gameTime,props_pageProps_match_matchInfo_games_0_gameGold_46_goldDifference,props_pageProps_match_matchInfo_games_0_gameGold_46_team1Perid,props_pageProps_match_matchInfo_games_0_gameGold_46_team1TotalGold,props_pageProps_match_matchInfo_games_0_gameGold_46_team2Perid,props_pageProps_match_matchInfo_games_0_gameGold_46_team2TotalGold,props_pageProps_match_matchInfo_games_0_gameGold_47___typename,props_pageProps_match_matchInfo_games_0_gameGold_47_gameTime,props_pageProps_match_matchInfo_games_0_gameGold_47_goldDifference,props_pageProps_match_matchInfo_games_0_gameGold_47_team1Perid,props_pageProps_match_matchInfo_games_0_gameGold_47_team1TotalGold,props_pageProps_match_matchInfo_games_0_gameGold_47_team2Perid,props_pageProps_match_matchInfo_games_0_gameGold_47_team2TotalGold,props_pageProps_match_matchInfo_games_0_gameGold_48___typename,props_pageProps_match_matchInfo_games_0_gameGold_48_gameTime,props_pageProps_match_matchInfo_games_0_gameGold_48_goldDifference,props_pageProps_match_matchInfo_games_0_gameGold_48_team1Perid,props_pageProps_match_matchInfo_games_0_gameGold_48_team1TotalGold,props_pageProps_match_matchInfo_games_0_gameGold_48_team2Perid,props_pageProps_match_matchInfo_games_0_gameGold_48_team2TotalGold,props_pageProps_match_matchInfo_games_0_gameGold_49___typename,props_pageProps_match_matchInfo_games_0_gameGold_49_gameTime,props_pageProps_match_matchInfo_games_0_gameGold_49_goldDifference,props_pageProps_match_matchInfo_games_0_gameGold_49_team1Perid,props_pageProps_match_matchInfo_games_0_gameGold_49_team1TotalGold,props_pageProps_match_matchInfo_games_0_gameGold_49_team2Perid,props_pageProps_match_matchInfo_games_0_gameGold_49_team2TotalGold,props_pageProps_match_matchInfo_games_0_gameGold_50___typename,props_pageProps_match_matchInfo_games_0_gameGold_50_gameTime,props_pageProps_match_matchInfo_games_0_gameGold_50_goldDifference,props_pageProps_match_matchInfo_games_0_gameGold_50_team1Perid,props_pageProps_match_matchInfo_games_0_gameGold_50_team1TotalGold,props_pageProps_match_matchInfo_games_0_gameGold_50_team2Perid,props_pageProps_match_matchInfo_games_0_gameGold_50_team2TotalGold,props_pageProps_match_matchInfo_games_0_gameGold_51___typename,props_pageProps_match_matchInfo_games_0_gameGold_51_gameTime,props_pageProps_match_matchInfo_games_0_gameGold_51_goldDifference,props_pageProps_match_matchInfo_games_0_gameGold_51_team1Perid,props_pageProps_match_matchInfo_games_0_gameGold_51_team1TotalGold,props_pageProps_match_matchInfo_games_0_gameGold_51_team2Perid,props_pageProps_match_matchInfo_games_0_gameGold_51_team2TotalGold,props_pageProps_match_matchInfo_games_0_gameGold_52___typename,props_pageProps_match_matchInfo_games_0_gameGold_52_gameTime,props_pageProps_match_matchInfo_games_0_gameGold_52_goldDifference,props_pageProps_match_matchInfo_games_0_gameGold_52_team1Perid,props_pageProps_match_matchInfo_games_0_gameGold_52_team1TotalGold,props_pageProps_match_matchInfo_games_0_gameGold_52_team2Perid,props_pageProps_match_matchInfo_games_0_gameGold_52_team2TotalGold,props_pageProps_match_matchInfo_games_0_gameGold_53___typename,props_pageProps_match_matchInfo_games_0_gameGold_53_gameTime,props_pageProps_match_matchInfo_games_0_gameGold_53_goldDifference,props_pageProps_match_matchInfo_games_0_gameGold_53_team1Perid,props_pageProps_match_matchInfo_games_0_gameGold_53_team1TotalGold,props_pageProps_match_matchInfo_games_0_gameGold_53_team2Perid,props_pageProps_match_matchInfo_games_0_gameGold_53_team2TotalGold,props_pageProps_match_matchInfo_games_0_gameGold_54___typename,props_pageProps_match_matchInfo_games_0_gameGold_54_gameTime,props_pageProps_match_matchInfo_games_0_gameGold_54_goldDifference,props_pageProps_match_matchInfo_games_0_gameGold_54_team1Perid,props_pageProps_match_matchInfo_games_0_gameGold_54_team1TotalGold,props_pageProps_match_matchInfo_games_0_gameGold_54_team2Perid,props_pageProps_match_matchInfo_games_0_gameGold_54_team2TotalGold,props_pageProps_match_matchInfo_games_0_gameGold_55___typename,props_pageProps_match_matchInfo_games_0_gameGold_55_gameTime,props_pageProps_match_matchInfo_games_0_gameGold_55_goldDifference,props_pageProps_match_matchInfo_games_0_gameGold_55_team1Perid,props_pageProps_match_matchInfo_games_0_gameGold_55_team1TotalGold,props_pageProps_match_matchInfo_games_0_gameGold_55_team2Perid,props_pageProps_match_matchInfo_games_0_gameGold_55_team2TotalGold,props_pageProps_match_matchInfo_games_0_gameGold_56___typename,props_pageProps_match_matchInfo_games_0_gameGold_56_gameTime,props_pageProps_match_matchInfo_games_0_gameGold_56_goldDifference,props_pageProps_match_matchInfo_games_0_gameGold_56_team1Perid,props_pageProps_match_matchInfo_games_0_gameGold_56_team1TotalGold,props_pageProps_match_matchInfo_games_0_gameGold_56_team2Perid,props_pageProps_match_matchInfo_games_0_gameGold_56_team2TotalGold,props_pageProps_match_matchInfo_games_0_gameGold_57___typename,props_pageProps_match_matchInfo_games_0_gameGold_57_gameTime,props_pageProps_match_matchInfo_games_0_gameGold_57_goldDifference,props_pageProps_match_matchInfo_games_0_gameGold_57_team1Perid,props_pageProps_match_matchInfo_games_0_gameGold_57_team1TotalGold,props_pageProps_match_matchInfo_games_0_gameGold_57_team2Perid,props_pageProps_match_matchInfo_games_0_gameGold_57_team2TotalGold,props_pageProps_match_matchInfo_games_0_gameGold_58___typename,props_pageProps_match_matchInfo_games_0_gameGold_58_gameTime,props_pageProps_match_matchInfo_games_0_gameGold_58_goldDifference,props_pageProps_match_matchInfo_games_0_gameGold_58_team1Perid,props_pageProps_match_matchInfo_games_0_gameGold_58_team1TotalGold,props_pageProps_match_matchInfo_games_0_gameGold_58_team2Perid,props_pageProps_match_matchInfo_games_0_gameGold_58_team2TotalGold,props_pageProps_match_matchInfo_games_0_gameGold_59___typename,props_pageProps_match_matchInfo_games_0_gameGold_59_gameTime,props_pageProps_match_matchInfo_games_0_gameGold_59_goldDifference,props_pageProps_match_matchInfo_games_0_gameGold_59_team1Perid,props_pageProps_match_matchInfo_games_0_gameGold_59_team1TotalGold,props_pageProps_match_matchInfo_games_0_gameGold_59_team2Perid,props_pageProps_match_matchInfo_games_0_gameGold_59_team2TotalGold,props_pageProps_match_matchInfo_games_0_gameGold_60___typename,props_pageProps_match_matchInfo_games_0_gameGold_60_gameTime,props_pageProps_match_matchInfo_games_0_gameGold_60_goldDifference,props_pageProps_match_matchInfo_games_0_gameGold_60_team1Perid,props_pageProps_match_matchInfo_games_0_gameGold_60_team1TotalGold,props_pageProps_match_matchInfo_games_0_gameGold_60_team2Perid,props_pageProps_match_matchInfo_games_0_gameGold_60_team2TotalGold,props_pageProps_match_matchInfo_games_0_gameGold_61___typename,props_pageProps_match_matchInfo_games_0_gameGold_61_gameTime,props_pageProps_match_matchInfo_games_0_gameGold_61_goldDifference,props_pageProps_match_matchInfo_games_0_gameGold_61_team1Perid,props_pageProps_match_matchInfo_games_0_gameGold_61_team1TotalGold,props_pageProps_match_matchInfo_games_0_gameGold_61_team2Perid,props_pageProps_match_matchInfo_games_0_gameGold_61_team2TotalGold,props_pageProps_match_matchInfo_games_0_gameGold_62___typename,props_pageProps_match_matchInfo_games_0_gameGold_62_gameTime,props_pageProps_match_matchInfo_games_0_gameGold_62_goldDifference,props_pageProps_match_matchInfo_games_0_gameGold_62_team1Perid,props_pageProps_match_matchInfo_games_0_gameGold_62_team1TotalGold,props_pageProps_match_matchInfo_games_0_gameGold_62_team2Perid,props_pageProps_match_matchInfo_games_0_gameGold_62_team2TotalGold,props_pageProps_match_matchInfo_games_0_gameGold_63___typename,props_pageProps_match_matchInfo_games_0_gameGold_63_gameTime,props_pageProps_match_matchInfo_games_0_gameGold_63_goldDifference,props_pageProps_match_matchInfo_games_0_gameGold_63_team1Perid,props_pageProps_match_matchInfo_games_0_gameGold_63_team1TotalGold,props_pageProps_match_matchInfo_games_0_gameGold_63_team2Perid,props_pageProps_match_matchInfo_games_0_gameGold_63_team2TotalGold,props_pageProps_match_matchInfo_games_0_gameGold_64___typename,props_pageProps_match_matchInfo_games_0_gameGold_64_gameTime,props_pageProps_match_matchInfo_games_0_gameGold_64_goldDifference,props_pageProps_match_matchInfo_games_0_gameGold_64_team1Perid,props_pageProps_match_matchInfo_games_0_gameGold_64_team1TotalGold,props_pageProps_match_matchInfo_games_0_gameGold_64_team2Perid,props_pageProps_match_matchInfo_games_0_gameGold_64_team2TotalGold,props_pageProps_match_matchInfo_games_0_gameGold_65___typename,props_pageProps_match_matchInfo_games_0_gameGold_65_gameTime,props_pageProps_match_matchInfo_games_0_gameGold_65_goldDifference,props_pageProps_match_matchInfo_games_0_gameGold_65_team1Perid,props_pageProps_match_matchInfo_games_0_gameGold_65_team1TotalGold,props_pageProps_match_matchInfo_games_0_gameGold_65_team2Perid,props_pageProps_match_matchInfo_games_0_gameGold_65_team2TotalGold,props_pageProps_match_matchInfo_games_0_gameGold_66___typename,props_pageProps_match_matchInfo_games_0_gameGold_66_gameTime,props_pageProps_match_matchInfo_games_0_gameGold_66_goldDifference,props_pageProps_match_matchInfo_games_0_gameGold_66_team1Perid,props_pageProps_match_matchInfo_games_0_gameGold_66_team1TotalGold,props_pageProps_match_matchInfo_games_0_gameGold_66_team2Perid,props_pageProps_match_matchInfo_games_0_gameGold_66_team2TotalGold,props_pageProps_match_matchInfo_games_0_gameGold_67___typename,props_pageProps_match_matchInfo_games_0_gameGold_67_gameTime,props_pageProps_match_matchInfo_games_0_gameGold_67_goldDifference,props_pageProps_match_matchInfo_games_0_gameGold_67_team1Perid,props_pageProps_match_matchInfo_games_0_gameGold_67_team1TotalGold,props_pageProps_match_matchInfo_games_0_gameGold_67_team2Perid,props_pageProps_match_matchInfo_games_0_gameGold_67_team2TotalGold,props_pageProps_match_matchInfo_games_0_gameGold_68___typename,props_pageProps_match_matchInfo_games_0_gameGold_68_gameTime,props_pageProps_match_matchInfo_games_0_gameGold_68_goldDifference,props_pageProps_match_matchInfo_games_0_gameGold_68_team1Perid,props_pageProps_match_matchInfo_games_0_gameGold_68_team1TotalGold,props_pageProps_match_matchInfo_games_0_gameGold_68_team2Perid,props_pageProps_match_matchInfo_games_0_gameGold_68_team2TotalGold,props_pageProps_match_matchInfo_games_0_gameGold_69___typename,props_pageProps_match_matchInfo_games_0_gameGold_69_gameTime,props_pageProps_match_matchInfo_games_0_gameGold_69_goldDifference,props_pageProps_match_matchInfo_games_0_gameGold_69_team1Perid,props_pageProps_match_matchInfo_games_0_gameGold_69_team1TotalGold,props_pageProps_match_matchInfo_games_0_gameGold_69_team2Perid,props_pageProps_match_matchInfo_games_0_gameGold_69_team2TotalGold,props_pageProps_match_matchInfo_games_0_gameGold_70___typename,props_pageProps_match_matchInfo_games_0_gameGold_70_gameTime,props_pageProps_match_matchInfo_games_0_gameGold_70_goldDifference,props_pageProps_match_matchInfo_games_0_gameGold_70_team1Perid,props_pageProps_match_matchInfo_games_0_gameGold_70_team1TotalGold,props_pageProps_match_matchInfo_games_0_gameGold_70_team2Perid,props_pageProps_match_matchInfo_games_0_gameGold_70_team2TotalGold,props_pageProps_match_matchInfo_games_0_gameGold_71___typename,props_pageProps_match_matchInfo_games_0_gameGold_71_gameTime,props_pageProps_match_matchInfo_games_0_gameGold_71_goldDifference,props_pageProps_match_matchInfo_games_0_gameGold_71_team1Perid,props_pageProps_match_matchInfo_games_0_gameGold_71_team1TotalGold,props_pageProps_match_matchInfo_games_0_gameGold_71_team2Perid,props_pageProps_match_matchInfo_games_0_gameGold_71_team2TotalGold,props_pageProps_match_matchInfo_games_0_gameGold_72___typename,props_pageProps_match_matchInfo_games_0_gameGold_72_gameTime,props_pageProps_match_matchInfo_games_0_gameGold_72_goldDifference,props_pageProps_match_matchInfo_games_0_gameGold_72_team1Perid,props_pageProps_match_matchInfo_games_0_gameGold_72_team1TotalGold,props_pageProps_match_matchInfo_games_0_gameGold_72_team2Perid,props_pageProps_match_matchInfo_games_0_gameGold_72_team2TotalGold,props_pageProps_match_matchInfo_games_0_gameGold_73___typename,props_pageProps_match_matchInfo_games_0_gameGold_73_gameTime,props_pageProps_match_matchInfo_games_0_gameGold_73_goldDifference,props_pageProps_match_matchInfo_games_0_gameGold_73_team1Perid,props_pageProps_match_matchInfo_games_0_gameGold_73_team1TotalGold,props_pageProps_match_matchInfo_games_0_gameGold_73_team2Perid,props_pageProps_match_matchInfo_games_0_gameGold_73_team2TotalGold,props_pageProps_match_matchInfo_games_0_gameGold_74___typename,props_pageProps_match_matchInfo_games_0_gameGold_74_gameTime,props_pageProps_match_matchInfo_games_0_gameGold_74_goldDifference,props_pageProps_match_matchInfo_games_0_gameGold_74_team1Perid,props_pageProps_match_matchInfo_games_0_gameGold_74_team1TotalGold,props_pageProps_match_matchInfo_games_0_gameGold_74_team2Perid,props_pageProps_match_matchInfo_games_0_gameGold_74_team2TotalGold,props_pageProps_match_matchInfo_games_0_gameGold_75___typename,props_pageProps_match_matchInfo_games_0_gameGold_75_gameTime,props_pageProps_match_matchInfo_games_0_gameGold_75_goldDifference,props_pageProps_match_matchInfo_games_0_gameGold_75_team1Perid,props_pageProps_match_matchInfo_games_0_gameGold_75_team1TotalGold,props_pageProps_match_matchInfo_games_0_gameGold_75_team2Perid,props_pageProps_match_matchInfo_games_0_gameGold_75_team2TotalGold,props_pageProps_match_matchInfo_games_0_gameGold_76___typename,props_pageProps_match_matchInfo_games_0_gameGold_76_gameTime,props_pageProps_match_matchInfo_games_0_gameGold_76_goldDifference,props_pageProps_match_matchInfo_games_0_gameGold_76_team1Perid,props_pageProps_match_matchInfo_games_0_gameGold_76_team1TotalGold,props_pageProps_match_matchInfo_games_0_gameGold_76_team2Perid,props_pageProps_match_matchInfo_games_0_gameGold_76_team2TotalGold,props_pageProps_match_matchInfo_games_0_gameGold_77___typename,props_pageProps_match_matchInfo_games_0_gameGold_77_gameTime,props_pageProps_match_matchInfo_games_0_gameGold_77_goldDifference,props_pageProps_match_matchInfo_games_0_gameGold_77_team1Perid,props_pageProps_match_matchInfo_games_0_gameGold_77_team1TotalGold,props_pageProps_match_matchInfo_games_0_gameGold_77_team2Perid,props_pageProps_match_matchInfo_games_0_gameGold_77_team2TotalGold,props_pageProps_match_matchInfo_games_0_gameGold_78___typename,props_pageProps_match_matchInfo_games_0_gameGold_78_gameTime,props_pageProps_match_matchInfo_games_0_gameGold_78_goldDifference,props_pageProps_match_matchInfo_games_0_gameGold_78_team1Perid,props_pageProps_match_matchInfo_games_0_gameGold_78_team1TotalGold,props_pageProps_match_matchInfo_games_0_gameGold_78_team2Perid,props_pageProps_match_matchInfo_games_0_gameGold_78_team2TotalGold,props_pageProps_match_matchInfo_games_0_gameGold_79___typename,props_pageProps_match_matchInfo_games_0_gameGold_79_gameTime,props_pageProps_match_matchInfo_games_0_gameGold_79_goldDifference,props_pageProps_match_matchInfo_games_0_gameGold_79_team1Perid,props_pageProps_match_matchInfo_games_0_gameGold_79_team1TotalGold,props_pageProps_match_matchInfo_games_0_gameGold_79_team2Perid,props_pageProps_match_matchInfo_games_0_gameGold_79_team2TotalGold,props_pageProps_match_matchInfo_games_0_gameGold_80___typename,props_pageProps_match_matchInfo_games_0_gameGold_80_gameTime,props_pageProps_match_matchInfo_games_0_gameGold_80_goldDifference,props_pageProps_match_matchInfo_games_0_gameGold_80_team1Perid,props_pageProps_match_matchInfo_games_0_gameGold_80_team1TotalGold,props_pageProps_match_matchInfo_games_0_gameGold_80_team2Perid,props_pageProps_match_matchInfo_games_0_gameGold_80_team2TotalGold,props_pageProps_match_matchInfo_games_0_gameGold_81___typename,props_pageProps_match_matchInfo_games_0_gameGold_81_gameTime,props_pageProps_match_matchInfo_games_0_gameGold_81_goldDifference,props_pageProps_match_matchInfo_games_0_gameGold_81_team1Perid,props_pageProps_match_matchInfo_games_0_gameGold_81_team1TotalGold,props_pageProps_match_matchInfo_games_0_gameGold_81_team2Perid,props_pageProps_match_matchInfo_games_0_gameGold_81_team2TotalGold,props_pageProps_match_matchInfo_games_0_gameGold_82___typename,props_pageProps_match_matchInfo_games_0_gameGold_82_gameTime,props_pageProps_match_matchInfo_games_0_gameGold_82_goldDifference,props_pageProps_match_matchInfo_games_0_gameGold_82_team1Perid,props_pageProps_match_matchInfo_games_0_gameGold_82_team1TotalGold,props_pageProps_match_matchInfo_games_0_gameGold_82_team2Perid,props_pageProps_match_matchInfo_games_0_gameGold_82_team2TotalGold,props_pageProps_match_matchInfo_games_0_gameGold_83___typename,props_pageProps_match_matchInfo_games_0_gameGold_83_gameTime,props_pageProps_match_matchInfo_games_0_gameGold_83_goldDifference,props_pageProps_match_matchInfo_games_0_gameGold_83_team1Perid,props_pageProps_match_matchInfo_games_0_gameGold_83_team1TotalGold,props_pageProps_match_matchInfo_games_0_gameGold_83_team2Perid,props_pageProps_match_matchInfo_games_0_gameGold_83_team2TotalGold,props_pageProps_match_matchInfo_games_0_gameGold_84___typename,props_pageProps_match_matchInfo_games_0_gameGold_84_gameTime,props_pageProps_match_matchInfo_games_0_gameGold_84_goldDifference,props_pageProps_match_matchInfo_games_0_gameGold_84_team1Perid,props_pageProps_match_matchInfo_games_0_gameGold_84_team1TotalGold,props_pageProps_match_matchInfo_games_0_gameGold_84_team2Perid,props_pageProps_match_matchInfo_games_0_gameGold_84_team2TotalGold,props_pageProps_match_matchInfo_games_0_gameGold_85___typename,props_pageProps_match_matchInfo_games_0_gameGold_85_gameTime,props_pageProps_match_matchInfo_games_0_gameGold_85_goldDifference,props_pageProps_match_matchInfo_games_0_gameGold_85_team1Perid,props_pageProps_match_matchInfo_games_0_gameGold_85_team1TotalGold,props_pageProps_match_matchInfo_games_0_gameGold_85_team2Perid,props_pageProps_match_matchInfo_games_0_gameGold_85_team2TotalGold,props_pageProps_match_matchInfo_games_0_gameGold_86___typename,props_pageProps_match_matchInfo_games_0_gameGold_86_gameTime,props_pageProps_match_matchInfo_games_0_gameGold_86_goldDifference,props_pageProps_match_matchInfo_games_0_gameGold_86_team1Perid,props_pageProps_match_matchInfo_games_0_gameGold_86_team1TotalGold,props_pageProps_match_matchInfo_games_0_gameGold_86_team2Perid,props_pageProps_match_matchInfo_games_0_gameGold_86_team2TotalGold,props_pageProps_match_matchInfo_games_0_gameGold_87___typename,props_pageProps_match_matchInfo_games_0_gameGold_87_gameTime,props_pageProps_match_matchInfo_games_0_gameGold_87_goldDifference,props_pageProps_match_matchInfo_games_0_gameGold_87_team1Perid,props_pageProps_match_matchInfo_games_0_gameGold_87_team1TotalGold,props_pageProps_match_matchInfo_games_0_gameGold_87_team2Perid,props_pageProps_match_matchInfo_games_0_gameGold_87_team2TotalGold,props_pageProps_match_matchInfo_games_0_gameGold_88___typename,props_pageProps_match_matchInfo_games_0_gameGold_88_gameTime,props_pageProps_match_matchInfo_games_0_gameGold_88_goldDifference,props_pageProps_match_matchInfo_games_0_gameGold_88_team1Perid,props_pageProps_match_matchInfo_games_0_gameGold_88_team1TotalGold,props_pageProps_match_matchInfo_games_0_gameGold_88_team2Perid,props_pageProps_match_matchInfo_games_0_gameGold_88_team2TotalGold,props_pageProps_match_matchInfo_games_0_gameGold_89___typename,props_pageProps_match_matchInfo_games_0_gameGold_89_gameTime,props_pageProps_match_matchInfo_games_0_gameGold_89_goldDifference,props_pageProps_match_matchInfo_games_0_gameGold_89_team1Perid,props_pageProps_match_matchInfo_games_0_gameGold_89_team1TotalGold,props_pageProps_match_matchInfo_games_0_gameGold_89_team2Perid,props_pageProps_match_matchInfo_games_0_gameGold_89_team2TotalGold,props_pageProps_match_matchInfo_games_0_gameGold_90___typename,props_pageProps_match_matchInfo_games_0_gameGold_90_gameTime,props_pageProps_match_matchInfo_games_0_gameGold_90_goldDifference,props_pageProps_match_matchInfo_games_0_gameGold_90_team1Perid,props_pageProps_match_matchInfo_games_0_gameGold_90_team1TotalGold,props_pageProps_match_matchInfo_games_0_gameGold_90_team2Perid,props_pageProps_match_matchInfo_games_0_gameGold_90_team2TotalGold,props_pageProps_match_matchInfo_games_0_gameGold_91___typename,props_pageProps_match_matchInfo_games_0_gameGold_91_gameTime,props_pageProps_match_matchInfo_games_0_gameGold_91_goldDifference,props_pageProps_match_matchInfo_games_0_gameGold_91_team1Perid,props_pageProps_match_matchInfo_games_0_gameGold_91_team1TotalGold,props_pageProps_match_matchInfo_games_0_gameGold_91_team2Perid,props_pageProps_match_matchInfo_games_0_gameGold_91_team2TotalGold,props_pageProps_match_matchInfo_games_0_gameGold_92___typename,props_pageProps_match_matchInfo_games_0_gameGold_92_gameTime,props_pageProps_match_matchInfo_games_0_gameGold_92_goldDifference,props_pageProps_match_matchInfo_games_0_gameGold_92_team1Perid,props_pageProps_match_matchInfo_games_0_gameGold_92_team1TotalGold,props_pageProps_match_matchInfo_games_0_gameGold_92_team2Perid,props_pageProps_match_matchInfo_games_0_gameGold_92_team2TotalGold,props_pageProps_match_matchInfo_games_0_gameGold_93___typename,props_pageProps_match_matchInfo_games_0_gameGold_93_gameTime,props_pageProps_match_matchInfo_games_0_gameGold_93_goldDifference,props_pageProps_match_matchInfo_games_0_gameGold_93_team1Perid,props_pageProps_match_matchInfo_games_0_gameGold_93_team1TotalGold,props_pageProps_match_matchInfo_games_0_gameGold_93_team2Perid,props_pageProps_match_matchInfo_games_0_gameGold_93_team2TotalGold,props_pageProps_match_matchInfo_games_0_gameGold_94___typename,props_pageProps_match_matchInfo_games_0_gameGold_94_gameTime,props_pageProps_match_matchInfo_games_0_gameGold_94_goldDifference,props_pageProps_match_matchInfo_games_0_gameGold_94_team1Perid,props_pageProps_match_matchInfo_games_0_gameGold_94_team1TotalGold,props_pageProps_match_matchInfo_games_0_gameGold_94_team2Perid,props_pageProps_match_matchInfo_games_0_gameGold_94_team2TotalGold,props_pageProps_match_matchInfo_games_0_gameGold_95___typename,props_pageProps_match_matchInfo_games_0_gameGold_95_gameTime,props_pageProps_match_matchInfo_games_0_gameGold_95_goldDifference,props_pageProps_match_matchInfo_games_0_gameGold_95_team1Perid,props_pageProps_match_matchInfo_games_0_gameGold_95_team1TotalGold,props_pageProps_match_matchInfo_games_0_gameGold_95_team2Perid,props_pageProps_match_matchInfo_games_0_gameGold_95_team2TotalGold,props_pageProps_match_matchInfo_games_0_gameGold_96___typename,props_pageProps_match_matchInfo_games_0_gameGold_96_gameTime,props_pageProps_match_matchInfo_games_0_gameGold_96_goldDifference,props_pageProps_match_matchInfo_games_0_gameGold_96_team1Perid,props_pageProps_match_matchInfo_games_0_gameGold_96_team1TotalGold,props_pageProps_match_matchInfo_games_0_gameGold_96_team2Perid,props_pageProps_match_matchInfo_games_0_gameGold_96_team2TotalGold,props_pageProps_match_matchInfo_games_0_gameGold_97___typename,props_pageProps_match_matchInfo_games_0_gameGold_97_gameTime,props_pageProps_match_matchInfo_games_0_gameGold_97_goldDifference,props_pageProps_match_matchInfo_games_0_gameGold_97_team1Perid,props_pageProps_match_matchInfo_games_0_gameGold_97_team1TotalGold,props_pageProps_match_matchInfo_games_0_gameGold_97_team2Perid,props_pageProps_match_matchInfo_games_0_gameGold_97_team2TotalGold,props_pageProps_match_matchInfo_games_0_gameGold_98___typename,props_pageProps_match_matchInfo_games_0_gameGold_98_gameTime,props_pageProps_match_matchInfo_games_0_gameGold_98_goldDifference,props_pageProps_match_matchInfo_games_0_gameGold_98_team1Perid,props_pageProps_match_matchInfo_games_0_gameGold_98_team1TotalGold,props_pageProps_match_matchInfo_games_0_gameGold_98_team2Perid,props_pageProps_match_matchInfo_games_0_gameGold_98_team2TotalGold,props_pageProps_match_matchInfo_games_0_gameGold_99___typename,props_pageProps_match_matchInfo_games_0_gameGold_99_gameTime,props_pageProps_match_matchInfo_games_0_gameGold_99_goldDifference,props_pageProps_match_matchInfo_games_0_gameGold_99_team1Perid,props_pageProps_match_matchInfo_games_0_gameGold_99_team1TotalGold,props_pageProps_match_matchInfo_games_0_gameGold_99_team2Perid,props_pageProps_match_matchInfo_games_0_gameGold_99_team2TotalGold,props_pageProps_match_matchInfo_games_0_gameGold_100___typename,props_pageProps_match_matchInfo_games_0_gameGold_100_gameTime,props_pageProps_match_matchInfo_games_0_gameGold_100_goldDifference,props_pageProps_match_matchInfo_games_0_gameGold_100_team1Perid,props_pageProps_match_matchInfo_games_0_gameGold_100_team1TotalGold,props_pageProps_match_matchInfo_games_0_gameGold_100_team2Perid,props_pageProps_match_matchInfo_games_0_gameGold_100_team2TotalGold,props_pageProps_match_matchInfo_games_0_gameGold_101___typename,props_pageProps_match_matchInfo_games_0_gameGold_101_gameTime,props_pageProps_match_matchInfo_games_0_gameGold_101_goldDifference,props_pageProps_match_matchInfo_games_0_gameGold_101_team1Perid,props_pageProps_match_matchInfo_games_0_gameGold_101_team1TotalGold,props_pageProps_match_matchInfo_games_0_gameGold_101_team2Perid,props_pageProps_match_matchInfo_games_0_gameGold_101_team2TotalGold,props_pageProps_match_matchInfo_games_0_gameGold_102___typename,props_pageProps_match_matchInfo_games_0_gameGold_102_gameTime,props_pageProps_match_matchInfo_games_0_gameGold_102_goldDifference,props_pageProps_match_matchInfo_games_0_gameGold_102_team1Perid,props_pageProps_match_matchInfo_games_0_gameGold_102_team1TotalGold,props_pageProps_match_matchInfo_games_0_gameGold_102_team2Perid,props_pageProps_match_matchInfo_games_0_gameGold_102_team2TotalGold,props_pageProps_match_matchInfo_games_0_gameGold_103___typename,props_pageProps_match_matchInfo_games_0_gameGold_103_gameTime,props_pageProps_match_matchInfo_games_0_gameGold_103_goldDifference,props_pageProps_match_matchInfo_games_0_gameGold_103_team1Perid,props_pageProps_match_matchInfo_games_0_gameGold_103_team1TotalGold,props_pageProps_match_matchInfo_games_0_gameGold_103_team2Perid,props_pageProps_match_matchInfo_games_0_gameGold_103_team2TotalGold,props_pageProps_match_matchInfo_games_0_gameGold_104___typename,props_pageProps_match_matchInfo_games_0_gameGold_104_gameTime,props_pageProps_match_matchInfo_games_0_gameGold_104_goldDifference,props_pageProps_match_matchInfo_games_0_gameGold_104_team1Perid,props_pageProps_match_matchInfo_games_0_gameGold_104_team1TotalGold,props_pageProps_match_matchInfo_games_0_gameGold_104_team2Perid,props_pageProps_match_matchInfo_games_0_gameGold_104_team2TotalGold,props_pageProps_match_matchInfo_games_0_gameGold_105___typename,props_pageProps_match_matchInfo_games_0_gameGold_105_gameTime,props_pageProps_match_matchInfo_games_0_gameGold_105_goldDifference,props_pageProps_match_matchInfo_games_0_gameGold_105_team1Perid,props_pageProps_match_matchInfo_games_0_gameGold_105_team1TotalGold,props_pageProps_match_matchInfo_games_0_gameGold_105_team2Perid,props_pageProps_match_matchInfo_games_0_gameGold_105_team2TotalGold,props_pageProps_match_matchInfo_games_0_gameGold_106___typename,props_pageProps_match_matchInfo_games_0_gameGold_106_gameTime,props_pageProps_match_matchInfo_games_0_gameGold_106_goldDifference,props_pageProps_match_matchInfo_games_0_gameGold_106_team1Perid,props_pageProps_match_matchInfo_games_0_gameGold_106_team1TotalGold,props_pageProps_match_matchInfo_games_0_gameGold_106_team2Perid,props_pageProps_match_matchInfo_games_0_gameGold_106_team2TotalGold,props_pageProps_match_matchInfo_games_0_gameGold_107___typename,props_pageProps_match_matchInfo_games_0_gameGold_107_gameTime,props_pageProps_match_matchInfo_games_0_gameGold_107_goldDifference,props_pageProps_match_matchInfo_games_0_gameGold_107_team1Perid,props_pageProps_match_matchInfo_games_0_gameGold_107_team1TotalGold,props_pageProps_match_matchInfo_games_0_gameGold_107_team2Perid,props_pageProps_match_matchInfo_games_0_gameGold_107_team2TotalGold,props_pageProps_match_matchInfo_games_0_gameGold_108___typename,props_pageProps_match_matchInfo_games_0_gameGold_108_gameTime,props_pageProps_match_matchInfo_games_0_gameGold_108_goldDifference,props_pageProps_match_matchInfo_games_0_gameGold_108_team1Perid,props_pageProps_match_matchInfo_games_0_gameGold_108_team1TotalGold,props_pageProps_match_matchInfo_games_0_gameGold_108_team2Perid,props_pageProps_match_matchInfo_games_0_gameGold_108_team2TotalGold,props_pageProps_match_matchInfo_games_0_gameGold_109___typename,props_pageProps_match_matchInfo_games_0_gameGold_109_gameTime,props_pageProps_match_matchInfo_games_0_gameGold_109_goldDifference,props_pageProps_match_matchInfo_games_0_gameGold_109_team1Perid,props_pageProps_match_matchInfo_games_0_gameGold_109_team1TotalGold,props_pageProps_match_matchInfo_games_0_gameGold_109_team2Perid,props_pageProps_match_matchInfo_games_0_gameGold_109_team2TotalGold,props_pageProps_match_matchInfo_games_0_gameGold_110___typename,props_pageProps_match_matchInfo_games_0_gameGold_110_gameTime,props_pageProps_match_matchInfo_games_0_gameGold_110_goldDifference,props_pageProps_match_matchInfo_games_0_gameGold_110_team1Perid,props_pageProps_match_matchInfo_games_0_gameGold_110_team1TotalGold,props_pageProps_match_matchInfo_games_0_gameGold_110_team2Perid,props_pageProps_match_matchInfo_games_0_gameGold_110_team2TotalGold,props_pageProps_match_matchInfo_games_0_gameGold_111___typename,props_pageProps_match_matchInfo_games_0_gameGold_111_gameTime,props_pageProps_match_matchInfo_games_0_gameGold_111_goldDifference,props_pageProps_match_matchInfo_games_0_gameGold_111_team1Perid,props_pageProps_match_matchInfo_games_0_gameGold_111_team1TotalGold,props_pageProps_match_matchInfo_games_0_gameGold_111_team2Perid,props_pageProps_match_matchInfo_games_0_gameGold_111_team2TotalGold,props_pageProps_match_matchInfo_games_0_gameGold_112___typename,props_pageProps_match_matchInfo_games_0_gameGold_112_gameTime,props_pageProps_match_matchInfo_games_0_gameGold_112_goldDifference,props_pageProps_match_matchInfo_games_0_gameGold_112_team1Perid,props_pageProps_match_matchInfo_games_0_gameGold_112_team1TotalGold,props_pageProps_match_matchInfo_games_0_gameGold_112_team2Perid,props_pageProps_match_matchInfo_games_0_gameGold_112_team2TotalGold,props_pageProps_match_matchInfo_games_0_gameGold_113___typename,props_pageProps_match_matchInfo_games_0_gameGold_113_gameTime,props_pageProps_match_matchInfo_games_0_gameGold_113_goldDifference,props_pageProps_match_matchInfo_games_0_gameGold_113_team1Perid,props_pageProps_match_matchInfo_games_0_gameGold_113_team1TotalGold,props_pageProps_match_matchInfo_games_0_gameGold_113_team2Perid,props_pageProps_match_matchInfo_games_0_gameGold_113_team2TotalGold,props_pageProps_match_matchInfo_games_0_gameGold_114___typename,props_pageProps_match_matchInfo_games_0_gameGold_114_gameTime,props_pageProps_match_matchInfo_games_0_gameGold_114_goldDifference,props_pageProps_match_matchInfo_games_0_gameGold_114_team1Perid,props_pageProps_match_matchInfo_games_0_gameGold_114_team1TotalGold,props_pageProps_match_matchInfo_games_0_gameGold_114_team2Perid,props_pageProps_match_matchInfo_games_0_gameGold_114_team2TotalGold,props_pageProps_match_matchInfo_games_0_gameGold_115___typename,props_pageProps_match_matchInfo_games_0_gameGold_115_gameTime,props_pageProps_match_matchInfo_games_0_gameGold_115_goldDifference,props_pageProps_match_matchInfo_games_0_gameGold_115_team1Perid,props_pageProps_match_matchInfo_games_0_gameGold_115_team1TotalGold,props_pageProps_match_matchInfo_games_0_gameGold_115_team2Perid,props_pageProps_match_matchInfo_games_0_gameGold_115_team2TotalGold,props_pageProps_match_matchInfo_games_0_gameGold_116___typename,props_pageProps_match_matchInfo_games_0_gameGold_116_gameTime,props_pageProps_match_matchInfo_games_0_gameGold_116_goldDifference,props_pageProps_match_matchInfo_games_0_gameGold_116_team1Perid,props_pageProps_match_matchInfo_games_0_gameGold_116_team1TotalGold,props_pageProps_match_matchInfo_games_0_gameGold_116_team2Perid,props_pageProps_match_matchInfo_games_0_gameGold_116_team2TotalGold,props_pageProps_match_matchInfo_games_0_gameGold_117___typename,props_pageProps_match_matchInfo_games_0_gameGold_117_gameTime,props_pageProps_match_matchInfo_games_0_gameGold_117_goldDifference,props_pageProps_match_matchInfo_games_0_gameGold_117_team1Perid,props_pageProps_match_matchInfo_games_0_gameGold_117_team1TotalGold,props_pageProps_match_matchInfo_games_0_gameGold_117_team2Perid,props_pageProps_match_matchInfo_games_0_gameGold_117_team2TotalGold,props_pageProps_match_matchInfo_games_0_gameGold_118___typename,props_pageProps_match_matchInfo_games_0_gameGold_118_gameTime,props_pageProps_match_matchInfo_games_0_gameGold_118_goldDifference,props_pageProps_match_matchInfo_games_0_gameGold_118_team1Perid,props_pageProps_match_matchInfo_games_0_gameGold_118_team1TotalGold,props_pageProps_match_matchInfo_games_0_gameGold_118_team2Perid,props_pageProps_match_matchInfo_games_0_gameGold_118_team2TotalGold,props_pageProps_match_matchInfo_games_0_gameGold_119___typename,props_pageProps_match_matchInfo_games_0_gameGold_119_gameTime,props_pageProps_match_matchInfo_games_0_gameGold_119_goldDifference,props_pageProps_match_matchInfo_games_0_gameGold_119_team1Perid,props_pageProps_match_matchInfo_games_0_gameGold_119_team1TotalGold,props_pageProps_match_matchInfo_games_0_gameGold_119_team2Perid,props_pageProps_match_matchInfo_games_0_gameGold_119_team2TotalGold,props_pageProps_match_matchInfo_games_0_gameGold_120___typename,props_pageProps_match_matchInfo_games_0_gameGold_120_gameTime,props_pageProps_match_matchInfo_games_0_gameGold_120_goldDifference,props_pageProps_match_matchInfo_games_0_gameGold_120_team1Perid,props_pageProps_match_matchInfo_games_0_gameGold_120_team1TotalGold,props_pageProps_match_matchInfo_games_0_gameGold_120_team2Perid,props_pageProps_match_matchInfo_games_0_gameGold_120_team2TotalGold,props_pageProps_match_matchInfo_games_0_gameGold_121___typename,props_pageProps_match_matchInfo_games_0_gameGold_121_gameTime,props_pageProps_match_matchInfo_games_0_gameGold_121_goldDifference,props_pageProps_match_matchInfo_games_0_gameGold_121_team1Perid,props_pageProps_match_matchInfo_games_0_gameGold_121_team1TotalGold,props_pageProps_match_matchInfo_games_0_gameGold_121_team2Perid,props_pageProps_match_matchInfo_games_0_gameGold_121_team2TotalGold,props_pageProps_match_matchInfo_games_0_gameGold_122___typename,props_pageProps_match_matchInfo_games_0_gameGold_122_gameTime,props_pageProps_match_matchInfo_games_0_gameGold_122_goldDifference,props_pageProps_match_matchInfo_games_0_gameGold_122_team1Perid,props_pageProps_match_matchInfo_games_0_gameGold_122_team1TotalGold,props_pageProps_match_matchInfo_games_0_gameGold_122_team2Perid,props_pageProps_match_matchInfo_games_0_gameGold_122_team2TotalGold,props_pageProps_match_matchInfo_games_0_gameGold_123___typename,props_pageProps_match_matchInfo_games_0_gameGold_123_gameTime,props_pageProps_match_matchInfo_games_0_gameGold_123_goldDifference,props_pageProps_match_matchInfo_games_0_gameGold_123_team1Perid,props_pageProps_match_matchInfo_games_0_gameGold_123_team1TotalGold,props_pageProps_match_matchInfo_games_0_gameGold_123_team2Perid,props_pageProps_match_matchInfo_games_0_gameGold_123_team2TotalGold,props_pageProps_match_matchInfo_games_0_gameStartDateTime,props_pageProps_match_matchInfo_games_0_gameState,props_pageProps_match_matchInfo_games_0_gameUrn,props_pageProps_match_matchInfo_games_0_matchPerid,props_pageProps_match_matchInfo_games_0_playerChampGame_0___typename,props_pageProps_match_matchInfo_games_0_playerChampGame_0_champion,props_pageProps_match_matchInfo_games_0_playerChampGame_0_item1Id,props_pageProps_match_matchInfo_games_0_playerChampGame_0_item2Id,props_pageProps_match_matchInfo_games_0_playerChampGame_0_item3Id,props_pageProps_match_matchInfo_games_0_playerChampGame_0_item4Id,props_pageProps_match_matchInfo_games_0_playerChampGame_0_item5Id,props_pageProps_match_matchInfo_games_0_playerChampGame_0_item6Id,props_pageProps_match_matchInfo_games_0_playerChampGame_0_item7Id,props_pageProps_match_matchInfo_games_0_playerChampGame_0_item8Id,props_pageProps_match_matchInfo_games_0_playerChampGame_0_playerName,props_pageProps_match_matchInfo_games_0_playerChampGame_0_playerPerid,props_pageProps_match_matchInfo_games_0_playerChampGame_0_role,props_pageProps_match_matchInfo_games_0_playerChampGame_0_teamPerid,props_pageProps_match_matchInfo_games_0_playerChampGame_1___typename,props_pageProps_match_matchInfo_games_0_playerChampGame_1_champion,props_pageProps_match_matchInfo_games_0_playerChampGame_1_item1Id,props_pageProps_match_matchInfo_games_0_playerChampGame_1_item2Id,props_pageProps_match_matchInfo_games_0_playerChampGame_1_item3Id,props_pageProps_match_matchInfo_games_0_playerChampGame_1_item4Id,props_pageProps_match_matchInfo_games_0_playerChampGame_1_item5Id,props_pageProps_match_matchInfo_games_0_playerChampGame_1_item6Id,props_pageProps_match_matchInfo_games_0_playerChampGame_1_item7Id,props_pageProps_match_matchInfo_games_0_playerChampGame_1_item8Id,props_pageProps_match_matchInfo_games_0_playerChampGame_1_playerName,props_pageProps_match_matchInfo_games_0_playerChampGame_1_playerPerid,props_pageProps_match_matchInfo_games_0_playerChampGame_1_role,props_pageProps_match_matchInfo_games_0_playerChampGame_1_teamPerid,props_pageProps_match_matchInfo_games_0_playerChampGame_2___typename,props_pageProps_match_matchInfo_games_0_playerChampGame_2_champion,props_pageProps_match_matchInfo_games_0_playerChampGame_2_item1Id,props_pageProps_match_matchInfo_games_0_playerChampGame_2_item2Id,props_pageProps_match_matchInfo_games_0_playerChampGame_2_item3Id,props_pageProps_match_matchInfo_games_0_playerChampGame_2_item4Id,props_pageProps_match_matchInfo_games_0_playerChampGame_2_item5Id,props_pageProps_match_matchInfo_games_0_playerChampGame_2_item6Id,props_pageProps_match_matchInfo_games_0_playerChampGame_2_item7Id,props_pageProps_match_matchInfo_games_0_playerChampGame_2_item8Id,props_pageProps_match_matchInfo_games_0_playerChampGame_2_playerName,props_pageProps_match_matchInfo_games_0_playerChampGame_2_playerPerid,props_pageProps_match_matchInfo_games_0_playerChampGame_2_role,props_pageProps_match_matchInfo_games_0_playerChampGame_2_teamPerid,props_pageProps_match_matchInfo_games_0_playerChampGame_3___typename,props_pageProps_match_matchInfo_games_0_playerChampGame_3_champion,props_pageProps_match_matchInfo_games_0_playerChampGame_3_item1Id,props_pageProps_match_matchInfo_games_0_playerChampGame_3_item2Id,props_pageProps_match_matchInfo_games_0_playerChampGame_3_item3Id,props_pageProps_match_matchInfo_games_0_playerChampGame_3_item4Id,props_pageProps_match_matchInfo_games_0_playerChampGame_3_item5Id,props_pageProps_match_matchInfo_games_0_playerChampGame_3_item6Id,props_pageProps_match_matchInfo_games_0_playerChampGame_3_item7Id,props_pageProps_match_matchInfo_games_0_playerChampGame_3_item8Id,props_pageProps_match_matchInfo_games_0_playerChampGame_3_playerName,props_pageProps_match_matchInfo_games_0_playerChampGame_3_playerPerid,props_pageProps_match_matchInfo_games_0_playerChampGame_3_role,props_pageProps_match_matchInfo_games_0_playerChampGame_3_teamPerid,props_pageProps_match_matchInfo_games_0_playerChampGame_4___typename,props_pageProps_match_matchInfo_games_0_playerChampGame_4_champion,props_pageProps_match_matchInfo_games_0_playerChampGame_4_item1Id,props_pageProps_match_matchInfo_games_0_playerChampGame_4_item2Id,props_pageProps_match_matchInfo_games_0_playerChampGame_4_item3Id,props_pageProps_match_matchInfo_games_0_playerChampGame_4_item4Id,props_pageProps_match_matchInfo_games_0_playerChampGame_4_item5Id,props_pageProps_match_matchInfo_games_0_playerChampGame_4_item6Id,props_pageProps_match_matchInfo_games_0_playerChampGame_4_item7Id,props_pageProps_match_matchInfo_games_0_playerChampGame_4_item8Id,props_pageProps_match_matchInfo_games_0_playerChampGame_4_playerName,props_pageProps_match_matchInfo_games_0_playerChampGame_4_playerPerid,props_pageProps_match_matchInfo_games_0_playerChampGame_4_role,props_pageProps_match_matchInfo_games_0_playerChampGame_4_teamPerid,props_pageProps_match_matchInfo_games_0_playerChampGame_5___typename,props_pageProps_match_matchInfo_games_0_playerChampGame_5_champion,props_pageProps_match_matchInfo_games_0_playerChampGame_5_item1Id,props_pageProps_match_matchInfo_games_0_playerChampGame_5_item2Id,props_pageProps_match_matchInfo_games_0_playerChampGame_5_item3Id,props_pageProps_match_matchInfo_games_0_playerChampGame_5_item4Id,props_pageProps_match_matchInfo_games_0_playerChampGame_5_item5Id,props_pageProps_match_matchInfo_games_0_playerChampGame_5_item6Id,props_pageProps_match_matchInfo_games_0_playerChampGame_5_item7Id,props_pageProps_match_matchInfo_games_0_playerChampGame_5_item8Id,props_pageProps_match_matchInfo_games_0_playerChampGame_5_playerName,props_pageProps_match_matchInfo_games_0_playerChampGame_5_playerPerid,props_pageProps_match_matchInfo_games_0_playerChampGame_5_role,props_pageProps_match_matchInfo_games_0_playerChampGame_5_teamPerid,props_pageProps_match_matchInfo_games_0_playerChampGame_6___typename,props_pageProps_match_matchInfo_games_0_playerChampGame_6_champion,props_pageProps_match_matchInfo_games_0_playerChampGame_6_item1Id,props_pageProps_match_matchInfo_games_0_playerChampGame_6_item2Id,props_pageProps_match_matchInfo_games_0_playerChampGame_6_item3Id,props_pageProps_match_matchInfo_games_0_playerChampGame_6_item4Id,props_pageProps_match_matchInfo_games_0_playerChampGame_6_item5Id,props_pageProps_match_matchInfo_games_0_playerChampGame_6_item6Id,props_pageProps_match_matchInfo_games_0_playerChampGame_6_item7Id,props_pageProps_match_matchInfo_games_0_playerChampGame_6_item8Id,props_pageProps_match_matchInfo_games_0_playerChampGame_6_playerName,props_pageProps_match_matchInfo_games_0_playerChampGame_6_playerPerid,props_pageProps_match_matchInfo_games_0_playerChampGame_6_role,props_pageProps_match_matchInfo_games_0_playerChampGame_6_teamPerid,props_pageProps_match_matchInfo_games_0_playerChampGame_7___typename,props_pageProps_match_matchInfo_games_0_playerChampGame_7_champion,props_pageProps_match_matchInfo_games_0_playerChampGame_7_item1Id,props_pageProps_match_matchInfo_games_0_playerChampGame_7_item2Id,props_pageProps_match_matchInfo_games_0_playerChampGame_7_item3Id,props_pageProps_match_matchInfo_games_0_playerChampGame_7_item4Id,props_pageProps_match_matchInfo_games_0_playerChampGame_7_item5Id,props_pageProps_match_matchInfo_games_0_playerChampGame_7_item6Id,props_pageProps_match_matchInfo_games_0_playerChampGame_7_item7Id,props_pageProps_match_matchInfo_games_0_playerChampGame_7_item8Id,props_pageProps_match_matchInfo_games_0_playerChampGame_7_playerName,props_pageProps_match_matchInfo_games_0_playerChampGame_7_playerPerid,props_pageProps_match_matchInfo_games_0_playerChampGame_7_role,props_pageProps_match_matchInfo_games_0_playerChampGame_7_teamPerid,props_pageProps_match_matchInfo_games_0_playerChampGame_8___typename,props_pageProps_match_matchInfo_games_0_playerChampGame_8_champion,props_pageProps_match_matchInfo_games_0_playerChampGame_8_item1Id,props_pageProps_match_matchInfo_games_0_playerChampGame_8_item2Id,props_pageProps_match_matchInfo_games_0_playerChampGame_8_item3Id,props_pageProps_match_matchInfo_games_0_playerChampGame_8_item4Id,props_pageProps_match_matchInfo_games_0_playerChampGame_8_item5Id,props_pageProps_match_matchInfo_games_0_playerChampGame_8_item6Id,props_pageProps_match_matchInfo_games_0_playerChampGame_8_item7Id,props_pageProps_match_matchInfo_games_0_playerChampGame_8_item8Id,props_pageProps_match_matchInfo_games_0_playerChampGame_8_playerName,props_pageProps_match_matchInfo_games_0_playerChampGame_8_playerPerid,props_pageProps_match_matchInfo_games_0_playerChampGame_8_role,props_pageProps_match_matchInfo_games_0_playerChampGame_8_teamPerid,props_pageProps_match_matchInfo_games_0_playerChampGame_9___typename,props_pageProps_match_matchInfo_games_0_playerChampGame_9_champion,props_pageProps_match_matchInfo_games_0_playerChampGame_9_item1Id,props_pageProps_match_matchInfo_games_0_playerChampGame_9_item2Id,props_pageProps_match_matchInfo_games_0_playerChampGame_9_item3Id,props_pageProps_match_matchInfo_games_0_playerChampGame_9_item4Id,props_pageProps_match_matchInfo_games_0_playerChampGame_9_item5Id,props_pageProps_match_matchInfo_games_0_playerChampGame_9_item6Id,props_pageProps_match_matchInfo_games_0_playerChampGame_9_item7Id,props_pageProps_match_matchInfo_games_0_playerChampGame_9_item8Id,props_pageProps_match_matchInfo_games_0_playerChampGame_9_playerName,props_pageProps_match_matchInfo_games_0_playerChampGame_9_playerPerid,props_pageProps_match_matchInfo_games_0_playerChampGame_9_role,props_pageProps_match_matchInfo_games_0_playerChampGame_9_teamPerid,props_pageProps_match_matchInfo_games_0_playerGameStats_0___typename,props_pageProps_match_matchInfo_games_0_playerGameStats_0_assists,props_pageProps_match_matchInfo_games_0_playerGameStats_0_avgDamagePerTeamfight,props_pageProps_match_matchInfo_games_0_playerGameStats_0_avgMinsBetweenDeaths,props_pageProps_match_matchInfo_games_0_playerGameStats_0_avgMinsBetweenKills,props_pageProps_match_matchInfo_games_0_playerGameStats_0_bestOf,props_pageProps_match_matchInfo_games_0_playerGameStats_0_champion,props_pageProps_match_matchInfo_games_0_playerGameStats_0_currGame,props_pageProps_match_matchInfo_games_0_playerGameStats_0_deaths,props_pageProps_match_matchInfo_games_0_playerGameStats_0_dmgHealedOnTeamPerMin,props_pageProps_match_matchInfo_games_0_playerGameStats_0_dmgShieldedOnTeamPerMin,props_pageProps_match_matchInfo_games_0_playerGameStats_0_dmgToChampsPerMin,props_pageProps_match_matchInfo_games_0_playerGameStats_0_doubleKills,props_pageProps_match_matchInfo_games_0_playerGameStats_0_duoProx,props_pageProps_match_matchInfo_games_0_playerGameStats_0_firstBlood,props_pageProps_match_matchInfo_games_0_playerGameStats_0_gameUrn,props_pageProps_match_matchInfo_games_0_playerGameStats_0_goldAt15m,props_pageProps_match_matchInfo_games_0_playerGameStats_0_goldDiffAt15m,props_pageProps_match_matchInfo_games_0_playerGameStats_0_isoDeaths,props_pageProps_match_matchInfo_games_0_playerGameStats_0_jungleProx,props_pageProps_match_matchInfo_games_0_playerGameStats_0_kills,props_pageProps_match_matchInfo_games_0_playerGameStats_0_minionKills,props_pageProps_match_matchInfo_games_0_playerGameStats_0_neutralMinionKills,props_pageProps_match_matchInfo_games_0_playerGameStats_0_neutralMinionKillsEnemyJungle,props_pageProps_match_matchInfo_games_0_playerGameStats_0_neutralMinionKillsTeamJungle,props_pageProps_match_matchInfo_games_0_playerGameStats_0_numRecalls,props_pageProps_match_matchInfo_games_0_playerGameStats_0_pentaKills,props_pageProps_match_matchInfo_games_0_playerGameStats_0_percInMidLane,props_pageProps_match_matchInfo_games_0_playerGameStats_0_player,props_pageProps_match_matchInfo_games_0_playerGameStats_0_playerPerid,props_pageProps_match_matchInfo_games_0_playerGameStats_0_playerUrn,props_pageProps_match_matchInfo_games_0_playerGameStats_0_quadKills,props_pageProps_match_matchInfo_games_0_playerGameStats_0_role,props_pageProps_match_matchInfo_games_0_playerGameStats_0_side,props_pageProps_match_matchInfo_games_0_playerGameStats_0_soloKills,props_pageProps_match_matchInfo_games_0_playerGameStats_0_team,props_pageProps_match_matchInfo_games_0_playerGameStats_0_teamPerid,props_pageProps_match_matchInfo_games_0_playerGameStats_0_totalDamageTeamfights,props_pageProps_match_matchInfo_games_0_playerGameStats_0_totalGold,props_pageProps_match_matchInfo_games_0_playerGameStats_0_tripleKills,props_pageProps_match_matchInfo_games_0_playerGameStats_0_visionScore,props_pageProps_match_matchInfo_games_0_playerGameStats_0_wardsKilled,props_pageProps_match_matchInfo_games_0_playerGameStats_0_wardsPlaced,props_pageProps_match_matchInfo_games_0_playerGameStats_1___typename,props_pageProps_match_matchInfo_games_0_playerGameStats_1_assists,props_pageProps_match_matchInfo_games_0_playerGameStats_1_avgDamagePerTeamfight,props_pageProps_match_matchInfo_games_0_playerGameStats_1_avgMinsBetweenDeaths,props_pageProps_match_matchInfo_games_0_playerGameStats_1_avgMinsBetweenKills,props_pageProps_match_matchInfo_games_0_playerGameStats_1_bestOf,props_pageProps_match_matchInfo_games_0_playerGameStats_1_champion,props_pageProps_match_matchInfo_games_0_playerGameStats_1_currGame,props_pageProps_match_matchInfo_games_0_playerGameStats_1_deaths,props_pageProps_match_matchInfo_games_0_playerGameStats_1_dmgHealedOnTeamPerMin,props_pageProps_match_matchInfo_games_0_playerGameStats_1_dmgShieldedOnTeamPerMin,props_pageProps_match_matchInfo_games_0_playerGameStats_1_dmgToChampsPerMin,props_pageProps_match_matchInfo_games_0_playerGameStats_1_doubleKills,props_pageProps_match_matchInfo_games_0_playerGameStats_1_duoProx,props_pageProps_match_matchInfo_games_0_playerGameStats_1_firstBlood,props_pageProps_match_matchInfo_games_0_playerGameStats_1_gameUrn,props_pageProps_match_matchInfo_games_0_playerGameStats_1_goldAt15m,props_pageProps_match_matchInfo_games_0_playerGameStats_1_goldDiffAt15m,props_pageProps_match_matchInfo_games_0_playerGameStats_1_isoDeaths,props_pageProps_match_matchInfo_games_0_playerGameStats_1_jungleProx,props_pageProps_match_matchInfo_games_0_playerGameStats_1_kills,props_pageProps_match_matchInfo_games_0_playerGameStats_1_minionKills,props_pageProps_match_matchInfo_games_0_playerGameStats_1_neutralMinionKills,props_pageProps_match_matchInfo_games_0_playerGameStats_1_neutralMinionKillsEnemyJungle,props_pageProps_match_matchInfo_games_0_playerGameStats_1_neutralMinionKillsTeamJungle,props_pageProps_match_matchInfo_games_0_playerGameStats_1_numRecalls,props_pageProps_match_matchInfo_games_0_playerGameStats_1_pentaKills,props_pageProps_match_matchInfo_games_0_playerGameStats_1_percInMidLane,props_pageProps_match_matchInfo_games_0_playerGameStats_1_player,props_pageProps_match_matchInfo_games_0_playerGameStats_1_playerPerid,props_pageProps_match_matchInfo_games_0_playerGameStats_1_playerUrn,props_pageProps_match_matchInfo_games_0_playerGameStats_1_quadKills,props_pageProps_match_matchInfo_games_0_playerGameStats_1_role,props_pageProps_match_matchInfo_games_0_playerGameStats_1_side,props_pageProps_match_matchInfo_games_0_playerGameStats_1_soloKills,props_pageProps_match_matchInfo_games_0_playerGameStats_1_team,props_pageProps_match_matchInfo_games_0_playerGameStats_1_teamPerid,props_pageProps_match_matchInfo_games_0_playerGameStats_1_totalDamageTeamfights,props_pageProps_match_matchInfo_games_0_playerGameStats_1_totalGold,props_pageProps_match_matchInfo_games_0_playerGameStats_1_tripleKills,props_pageProps_match_matchInfo_games_0_playerGameStats_1_visionScore,props_pageProps_match_matchInfo_games_0_playerGameStats_1_wardsKilled,props_pageProps_match_matchInfo_games_0_playerGameStats_1_wardsPlaced,props_pageProps_match_matchInfo_games_0_playerGameStats_2___typename,props_pageProps_match_matchInfo_games_0_playerGameStats_2_assists,props_pageProps_match_matchInfo_games_0_playerGameStats_2_avgDamagePerTeamfight,props_pageProps_match_matchInfo_games_0_playerGameStats_2_avgMinsBetweenDeaths,props_pageProps_match_matchInfo_games_0_playerGameStats_2_avgMinsBetweenKills,props_pageProps_match_matchInfo_games_0_playerGameStats_2_bestOf,props_pageProps_match_matchInfo_games_0_playerGameStats_2_champion,props_pageProps_match_matchInfo_games_0_playerGameStats_2_currGame,props_pageProps_match_matchInfo_games_0_playerGameStats_2_deaths,props_pageProps_match_matchInfo_games_0_playerGameStats_2_dmgHealedOnTeamPerMin,props_pageProps_match_matchInfo_games_0_playerGameStats_2_dmgShieldedOnTeamPerMin,props_pageProps_match_matchInfo_games_0_playerGameStats_2_dmgToChampsPerMin,props_pageProps_match_matchInfo_games_0_playerGameStats_2_doubleKills,props_pageProps_match_matchInfo_games_0_playerGameStats_2_duoProx,props_pageProps_match_matchInfo_games_0_playerGameStats_2_firstBlood,props_pageProps_match_matchInfo_games_0_playerGameStats_2_gameUrn,props_pageProps_match_matchInfo_games_0_playerGameStats_2_goldAt15m,props_pageProps_match_matchInfo_games_0_playerGameStats_2_goldDiffAt15m,props_pageProps_match_matchInfo_games_0_playerGameStats_2_isoDeaths,props_pageProps_match_matchInfo_games_0_playerGameStats_2_jungleProx,props_pageProps_match_matchInfo_games_0_playerGameStats_2_kills,props_pageProps_match_matchInfo_games_0_playerGameStats_2_minionKills,props_pageProps_match_matchInfo_games_0_playerGameStats_2_neutralMinionKills,props_pageProps_match_matchInfo_games_0_playerGameStats_2_neutralMinionKillsEnemyJungle,props_pageProps_match_matchInfo_games_0_playerGameStats_2_neutralMinionKillsTeamJungle,props_pageProps_match_matchInfo_games_0_playerGameStats_2_numRecalls,props_pageProps_match_matchInfo_games_0_playerGameStats_2_pentaKills,props_pageProps_match_matchInfo_games_0_playerGameStats_2_percInMidLane,props_pageProps_match_matchInfo_games_0_playerGameStats_2_player,props_pageProps_match_matchInfo_games_0_playerGameStats_2_playerPerid,props_pageProps_match_matchInfo_games_0_playerGameStats_2_playerUrn,props_pageProps_match_matchInfo_games_0_playerGameStats_2_quadKills,props_pageProps_match_matchInfo_games_0_playerGameStats_2_role,props_pageProps_match_matchInfo_games_0_playerGameStats_2_side,props_pageProps_match_matchInfo_games_0_playerGameStats_2_soloKills,props_pageProps_match_matchInfo_games_0_playerGameStats_2_team,props_pageProps_match_matchInfo_games_0_playerGameStats_2_teamPerid,props_pageProps_match_matchInfo_games_0_playerGameStats_2_totalDamageTeamfights,props_pageProps_match_matchInfo_games_0_playerGameStats_2_totalGold,props_pageProps_match_matchInfo_games_0_playerGameStats_2_tripleKills,props_pageProps_match_matchInfo_games_0_playerGameStats_2_visionScore,props_pageProps_match_matchInfo_games_0_playerGameStats_2_wardsKilled,props_pageProps_match_matchInfo_games_0_playerGameStats_2_wardsPlaced,props_pageProps_match_matchInfo_games_0_playerGameStats_3___typename,props_pageProps_match_matchInfo_games_0_playerGameStats_3_assists,props_pageProps_match_matchInfo_games_0_playerGameStats_3_avgDamagePerTeamfight,props_pageProps_match_matchInfo_games_0_playerGameStats_3_avgMinsBetweenDeaths,props_pageProps_match_matchInfo_games_0_playerGameStats_3_avgMinsBetweenKills,props_pageProps_match_matchInfo_games_0_playerGameStats_3_bestOf,props_pageProps_match_matchInfo_games_0_playerGameStats_3_champion,props_pageProps_match_matchInfo_games_0_playerGameStats_3_currGame,props_pageProps_match_matchInfo_games_0_playerGameStats_3_deaths,props_pageProps_match_matchInfo_games_0_playerGameStats_3_dmgHealedOnTeamPerMin,props_pageProps_match_matchInfo_games_0_playerGameStats_3_dmgShieldedOnTeamPerMin,props_pageProps_match_matchInfo_games_0_playerGameStats_3_dmgToChampsPerMin,props_pageProps_match_matchInfo_games_0_playerGameStats_3_doubleKills,props_pageProps_match_matchInfo_games_0_playerGameStats_3_duoProx,props_pageProps_match_matchInfo_games_0_playerGameStats_3_firstBlood,props_pageProps_match_matchInfo_games_0_playerGameStats_3_gameUrn,props_pageProps_match_matchInfo_games_0_playerGameStats_3_goldAt15m,props_pageProps_match_matchInfo_games_0_playerGameStats_3_goldDiffAt15m,props_pageProps_match_matchInfo_games_0_playerGameStats_3_isoDeaths,props_pageProps_match_matchInfo_games_0_playerGameStats_3_jungleProx,props_pageProps_match_matchInfo_games_0_playerGameStats_3_kills,props_pageProps_match_matchInfo_games_0_playerGameStats_3_minionKills,props_pageProps_match_matchInfo_games_0_playerGameStats_3_neutralMinionKills,props_pageProps_match_matchInfo_games_0_playerGameStats_3_neutralMinionKillsEnemyJungle,props_pageProps_match_matchInfo_games_0_playerGameStats_3_neutralMinionKillsTeamJungle,props_pageProps_match_matchInfo_games_0_playerGameStats_3_numRecalls,props_pageProps_match_matchInfo_games_0_playerGameStats_3_pentaKills,props_pageProps_match_matchInfo_games_0_playerGameStats_3_percInMidLane,props_pageProps_match_matchInfo_games_0_playerGameStats_3_player,props_pageProps_match_matchInfo_games_0_playerGameStats_3_playerPerid,props_pageProps_match_matchInfo_games_0_playerGameStats_3_playerUrn,props_pageProps_match_matchInfo_games_0_playerGameStats_3_quadKills,props_pageProps_match_matchInfo_games_0_playerGameStats_3_role,props_pageProps_match_matchInfo_games_0_playerGameStats_3_side,props_pageProps_match_matchInfo_games_0_playerGameStats_3_soloKills,props_pageProps_match_matchInfo_games_0_playerGameStats_3_team,props_pageProps_match_matchInfo_games_0_playerGameStats_3_teamPerid,props_pageProps_match_matchInfo_games_0_playerGameStats_3_totalDamageTeamfights,props_pageProps_match_matchInfo_games_0_playerGameStats_3_totalGold,props_pageProps_match_matchInfo_games_0_playerGameStats_3_tripleKills,props_pageProps_match_matchInfo_games_0_playerGameStats_3_visionScore,props_pageProps_match_matchInfo_games_0_playerGameStats_3_wardsKilled,props_pageProps_match_matchInfo_games_0_playerGameStats_3_wardsPlaced,props_pageProps_match_matchInfo_games_0_playerGameStats_4___typename,props_pageProps_match_matchInfo_games_0_playerGameStats_4_assists,props_pageProps_match_matchInfo_games_0_playerGameStats_4_avgDamagePerTeamfight,props_pageProps_match_matchInfo_games_0_playerGameStats_4_avgMinsBetweenDeaths,props_pageProps_match_matchInfo_games_0_playerGameStats_4_avgMinsBetweenKills,props_pageProps_match_matchInfo_games_0_playerGameStats_4_bestOf,props_pageProps_match_matchInfo_games_0_playerGameStats_4_champion,props_pageProps_match_matchInfo_games_0_playerGameStats_4_currGame,props_pageProps_match_matchInfo_games_0_playerGameStats_4_deaths,props_pageProps_match_matchInfo_games_0_playerGameStats_4_dmgHealedOnTeamPerMin,props_pageProps_match_matchInfo_games_0_playerGameStats_4_dmgShieldedOnTeamPerMin,props_pageProps_match_matchInfo_games_0_playerGameStats_4_dmgToChampsPerMin,props_pageProps_match_matchInfo_games_0_playerGameStats_4_doubleKills,props_pageProps_match_matchInfo_games_0_playerGameStats_4_duoProx,props_pageProps_match_matchInfo_games_0_playerGameStats_4_firstBlood,props_pageProps_match_matchInfo_games_0_playerGameStats_4_gameUrn,props_pageProps_match_matchInfo_games_0_playerGameStats_4_goldAt15m,props_pageProps_match_matchInfo_games_0_playerGameStats_4_goldDiffAt15m,props_pageProps_match_matchInfo_games_0_playerGameStats_4_isoDeaths,props_pageProps_match_matchInfo_games_0_playerGameStats_4_jungleProx,props_pageProps_match_matchInfo_games_0_playerGameStats_4_kills,props_pageProps_match_matchInfo_games_0_playerGameStats_4_minionKills,props_pageProps_match_matchInfo_games_0_playerGameStats_4_neutralMinionKills,props_pageProps_match_matchInfo_games_0_playerGameStats_4_neutralMinionKillsEnemyJungle,props_pageProps_match_matchInfo_games_0_playerGameStats_4_neutralMinionKillsTeamJungle,props_pageProps_match_matchInfo_games_0_playerGameStats_4_numRecalls,props_pageProps_match_matchInfo_games_0_playerGameStats_4_pentaKills,props_pageProps_match_matchInfo_games_0_playerGameStats_4_percInMidLane,props_pageProps_match_matchInfo_games_0_playerGameStats_4_player,props_pageProps_match_matchInfo_games_0_playerGameStats_4_playerPerid,props_pageProps_match_matchInfo_games_0_playerGameStats_4_playerUrn,props_pageProps_match_matchInfo_games_0_playerGameStats_4_quadKills,props_pageProps_match_matchInfo_games_0_playerGameStats_4_role,props_pageProps_match_matchInfo_games_0_playerGameStats_4_side,props_pageProps_match_matchInfo_games_0_playerGameStats_4_soloKills,props_pageProps_match_matchInfo_games_0_playerGameStats_4_team,props_pageProps_match_matchInfo_games_0_playerGameStats_4_teamPerid,props_pageProps_match_matchInfo_games_0_playerGameStats_4_totalDamageTeamfights,props_pageProps_match_matchInfo_games_0_playerGameStats_4_totalGold,props_pageProps_match_matchInfo_games_0_playerGameStats_4_tripleKills,props_pageProps_match_matchInfo_games_0_playerGameStats_4_visionScore,props_pageProps_match_matchInfo_games_0_playerGameStats_4_wardsKilled,props_pageProps_match_matchInfo_games_0_playerGameStats_4_wardsPlaced,props_pageProps_match_matchInfo_games_0_playerGameStats_5___typename,props_pageProps_match_matchInfo_games_0_playerGameStats_5_assists,props_pageProps_match_matchInfo_games_0_playerGameStats_5_avgDamagePerTeamfight,props_pageProps_match_matchInfo_games_0_playerGameStats_5_avgMinsBetweenDeaths,props_pageProps_match_matchInfo_games_0_playerGameStats_5_avgMinsBetweenKills,props_pageProps_match_matchInfo_games_0_playerGameStats_5_bestOf,props_pageProps_match_matchInfo_games_0_playerGameStats_5_champion,props_pageProps_match_matchInfo_games_0_playerGameStats_5_currGame,props_pageProps_match_matchInfo_games_0_playerGameStats_5_deaths,props_pageProps_match_matchInfo_games_0_playerGameStats_5_dmgHealedOnTeamPerMin,props_pageProps_match_matchInfo_games_0_playerGameStats_5_dmgShieldedOnTeamPerMin,props_pageProps_match_matchInfo_games_0_playerGameStats_5_dmgToChampsPerMin,props_pageProps_match_matchInfo_games_0_playerGameStats_5_doubleKills,props_pageProps_match_matchInfo_games_0_playerGameStats_5_duoProx,props_pageProps_match_matchInfo_games_0_playerGameStats_5_firstBlood,props_pageProps_match_matchInfo_games_0_playerGameStats_5_gameUrn,props_pageProps_match_matchInfo_games_0_playerGameStats_5_goldAt15m,props_pageProps_match_matchInfo_games_0_playerGameStats_5_goldDiffAt15m,props_pageProps_match_matchInfo_games_0_playerGameStats_5_isoDeaths,props_pageProps_match_matchInfo_games_0_playerGameStats_5_jungleProx,props_pageProps_match_matchInfo_games_0_playerGameStats_5_kills,props_pageProps_match_matchInfo_games_0_playerGameStats_5_minionKills,props_pageProps_match_matchInfo_games_0_playerGameStats_5_neutralMinionKills,props_pageProps_match_matchInfo_games_0_playerGameStats_5_neutralMinionKillsEnemyJungle,props_pageProps_match_matchInfo_games_0_playerGameStats_5_neutralMinionKillsTeamJungle,props_pageProps_match_matchInfo_games_0_playerGameStats_5_numRecalls,props_pageProps_match_matchInfo_games_0_playerGameStats_5_pentaKills,props_pageProps_match_matchInfo_games_0_playerGameStats_5_percInMidLane,props_pageProps_match_matchInfo_games_0_playerGameStats_5_player,props_pageProps_match_matchInfo_games_0_playerGameStats_5_playerPerid,props_pageProps_match_matchInfo_games_0_playerGameStats_5_playerUrn,props_pageProps_match_matchInfo_games_0_playerGameStats_5_quadKills,props_pageProps_match_matchInfo_games_0_playerGameStats_5_role,props_pageProps_match_matchInfo_games_0_playerGameStats_5_side,props_pageProps_match_matchInfo_games_0_playerGameStats_5_soloKills,props_pageProps_match_matchInfo_games_0_playerGameStats_5_team,props_pageProps_match_matchInfo_games_0_playerGameStats_5_teamPerid,props_pageProps_match_matchInfo_games_0_playerGameStats_5_totalDamageTeamfights,props_pageProps_match_matchInfo_games_0_playerGameStats_5_totalGold,props_pageProps_match_matchInfo_games_0_playerGameStats_5_tripleKills,props_pageProps_match_matchInfo_games_0_playerGameStats_5_visionScore,props_pageProps_match_matchInfo_games_0_playerGameStats_5_wardsKilled,props_pageProps_match_matchInfo_games_0_playerGameStats_5_wardsPlaced,props_pageProps_match_matchInfo_games_0_playerGameStats_6___typename,props_pageProps_match_matchInfo_games_0_playerGameStats_6_assists,props_pageProps_match_matchInfo_games_0_playerGameStats_6_avgDamagePerTeamfight,props_pageProps_match_matchInfo_games_0_playerGameStats_6_avgMinsBetweenDeaths,props_pageProps_match_matchInfo_games_0_playerGameStats_6_avgMinsBetweenKills,props_pageProps_match_matchInfo_games_0_playerGameStats_6_bestOf,props_pageProps_match_matchInfo_games_0_playerGameStats_6_champion,props_pageProps_match_matchInfo_games_0_playerGameStats_6_currGame,props_pageProps_match_matchInfo_games_0_playerGameStats_6_deaths,props_pageProps_match_matchInfo_games_0_playerGameStats_6_dmgHealedOnTeamPerMin,props_pageProps_match_matchInfo_games_0_playerGameStats_6_dmgShieldedOnTeamPerMin,props_pageProps_match_matchInfo_games_0_playerGameStats_6_dmgToChampsPerMin,props_pageProps_match_matchInfo_games_0_playerGameStats_6_doubleKills,props_pageProps_match_matchInfo_games_0_playerGameStats_6_duoProx,props_pageProps_match_matchInfo_games_0_playerGameStats_6_firstBlood,props_pageProps_match_matchInfo_games_0_playerGameStats_6_gameUrn,props_pageProps_match_matchInfo_games_0_playerGameStats_6_goldAt15m,props_pageProps_match_matchInfo_games_0_playerGameStats_6_goldDiffAt15m,props_pageProps_match_matchInfo_games_0_playerGameStats_6_isoDeaths,props_pageProps_match_matchInfo_games_0_playerGameStats_6_jungleProx,props_pageProps_match_matchInfo_games_0_playerGameStats_6_kills,props_pageProps_match_matchInfo_games_0_playerGameStats_6_minionKills,props_pageProps_match_matchInfo_games_0_playerGameStats_6_neutralMinionKills,props_pageProps_match_matchInfo_games_0_playerGameStats_6_neutralMinionKillsEnemyJungle,props_pageProps_match_matchInfo_games_0_playerGameStats_6_neutralMinionKillsTeamJungle,props_pageProps_match_matchInfo_games_0_playerGameStats_6_numRecalls,props_pageProps_match_matchInfo_games_0_playerGameStats_6_pentaKills,props_pageProps_match_matchInfo_games_0_playerGameStats_6_percInMidLane,props_pageProps_match_matchInfo_games_0_playerGameStats_6_player,props_pageProps_match_matchInfo_games_0_playerGameStats_6_playerPerid,props_pageProps_match_matchInfo_games_0_playerGameStats_6_playerUrn,props_pageProps_match_matchInfo_games_0_playerGameStats_6_quadKills,props_pageProps_match_matchInfo_games_0_playerGameStats_6_role,props_pageProps_match_matchInfo_games_0_playerGameStats_6_side,props_pageProps_match_matchInfo_games_0_playerGameStats_6_soloKills,props_pageProps_match_matchInfo_games_0_playerGameStats_6_team,props_pageProps_match_matchInfo_games_0_playerGameStats_6_teamPerid,props_pageProps_match_matchInfo_games_0_playerGameStats_6_totalDamageTeamfights,props_pageProps_match_matchInfo_games_0_playerGameStats_6_totalGold,props_pageProps_match_matchInfo_games_0_playerGameStats_6_tripleKills,props_pageProps_match_matchInfo_games_0_playerGameStats_6_visionScore,props_pageProps_match_matchInfo_games_0_playerGameStats_6_wardsKilled,props_pageProps_match_matchInfo_games_0_playerGameStats_6_wardsPlaced,props_pageProps_match_matchInfo_games_0_playerGameStats_7___typename,props_pageProps_match_matchInfo_games_0_playerGameStats_7_assists,props_pageProps_match_matchInfo_games_0_playerGameStats_7_avgDamagePerTeamfight,props_pageProps_match_matchInfo_games_0_playerGameStats_7_avgMinsBetweenDeaths,props_pageProps_match_matchInfo_games_0_playerGameStats_7_avgMinsBetweenKills,props_pageProps_match_matchInfo_games_0_playerGameStats_7_bestOf,props_pageProps_match_matchInfo_games_0_playerGameStats_7_champion,props_pageProps_match_matchInfo_games_0_playerGameStats_7_currGame,props_pageProps_match_matchInfo_games_0_playerGameStats_7_deaths,props_pageProps_match_matchInfo_games_0_playerGameStats_7_dmgHealedOnTeamPerMin,props_pageProps_match_matchInfo_games_0_playerGameStats_7_dmgShieldedOnTeamPerMin,props_pageProps_match_matchInfo_games_0_playerGameStats_7_dmgToChampsPerMin,props_pageProps_match_matchInfo_games_0_playerGameStats_7_doubleKills,props_pageProps_match_matchInfo_games_0_playerGameStats_7_duoProx,props_pageProps_match_matchInfo_games_0_playerGameStats_7_firstBlood,props_pageProps_match_matchInfo_games_0_playerGameStats_7_gameUrn,props_pageProps_match_matchInfo_games_0_playerGameStats_7_goldAt15m,props_pageProps_match_matchInfo_games_0_playerGameStats_7_goldDiffAt15m,props_pageProps_match_matchInfo_games_0_playerGameStats_7_isoDeaths,props_pageProps_match_matchInfo_games_0_playerGameStats_7_jungleProx,props_pageProps_match_matchInfo_games_0_playerGameStats_7_kills,props_pageProps_match_matchInfo_games_0_playerGameStats_7_minionKills,props_pageProps_match_matchInfo_games_0_playerGameStats_7_neutralMinionKills,props_pageProps_match_matchInfo_games_0_playerGameStats_7_neutralMinionKillsEnemyJungle,props_pageProps_match_matchInfo_games_0_playerGameStats_7_neutralMinionKillsTeamJungle,props_pageProps_match_matchInfo_games_0_playerGameStats_7_numRecalls,props_pageProps_match_matchInfo_games_0_playerGameStats_7_pentaKills,props_pageProps_match_matchInfo_games_0_playerGameStats_7_percInMidLane,props_pageProps_match_matchInfo_games_0_playerGameStats_7_player,props_pageProps_match_matchInfo_games_0_playerGameStats_7_playerPerid,props_pageProps_match_matchInfo_games_0_playerGameStats_7_playerUrn,props_pageProps_match_matchInfo_games_0_playerGameStats_7_quadKills,props_pageProps_match_matchInfo_games_0_playerGameStats_7_role,props_pageProps_match_matchInfo_games_0_playerGameStats_7_side,props_pageProps_match_matchInfo_games_0_playerGameStats_7_soloKills,props_pageProps_match_matchInfo_games_0_playerGameStats_7_team,props_pageProps_match_matchInfo_games_0_playerGameStats_7_teamPerid,props_pageProps_match_matchInfo_games_0_playerGameStats_7_totalDamageTeamfights,props_pageProps_match_matchInfo_games_0_playerGameStats_7_totalGold,props_pageProps_match_matchInfo_games_0_playerGameStats_7_tripleKills,props_pageProps_match_matchInfo_games_0_playerGameStats_7_visionScore,props_pageProps_match_matchInfo_games_0_playerGameStats_7_wardsKilled,props_pageProps_match_matchInfo_games_0_playerGameStats_7_wardsPlaced,props_pageProps_match_matchInfo_games_0_playerGameStats_8___typename,props_pageProps_match_matchInfo_games_0_playerGameStats_8_assists,props_pageProps_match_matchInfo_games_0_playerGameStats_8_avgDamagePerTeamfight,props_pageProps_match_matchInfo_games_0_playerGameStats_8_avgMinsBetweenDeaths,props_pageProps_match_matchInfo_games_0_playerGameStats_8_avgMinsBetweenKills,props_pageProps_match_matchInfo_games_0_playerGameStats_8_bestOf,props_pageProps_match_matchInfo_games_0_playerGameStats_8_champion,props_pageProps_match_matchInfo_games_0_playerGameStats_8_currGame,props_pageProps_match_matchInfo_games_0_playerGameStats_8_deaths,props_pageProps_match_matchInfo_games_0_playerGameStats_8_dmgHealedOnTeamPerMin,props_pageProps_match_matchInfo_games_0_playerGameStats_8_dmgShieldedOnTeamPerMin,props_pageProps_match_matchInfo_games_0_playerGameStats_8_dmgToChampsPerMin,props_pageProps_match_matchInfo_games_0_playerGameStats_8_doubleKills,props_pageProps_match_matchInfo_games_0_playerGameStats_8_duoProx,props_pageProps_match_matchInfo_games_0_playerGameStats_8_firstBlood,props_pageProps_match_matchInfo_games_0_playerGameStats_8_gameUrn,props_pageProps_match_matchInfo_games_0_playerGameStats_8_goldAt15m,props_pageProps_match_matchInfo_games_0_playerGameStats_8_goldDiffAt15m,props_pageProps_match_matchInfo_games_0_playerGameStats_8_isoDeaths,props_pageProps_match_matchInfo_games_0_playerGameStats_8_jungleProx,props_pageProps_match_matchInfo_games_0_playerGameStats_8_kills,props_pageProps_match_matchInfo_games_0_playerGameStats_8_minionKills,props_pageProps_match_matchInfo_games_0_playerGameStats_8_neutralMinionKills,props_pageProps_match_matchInfo_games_0_playerGameStats_8_neutralMinionKillsEnemyJungle,props_pageProps_match_matchInfo_games_0_playerGameStats_8_neutralMinionKillsTeamJungle,props_pageProps_match_matchInfo_games_0_playerGameStats_8_numRecalls,props_pageProps_match_matchInfo_games_0_playerGameStats_8_pentaKills,props_pageProps_match_matchInfo_games_0_playerGameStats_8_percInMidLane,props_pageProps_match_matchInfo_games_0_playerGameStats_8_player,props_pageProps_match_matchInfo_games_0_playerGameStats_8_playerPerid,props_pageProps_match_matchInfo_games_0_playerGameStats_8_playerUrn,props_pageProps_match_matchInfo_games_0_playerGameStats_8_quadKills,props_pageProps_match_matchInfo_games_0_playerGameStats_8_role,props_pageProps_match_matchInfo_games_0_playerGameStats_8_side,props_pageProps_match_matchInfo_games_0_playerGameStats_8_soloKills,props_pageProps_match_matchInfo_games_0_playerGameStats_8_team,props_pageProps_match_matchInfo_games_0_playerGameStats_8_teamPerid,props_pageProps_match_matchInfo_games_0_playerGameStats_8_totalDamageTeamfights,props_pageProps_match_matchInfo_games_0_playerGameStats_8_totalGold,props_pageProps_match_matchInfo_games_0_playerGameStats_8_tripleKills,props_pageProps_match_matchInfo_games_0_playerGameStats_8_visionScore,props_pageProps_match_matchInfo_games_0_playerGameStats_8_wardsKilled,props_pageProps_match_matchInfo_games_0_playerGameStats_8_wardsPlaced,props_pageProps_match_matchInfo_games_0_playerGameStats_9___typename,props_pageProps_match_matchInfo_games_0_playerGameStats_9_assists,props_pageProps_match_matchInfo_games_0_playerGameStats_9_avgDamagePerTeamfight,props_pageProps_match_matchInfo_games_0_playerGameStats_9_avgMinsBetweenDeaths,props_pageProps_match_matchInfo_games_0_playerGameStats_9_avgMinsBetweenKills,props_pageProps_match_matchInfo_games_0_playerGameStats_9_bestOf,props_pageProps_match_matchInfo_games_0_playerGameStats_9_champion,props_pageProps_match_matchInfo_games_0_playerGameStats_9_currGame,props_pageProps_match_matchInfo_games_0_playerGameStats_9_deaths,props_pageProps_match_matchInfo_games_0_playerGameStats_9_dmgHealedOnTeamPerMin,props_pageProps_match_matchInfo_games_0_playerGameStats_9_dmgShieldedOnTeamPerMin,props_pageProps_match_matchInfo_games_0_playerGameStats_9_dmgToChampsPerMin,props_pageProps_match_matchInfo_games_0_playerGameStats_9_doubleKills,props_pageProps_match_matchInfo_games_0_playerGameStats_9_duoProx,props_pageProps_match_matchInfo_games_0_playerGameStats_9_firstBlood,props_pageProps_match_matchInfo_games_0_playerGameStats_9_gameUrn,props_pageProps_match_matchInfo_games_0_playerGameStats_9_goldAt15m,props_pageProps_match_matchInfo_games_0_playerGameStats_9_goldDiffAt15m,props_pageProps_match_matchInfo_games_0_playerGameStats_9_isoDeaths,props_pageProps_match_matchInfo_games_0_playerGameStats_9_jungleProx,props_pageProps_match_matchInfo_games_0_playerGameStats_9_kills,props_pageProps_match_matchInfo_games_0_playerGameStats_9_minionKills,props_pageProps_match_matchInfo_games_0_playerGameStats_9_neutralMinionKills,props_pageProps_match_matchInfo_games_0_playerGameStats_9_neutralMinionKillsEnemyJungle,props_pageProps_match_matchInfo_games_0_playerGameStats_9_neutralMinionKillsTeamJungle,props_pageProps_match_matchInfo_games_0_playerGameStats_9_numRecalls,props_pageProps_match_matchInfo_games_0_playerGameStats_9_pentaKills,props_pageProps_match_matchInfo_games_0_playerGameStats_9_percInMidLane,props_pageProps_match_matchInfo_games_0_playerGameStats_9_player,props_pageProps_match_matchInfo_games_0_playerGameStats_9_playerPerid,props_pageProps_match_matchInfo_games_0_playerGameStats_9_playerUrn,props_pageProps_match_matchInfo_games_0_playerGameStats_9_quadKills,props_pageProps_match_matchInfo_games_0_playerGameStats_9_role,props_pageProps_match_matchInfo_games_0_playerGameStats_9_side,props_pageProps_match_matchInfo_games_0_playerGameStats_9_soloKills,props_pageProps_match_matchInfo_games_0_playerGameStats_9_team,props_pageProps_match_matchInfo_games_0_playerGameStats_9_teamPerid,props_pageProps_match_matchInfo_games_0_playerGameStats_9_totalDamageTeamfights,props_pageProps_match_matchInfo_games_0_playerGameStats_9_totalGold,props_pageProps_match_matchInfo_games_0_playerGameStats_9_tripleKills,props_pageProps_match_matchInfo_games_0_playerGameStats_9_visionScore,props_pageProps_match_matchInfo_games_0_playerGameStats_9_wardsKilled,props_pageProps_match_matchInfo_games_0_playerGameStats_9_wardsPlaced,props_pageProps_match_matchInfo_games_0_rb1,props_pageProps_match_matchInfo_games_0_rb2,props_pageProps_match_matchInfo_games_0_rb3,props_pageProps_match_matchInfo_games_0_rb4,props_pageProps_match_matchInfo_games_0_rb5,props_pageProps_match_matchInfo_games_0_region,props_pageProps_match_matchInfo_games_0_rp1,props_pageProps_match_matchInfo_games_0_rp2,props_pageProps_match_matchInfo_games_0_rp3,props_pageProps_match_matchInfo_games_0_rp4,props_pageProps_match_matchInfo_games_0_rp5,props_pageProps_match_matchInfo_games_0_seriesCurr,props_pageProps_match_matchInfo_games_0_seriesMax,props_pageProps_match_matchInfo_games_0_seriesType,props_pageProps_match_matchInfo_games_0_snapshotPlayerStats_0___typename,props_pageProps_match_matchInfo_games_0_snapshotPlayerStats_0_alive,props_pageProps_match_matchInfo_games_0_snapshotPlayerStats_0_assists,props_pageProps_match_matchInfo_games_0_snapshotPlayerStats_0_ccReduction,props_pageProps_match_matchInfo_games_0_snapshotPlayerStats_0_champion,props_pageProps_match_matchInfo_games_0_snapshotPlayerStats_0_champsKilled,props_pageProps_match_matchInfo_games_0_snapshotPlayerStats_0_cooldownReduction,props_pageProps_match_matchInfo_games_0_snapshotPlayerStats_0_currentGold,props_pageProps_match_matchInfo_games_0_snapshotPlayerStats_0_deaths,props_pageProps_match_matchInfo_games_0_snapshotPlayerStats_0_eventDateTime,props_pageProps_match_matchInfo_games_0_snapshotPlayerStats_0_gameOver,props_pageProps_match_matchInfo_games_0_snapshotPlayerStats_0_gameTime,props_pageProps_match_matchInfo_games_0_snapshotPlayerStats_0_goldPerSecond,props_pageProps_match_matchInfo_games_0_snapshotPlayerStats_0_health,props_pageProps_match_matchInfo_games_0_snapshotPlayerStats_0_healthMax,props_pageProps_match_matchInfo_games_0_snapshotPlayerStats_0_item10Id,props_pageProps_match_matchInfo_games_0_snapshotPlayerStats_0_item11Id,props_pageProps_match_matchInfo_games_0_snapshotPlayerStats_0_item1Id,props_pageProps_match_matchInfo_games_0_snapshotPlayerStats_0_item2Id,props_pageProps_match_matchInfo_games_0_snapshotPlayerStats_0_item3Id,props_pageProps_match_matchInfo_games_0_snapshotPlayerStats_0_item4Id,props_pageProps_match_matchInfo_games_0_snapshotPlayerStats_0_item5Id,props_pageProps_match_matchInfo_games_0_snapshotPlayerStats_0_item6Id,props_pageProps_match_matchInfo_games_0_snapshotPlayerStats_0_item7Id,props_pageProps_match_matchInfo_games_0_snapshotPlayerStats_0_item8Id,props_pageProps_match_matchInfo_games_0_snapshotPlayerStats_0_item9Id,props_pageProps_match_matchInfo_games_0_snapshotPlayerStats_0_level,props_pageProps_match_matchInfo_games_0_snapshotPlayerStats_0_lifeSteal,props_pageProps_match_matchInfo_games_0_snapshotPlayerStats_0_minionsKilled,props_pageProps_match_matchInfo_games_0_snapshotPlayerStats_0_neutralMinionsKilled,props_pageProps_match_matchInfo_games_0_snapshotPlayerStats_0_neutralMinionsKilledEnemyJungle,props_pageProps_match_matchInfo_games_0_snapshotPlayerStats_0_neutralMinionsKilledYourJungle,props_pageProps_match_matchInfo_games_0_snapshotPlayerStats_0_paused,props_pageProps_match_matchInfo_games_0_snapshotPlayerStats_0_player,props_pageProps_match_matchInfo_games_0_snapshotPlayerStats_0_playerPerid,props_pageProps_match_matchInfo_games_0_snapshotPlayerStats_0_playerUrn,props_pageProps_match_matchInfo_games_0_snapshotPlayerStats_0_posX,props_pageProps_match_matchInfo_games_0_snapshotPlayerStats_0_posY,props_pageProps_match_matchInfo_games_0_snapshotPlayerStats_0_respawnTimer,props_pageProps_match_matchInfo_games_0_snapshotPlayerStats_0_rune1Id,props_pageProps_match_matchInfo_games_0_snapshotPlayerStats_0_rune2Id,props_pageProps_match_matchInfo_games_0_snapshotPlayerStats_0_rune3Id,props_pageProps_match_matchInfo_games_0_snapshotPlayerStats_0_rune4Id,props_pageProps_match_matchInfo_games_0_snapshotPlayerStats_0_rune5Id,props_pageProps_match_matchInfo_games_0_snapshotPlayerStats_0_rune6Id,props_pageProps_match_matchInfo_games_0_snapshotPlayerStats_0_spellVamp,props_pageProps_match_matchInfo_games_0_snapshotPlayerStats_0_summonerLevel,props_pageProps_match_matchInfo_games_0_snapshotPlayerStats_0_team,props_pageProps_match_matchInfo_games_0_snapshotPlayerStats_0_teamPerid,props_pageProps_match_matchInfo_games_0_snapshotPlayerStats_0_teamUrn,props_pageProps_match_matchInfo_games_0_snapshotPlayerStats_0_totalGold,props_pageProps_match_matchInfo_games_0_snapshotPlayerStats_0_trinket1Id,props_pageProps_match_matchInfo_games_0_snapshotPlayerStats_0_trinket2Id,props_pageProps_match_matchInfo_games_0_snapshotPlayerStats_0_trinket3Id,props_pageProps_match_matchInfo_games_0_snapshotPlayerStats_0_trinket4Id,props_pageProps_match_matchInfo_games_0_snapshotPlayerStats_0_trinket5Id,props_pageProps_match_matchInfo_games_0_snapshotPlayerStats_0_upsertAt,props_pageProps_match_matchInfo_games_0_snapshotPlayerStats_0_visionScore,props_pageProps_match_matchInfo_games_0_snapshotPlayerStats_0_wardsKilled,props_pageProps_match_matchInfo_games_0_snapshotPlayerStats_0_wardsPlaced,props_pageProps_match_matchInfo_games_0_snapshotPlayerStats_0_winningTeam,props_pageProps_match_matchInfo_games_0_snapshotPlayerStats_0_xp,props_pageProps_match_matchInfo_games_0_snapshotPlayerStats_1___typename,props_pageProps_match_matchInfo_games_0_snapshotPlayerStats_1_alive,props_pageProps_match_matchInfo_games_0_snapshotPlayerStats_1_assists,props_pageProps_match_matchInfo_games_0_snapshotPlayerStats_1_ccReduction,props_pageProps_match_matchInfo_games_0_snapshotPlayerStats_1_champion,props_pageProps_match_matchInfo_games_0_snapshotPlayerStats_1_champsKilled,props_pageProps_match_matchInfo_games_0_snapshotPlayerStats_1_cooldownReduction,props_pageProps_match_matchInfo_games_0_snapshotPlayerStats_1_currentGold,props_pageProps_match_matchInfo_games_0_snapshotPlayerStats_1_deaths,props_pageProps_match_matchInfo_games_0_snapshotPlayerStats_1_eventDateTime,props_pageProps_match_matchInfo_games_0_snapshotPlayerStats_1_gameOver,props_pageProps_match_matchInfo_games_0_snapshotPlayerStats_1_gameTime,props_pageProps_match_matchInfo_games_0_snapshotPlayerStats_1_goldPerSecond,props_pageProps_match_matchInfo_games_0_snapshotPlayerStats_1_health,props_pageProps_match_matchInfo_games_0_snapshotPlayerStats_1_healthMax,props_pageProps_match_matchInfo_games_0_snapshotPlayerStats_1_item10Id,props_pageProps_match_matchInfo_games_0_snapshotPlayerStats_1_item11Id,props_pageProps_match_matchInfo_games_0_snapshotPlayerStats_1_item1Id,props_pageProps_match_matchInfo_games_0_snapshotPlayerStats_1_item2Id,props_pageProps_match_matchInfo_games_0_snapshotPlayerStats_1_item3Id,props_pageProps_match_matchInfo_games_0_snapshotPlayerStats_1_item4Id,props_pageProps_match_matchInfo_games_0_snapshotPlayerStats_1_item5Id,props_pageProps_match_matchInfo_games_0_snapshotPlayerStats_1_item6Id,props_pageProps_match_matchInfo_games_0_snapshotPlayerStats_1_item7Id,props_pageProps_match_matchInfo_games_0_snapshotPlayerStats_1_item8Id,props_pageProps_match_matchInfo_games_0_snapshotPlayerStats_1_item9Id,props_pageProps_match_matchInfo_games_0_snapshotPlayerStats_1_level,props_pageProps_match_matchInfo_games_0_snapshotPlayerStats_1_lifeSteal,props_pageProps_match_matchInfo_games_0_snapshotPlayerStats_1_minionsKilled,props_pageProps_match_matchInfo_games_0_snapshotPlayerStats_1_neutralMinionsKilled,props_pageProps_match_matchInfo_games_0_snapshotPlayerStats_1_neutralMinionsKilledEnemyJungle,props_pageProps_match_matchInfo_games_0_snapshotPlayerStats_1_neutralMinionsKilledYourJungle,props_pageProps_match_matchInfo_games_0_snapshotPlayerStats_1_paused,props_pageProps_match_matchInfo_games_0_snapshotPlayerStats_1_player,props_pageProps_match_matchInfo_games_0_snapshotPlayerStats_1_playerPerid,props_pageProps_match_matchInfo_games_0_snapshotPlayerStats_1_playerUrn,props_pageProps_match_matchInfo_games_0_snapshotPlayerStats_1_posX,props_pageProps_match_matchInfo_games_0_snapshotPlayerStats_1_posY,props_pageProps_match_matchInfo_games_0_snapshotPlayerStats_1_respawnTimer,props_pageProps_match_matchInfo_games_0_snapshotPlayerStats_1_rune1Id,props_pageProps_match_matchInfo_games_0_snapshotPlayerStats_1_rune2Id,props_pageProps_match_matchInfo_games_0_snapshotPlayerStats_1_rune3Id,props_pageProps_match_matchInfo_games_0_snapshotPlayerStats_1_rune4Id,props_pageProps_match_matchInfo_games_0_snapshotPlayerStats_1_rune5Id,props_pageProps_match_matchInfo_games_0_snapshotPlayerStats_1_rune6Id,props_pageProps_match_matchInfo_games_0_snapshotPlayerStats_1_spellVamp,props_pageProps_match_matchInfo_games_0_snapshotPlayerStats_1_summonerLevel,props_pageProps_match_matchInfo_games_0_snapshotPlayerStats_1_team,props_pageProps_match_matchInfo_games_0_snapshotPlayerStats_1_teamPerid,props_pageProps_match_matchInfo_games_0_snapshotPlayerStats_1_teamUrn,props_pageProps_match_matchInfo_games_0_snapshotPlayerStats_1_totalGold,props_pageProps_match_matchInfo_games_0_snapshotPlayerStats_1_trinket1Id,props_pageProps_match_matchInfo_games_0_snapshotPlayerStats_1_trinket2Id,props_pageProps_match_matchInfo_games_0_snapshotPlayerStats_1_trinket3Id,props_pageProps_match_matchInfo_games_0_snapshotPlayerStats_1_trinket4Id,props_pageProps_match_matchInfo_games_0_snapshotPlayerStats_1_trinket5Id,props_pageProps_match_matchInfo_games_0_snapshotPlayerStats_1_upsertAt,props_pageProps_match_matchInfo_games_0_snapshotPlayerStats_1_visionScore,props_pageProps_match_matchInfo_games_0_snapshotPlayerStats_1_wardsKilled,props_pageProps_match_matchInfo_games_0_snapshotPlayerStats_1_wardsPlaced,props_pageProps_match_matchInfo_games_0_snapshotPlayerStats_1_winningTeam,props_pageProps_match_matchInfo_games_0_snapshotPlayerStats_1_xp,props_pageProps_match_matchInfo_games_0_snapshotPlayerStats_2___typename,props_pageProps_match_matchInfo_games_0_snapshotPlayerStats_2_alive,props_pageProps_match_matchInfo_games_0_snapshotPlayerStats_2_assists,props_pageProps_match_matchInfo_games_0_snapshotPlayerStats_2_ccReduction,props_pageProps_match_matchInfo_games_0_snapshotPlayerStats_2_champion,props_pageProps_match_matchInfo_games_0_snapshotPlayerStats_2_champsKilled,props_pageProps_match_matchInfo_games_0_snapshotPlayerStats_2_cooldownReduction,props_pageProps_match_matchInfo_games_0_snapshotPlayerStats_2_currentGold,props_pageProps_match_matchInfo_games_0_snapshotPlayerStats_2_deaths,props_pageProps_match_matchInfo_games_0_snapshotPlayerStats_2_eventDateTime,props_pageProps_match_matchInfo_games_0_snapshotPlayerStats_2_gameOver,props_pageProps_match_matchInfo_games_0_snapshotPlayerStats_2_gameTime,props_pageProps_match_matchInfo_games_0_snapshotPlayerStats_2_goldPerSecond,props_pageProps_match_matchInfo_games_0_snapshotPlayerStats_2_health,props_pageProps_match_matchInfo_games_0_snapshotPlayerStats_2_healthMax,props_pageProps_match_matchInfo_games_0_snapshotPlayerStats_2_item10Id,props_pageProps_match_matchInfo_games_0_snapshotPlayerStats_2_item11Id,props_pageProps_match_matchInfo_games_0_snapshotPlayerStats_2_item1Id,props_pageProps_match_matchInfo_games_0_snapshotPlayerStats_2_item2Id,props_pageProps_match_matchInfo_games_0_snapshotPlayerStats_2_item3Id,props_pageProps_match_matchInfo_games_0_snapshotPlayerStats_2_item4Id,props_pageProps_match_matchInfo_games_0_snapshotPlayerStats_2_item5Id,props_pageProps_match_matchInfo_games_0_snapshotPlayerStats_2_item6Id,props_pageProps_match_matchInfo_games_0_snapshotPlayerStats_2_item7Id,props_pageProps_match_matchInfo_games_0_snapshotPlayerStats_2_item8Id,props_pageProps_match_matchInfo_games_0_snapshotPlayerStats_2_item9Id,props_pageProps_match_matchInfo_games_0_snapshotPlayerStats_2_level,props_pageProps_match_matchInfo_games_0_snapshotPlayerStats_2_lifeSteal,props_pageProps_match_matchInfo_games_0_snapshotPlayerStats_2_minionsKilled,props_pageProps_match_matchInfo_games_0_snapshotPlayerStats_2_neutralMinionsKilled,props_pageProps_match_matchInfo_games_0_snapshotPlayerStats_2_neutralMinionsKilledEnemyJungle,props_pageProps_match_matchInfo_games_0_snapshotPlayerStats_2_neutralMinionsKilledYourJungle,props_pageProps_match_matchInfo_games_0_snapshotPlayerStats_2_paused,props_pageProps_match_matchInfo_games_0_snapshotPlayerStats_2_player,props_pageProps_match_matchInfo_games_0_snapshotPlayerStats_2_playerPerid,props_pageProps_match_matchInfo_games_0_snapshotPlayerStats_2_playerUrn,props_pageProps_match_matchInfo_games_0_snapshotPlayerStats_2_posX,props_pageProps_match_matchInfo_games_0_snapshotPlayerStats_2_posY,props_pageProps_match_matchInfo_games_0_snapshotPlayerStats_2_respawnTimer,props_pageProps_match_matchInfo_games_0_snapshotPlayerStats_2_rune1Id,props_pageProps_match_matchInfo_games_0_snapshotPlayerStats_2_rune2Id,props_pageProps_match_matchInfo_games_0_snapshotPlayerStats_2_rune3Id,props_pageProps_match_matchInfo_games_0_snapshotPlayerStats_2_rune4Id,props_pageProps_match_matchInfo_games_0_snapshotPlayerStats_2_rune5Id,props_pageProps_match_matchInfo_games_0_snapshotPlayerStats_2_rune6Id,props_pageProps_match_matchInfo_games_0_snapshotPlayerStats_2_spellVamp,props_pageProps_match_matchInfo_games_0_snapshotPlayerStats_2_summonerLevel,props_pageProps_match_matchInfo_games_0_snapshotPlayerStats_2_team,props_pageProps_match_matchInfo_games_0_snapshotPlayerStats_2_teamPerid,props_pageProps_match_matchInfo_games_0_snapshotPlayerStats_2_teamUrn,props_pageProps_match_matchInfo_games_0_snapshotPlayerStats_2_totalGold,props_pageProps_match_matchInfo_games_0_snapshotPlayerStats_2_trinket1Id,props_pageProps_match_matchInfo_games_0_snapshotPlayerStats_2_trinket2Id,props_pageProps_match_matchInfo_games_0_snapshotPlayerStats_2_trinket3Id,props_pageProps_match_matchInfo_games_0_snapshotPlayerStats_2_trinket4Id,props_pageProps_match_matchInfo_games_0_snapshotPlayerStats_2_trinket5Id,props_pageProps_match_matchInfo_games_0_snapshotPlayerStats_2_upsertAt,props_pageProps_match_matchInfo_games_0_snapshotPlayerStats_2_visionScore,props_pageProps_match_matchInfo_games_0_snapshotPlayerStats_2_wardsKilled,props_pageProps_match_matchInfo_games_0_snapshotPlayerStats_2_wardsPlaced,props_pageProps_match_matchInfo_games_0_snapshotPlayerStats_2_winningTeam,props_pageProps_match_matchInfo_games_0_snapshotPlayerStats_2_xp,props_pageProps_match_matchInfo_games_0_snapshotPlayerStats_3___typename,props_pageProps_match_matchInfo_games_0_snapshotPlayerStats_3_alive,props_pageProps_match_matchInfo_games_0_snapshotPlayerStats_3_assists,props_pageProps_match_matchInfo_games_0_snapshotPlayerStats_3_ccReduction,props_pageProps_match_matchInfo_games_0_snapshotPlayerStats_3_champion,props_pageProps_match_matchInfo_games_0_snapshotPlayerStats_3_champsKilled,props_pageProps_match_matchInfo_games_0_snapshotPlayerStats_3_cooldownReduction,props_pageProps_match_matchInfo_games_0_snapshotPlayerStats_3_currentGold,props_pageProps_match_matchInfo_games_0_snapshotPlayerStats_3_deaths,props_pageProps_match_matchInfo_games_0_snapshotPlayerStats_3_eventDateTime,props_pageProps_match_matchInfo_games_0_snapshotPlayerStats_3_gameOver,props_pageProps_match_matchInfo_games_0_snapshotPlayerStats_3_gameTime,props_pageProps_match_matchInfo_games_0_snapshotPlayerStats_3_goldPerSecond,props_pageProps_match_matchInfo_games_0_snapshotPlayerStats_3_health,props_pageProps_match_matchInfo_games_0_snapshotPlayerStats_3_healthMax,props_pageProps_match_matchInfo_games_0_snapshotPlayerStats_3_item10Id,props_pageProps_match_matchInfo_games_0_snapshotPlayerStats_3_item11Id,props_pageProps_match_matchInfo_games_0_snapshotPlayerStats_3_item1Id,props_pageProps_match_matchInfo_games_0_snapshotPlayerStats_3_item2Id,props_pageProps_match_matchInfo_games_0_snapshotPlayerStats_3_item3Id,props_pageProps_match_matchInfo_games_0_snapshotPlayerStats_3_item4Id,props_pageProps_match_matchInfo_games_0_snapshotPlayerStats_3_item5Id,props_pageProps_match_matchInfo_games_0_snapshotPlayerStats_3_item6Id,props_pageProps_match_matchInfo_games_0_snapshotPlayerStats_3_item7Id,props_pageProps_match_matchInfo_games_0_snapshotPlayerStats_3_item8Id,props_pageProps_match_matchInfo_games_0_snapshotPlayerStats_3_item9Id,props_pageProps_match_matchInfo_games_0_snapshotPlayerStats_3_level,props_pageProps_match_matchInfo_games_0_snapshotPlayerStats_3_lifeSteal,props_pageProps_match_matchInfo_games_0_snapshotPlayerStats_3_minionsKilled,props_pageProps_match_matchInfo_games_0_snapshotPlayerStats_3_neutralMinionsKilled,props_pageProps_match_matchInfo_games_0_snapshotPlayerStats_3_neutralMinionsKilledEnemyJungle,props_pageProps_match_matchInfo_games_0_snapshotPlayerStats_3_neutralMinionsKilledYourJungle,props_pageProps_match_matchInfo_games_0_snapshotPlayerStats_3_paused,props_pageProps_match_matchInfo_games_0_snapshotPlayerStats_3_player,props_pageProps_match_matchInfo_games_0_snapshotPlayerStats_3_playerPerid,props_pageProps_match_matchInfo_games_0_snapshotPlayerStats_3_playerUrn,props_pageProps_match_matchInfo_games_0_snapshotPlayerStats_3_posX,props_pageProps_match_matchInfo_games_0_snapshotPlayerStats_3_posY,props_pageProps_match_matchInfo_games_0_snapshotPlayerStats_3_respawnTimer,props_pageProps_match_matchInfo_games_0_snapshotPlayerStats_3_rune1Id,props_pageProps_match_matchInfo_games_0_snapshotPlayerStats_3_rune2Id,props_pageProps_match_matchInfo_games_0_snapshotPlayerStats_3_rune3Id,props_pageProps_match_matchInfo_games_0_snapshotPlayerStats_3_rune4Id,props_pageProps_match_matchInfo_games_0_snapshotPlayerStats_3_rune5Id,props_pageProps_match_matchInfo_games_0_snapshotPlayerStats_3_rune6Id,props_pageProps_match_matchInfo_games_0_snapshotPlayerStats_3_spellVamp,props_pageProps_match_matchInfo_games_0_snapshotPlayerStats_3_summonerLevel,props_pageProps_match_matchInfo_games_0_snapshotPlayerStats_3_team,props_pageProps_match_matchInfo_games_0_snapshotPlayerStats_3_teamPerid,props_pageProps_match_matchInfo_games_0_snapshotPlayerStats_3_teamUrn,props_pageProps_match_matchInfo_games_0_snapshotPlayerStats_3_totalGold,props_pageProps_match_matchInfo_games_0_snapshotPlayerStats_3_trinket1Id,props_pageProps_match_matchInfo_games_0_snapshotPlayerStats_3_trinket2Id,props_pageProps_match_matchInfo_games_0_snapshotPlayerStats_3_trinket3Id,props_pageProps_match_matchInfo_games_0_snapshotPlayerStats_3_trinket4Id,props_pageProps_match_matchInfo_games_0_snapshotPlayerStats_3_trinket5Id,props_pageProps_match_matchInfo_games_0_snapshotPlayerStats_3_upsertAt,props_pageProps_match_matchInfo_games_0_snapshotPlayerStats_3_visionScore,props_pageProps_match_matchInfo_games_0_snapshotPlayerStats_3_wardsKilled,props_pageProps_match_matchInfo_games_0_snapshotPlayerStats_3_wardsPlaced,props_pageProps_match_matchInfo_games_0_snapshotPlayerStats_3_winningTeam,props_pageProps_match_matchInfo_games_0_snapshotPlayerStats_3_xp,props_pageProps_match_matchInfo_games_0_snapshotPlayerStats_4___typename,props_pageProps_match_matchInfo_games_0_snapshotPlayerStats_4_alive,props_pageProps_match_matchInfo_games_0_snapshotPlayerStats_4_assists,props_pageProps_match_matchInfo_games_0_snapshotPlayerStats_4_ccReduction,props_pageProps_match_matchInfo_games_0_snapshotPlayerStats_4_champion,props_pageProps_match_matchInfo_games_0_snapshotPlayerStats_4_champsKilled,props_pageProps_match_matchInfo_games_0_snapshotPlayerStats_4_cooldownReduction,props_pageProps_match_matchInfo_games_0_snapshotPlayerStats_4_currentGold,props_pageProps_match_matchInfo_games_0_snapshotPlayerStats_4_deaths,props_pageProps_match_matchInfo_games_0_snapshotPlayerStats_4_eventDateTime,props_pageProps_match_matchInfo_games_0_snapshotPlayerStats_4_gameOver,props_pageProps_match_matchInfo_games_0_snapshotPlayerStats_4_gameTime,props_pageProps_match_matchInfo_games_0_snapshotPlayerStats_4_goldPerSecond,props_pageProps_match_matchInfo_games_0_snapshotPlayerStats_4_health,props_pageProps_match_matchInfo_games_0_snapshotPlayerStats_4_healthMax,props_pageProps_match_matchInfo_games_0_snapshotPlayerStats_4_item10Id,props_pageProps_match_matchInfo_games_0_snapshotPlayerStats_4_item11Id,props_pageProps_match_matchInfo_games_0_snapshotPlayerStats_4_item1Id,props_pageProps_match_matchInfo_games_0_snapshotPlayerStats_4_item2Id,props_pageProps_match_matchInfo_games_0_snapshotPlayerStats_4_item3Id,props_pageProps_match_matchInfo_games_0_snapshotPlayerStats_4_item4Id,props_pageProps_match_matchInfo_games_0_snapshotPlayerStats_4_item5Id,props_pageProps_match_matchInfo_games_0_snapshotPlayerStats_4_item6Id,props_pageProps_match_matchInfo_games_0_snapshotPlayerStats_4_item7Id,props_pageProps_match_matchInfo_games_0_snapshotPlayerStats_4_item8Id,props_pageProps_match_matchInfo_games_0_snapshotPlayerStats_4_item9Id,props_pageProps_match_matchInfo_games_0_snapshotPlayerStats_4_level,props_pageProps_match_matchInfo_games_0_snapshotPlayerStats_4_lifeSteal,props_pageProps_match_matchInfo_games_0_snapshotPlayerStats_4_minionsKilled,props_pageProps_match_matchInfo_games_0_snapshotPlayerStats_4_neutralMinionsKilled,props_pageProps_match_matchInfo_games_0_snapshotPlayerStats_4_neutralMinionsKilledEnemyJungle,props_pageProps_match_matchInfo_games_0_snapshotPlayerStats_4_neutralMinionsKilledYourJungle,props_pageProps_match_matchInfo_games_0_snapshotPlayerStats_4_paused,props_pageProps_match_matchInfo_games_0_snapshotPlayerStats_4_player,props_pageProps_match_matchInfo_games_0_snapshotPlayerStats_4_playerPerid,props_pageProps_match_matchInfo_games_0_snapshotPlayerStats_4_playerUrn,props_pageProps_match_matchInfo_games_0_snapshotPlayerStats_4_posX,props_pageProps_match_matchInfo_games_0_snapshotPlayerStats_4_posY,props_pageProps_match_matchInfo_games_0_snapshotPlayerStats_4_respawnTimer,props_pageProps_match_matchInfo_games_0_snapshotPlayerStats_4_rune1Id,props_pageProps_match_matchInfo_games_0_snapshotPlayerStats_4_rune2Id,props_pageProps_match_matchInfo_games_0_snapshotPlayerStats_4_rune3Id,props_pageProps_match_matchInfo_games_0_snapshotPlayerStats_4_rune4Id,props_pageProps_match_matchInfo_games_0_snapshotPlayerStats_4_rune5Id,props_pageProps_match_matchInfo_games_0_snapshotPlayerStats_4_rune6Id,props_pageProps_match_matchInfo_games_0_snapshotPlayerStats_4_spellVamp,props_pageProps_match_matchInfo_games_0_snapshotPlayerStats_4_summonerLevel,props_pageProps_match_matchInfo_games_0_snapshotPlayerStats_4_team,props_pageProps_match_matchInfo_games_0_snapshotPlayerStats_4_teamPerid,props_pageProps_match_matchInfo_games_0_snapshotPlayerStats_4_teamUrn,props_pageProps_match_matchInfo_games_0_snapshotPlayerStats_4_totalGold,props_pageProps_match_matchInfo_games_0_snapshotPlayerStats_4_trinket1Id,props_pageProps_match_matchInfo_games_0_snapshotPlayerStats_4_trinket2Id,props_pageProps_match_matchInfo_games_0_snapshotPlayerStats_4_trinket3Id,props_pageProps_match_matchInfo_games_0_snapshotPlayerStats_4_trinket4Id,props_pageProps_match_matchInfo_games_0_snapshotPlayerStats_4_trinket5Id,props_pageProps_match_matchInfo_games_0_snapshotPlayerStats_4_upsertAt,props_pageProps_match_matchInfo_games_0_snapshotPlayerStats_4_visionScore,props_pageProps_match_matchInfo_games_0_snapshotPlayerStats_4_wardsKilled,props_pageProps_match_matchInfo_games_0_snapshotPlayerStats_4_wardsPlaced,props_pageProps_match_matchInfo_games_0_snapshotPlayerStats_4_winningTeam,props_pageProps_match_matchInfo_games_0_snapshotPlayerStats_4_xp,props_pageProps_match_matchInfo_games_0_snapshotPlayerStats_5___typename,props_pageProps_match_matchInfo_games_0_snapshotPlayerStats_5_alive,props_pageProps_match_matchInfo_games_0_snapshotPlayerStats_5_assists,props_pageProps_match_matchInfo_games_0_snapshotPlayerStats_5_ccReduction,props_pageProps_match_matchInfo_games_0_snapshotPlayerStats_5_champion,props_pageProps_match_matchInfo_games_0_snapshotPlayerStats_5_champsKilled,props_pageProps_match_matchInfo_games_0_snapshotPlayerStats_5_cooldownReduction,props_pageProps_match_matchInfo_games_0_snapshotPlayerStats_5_currentGold,props_pageProps_match_matchInfo_games_0_snapshotPlayerStats_5_deaths,props_pageProps_match_matchInfo_games_0_snapshotPlayerStats_5_eventDateTime,props_pageProps_match_matchInfo_games_0_snapshotPlayerStats_5_gameOver,props_pageProps_match_matchInfo_games_0_snapshotPlayerStats_5_gameTime,props_pageProps_match_matchInfo_games_0_snapshotPlayerStats_5_goldPerSecond,props_pageProps_match_matchInfo_games_0_snapshotPlayerStats_5_health,props_pageProps_match_matchInfo_games_0_snapshotPlayerStats_5_healthMax,props_pageProps_match_matchInfo_games_0_snapshotPlayerStats_5_item10Id,props_pageProps_match_matchInfo_games_0_snapshotPlayerStats_5_item11Id,props_pageProps_match_matchInfo_games_0_snapshotPlayerStats_5_item1Id,props_pageProps_match_matchInfo_games_0_snapshotPlayerStats_5_item2Id,props_pageProps_match_matchInfo_games_0_snapshotPlayerStats_5_item3Id,props_pageProps_match_matchInfo_games_0_snapshotPlayerStats_5_item4Id,props_pageProps_match_matchInfo_games_0_snapshotPlayerStats_5_item5Id,props_pageProps_match_matchInfo_games_0_snapshotPlayerStats_5_item6Id,props_pageProps_match_matchInfo_games_0_snapshotPlayerStats_5_item7Id,props_pageProps_match_matchInfo_games_0_snapshotPlayerStats_5_item8Id,props_pageProps_match_matchInfo_games_0_snapshotPlayerStats_5_item9Id,props_pageProps_match_matchInfo_games_0_snapshotPlayerStats_5_level,props_pageProps_match_matchInfo_games_0_snapshotPlayerStats_5_lifeSteal,props_pageProps_match_matchInfo_games_0_snapshotPlayerStats_5_minionsKilled,props_pageProps_match_matchInfo_games_0_snapshotPlayerStats_5_neutralMinionsKilled,props_pageProps_match_matchInfo_games_0_snapshotPlayerStats_5_neutralMinionsKilledEnemyJungle,props_pageProps_match_matchInfo_games_0_snapshotPlayerStats_5_neutralMinionsKilledYourJungle,props_pageProps_match_matchInfo_games_0_snapshotPlayerStats_5_paused,props_pageProps_match_matchInfo_games_0_snapshotPlayerStats_5_player,props_pageProps_match_matchInfo_games_0_snapshotPlayerStats_5_playerPerid,props_pageProps_match_matchInfo_games_0_snapshotPlayerStats_5_playerUrn,props_pageProps_match_matchInfo_games_0_snapshotPlayerStats_5_posX,props_pageProps_match_matchInfo_games_0_snapshotPlayerStats_5_posY,props_pageProps_match_matchInfo_games_0_snapshotPlayerStats_5_respawnTimer,props_pageProps_match_matchInfo_games_0_snapshotPlayerStats_5_rune1Id,props_pageProps_match_matchInfo_games_0_snapshotPlayerStats_5_rune2Id,props_pageProps_match_matchInfo_games_0_snapshotPlayerStats_5_rune3Id,props_pageProps_match_matchInfo_games_0_snapshotPlayerStats_5_rune4Id,props_pageProps_match_matchInfo_games_0_snapshotPlayerStats_5_rune5Id,props_pageProps_match_matchInfo_games_0_snapshotPlayerStats_5_rune6Id,props_pageProps_match_matchInfo_games_0_snapshotPlayerStats_5_spellVamp,props_pageProps_match_matchInfo_games_0_snapshotPlayerStats_5_summonerLevel,props_pageProps_match_matchInfo_games_0_snapshotPlayerStats_5_team,props_pageProps_match_matchInfo_games_0_snapshotPlayerStats_5_teamPerid,props_pageProps_match_matchInfo_games_0_snapshotPlayerStats_5_teamUrn,props_pageProps_match_matchInfo_games_0_snapshotPlayerStats_5_totalGold,props_pageProps_match_matchInfo_games_0_snapshotPlayerStats_5_trinket1Id,props_pageProps_match_matchInfo_games_0_snapshotPlayerStats_5_trinket2Id,props_pageProps_match_matchInfo_games_0_snapshotPlayerStats_5_trinket3Id,props_pageProps_match_matchInfo_games_0_snapshotPlayerStats_5_trinket4Id,props_pageProps_match_matchInfo_games_0_snapshotPlayerStats_5_trinket5Id,props_pageProps_match_matchInfo_games_0_snapshotPlayerStats_5_upsertAt,props_pageProps_match_matchInfo_games_0_snapshotPlayerStats_5_visionScore,props_pageProps_match_matchInfo_games_0_snapshotPlayerStats_5_wardsKilled,props_pageProps_match_matchInfo_games_0_snapshotPlayerStats_5_wardsPlaced,props_pageProps_match_matchInfo_games_0_snapshotPlayerStats_5_winningTeam,props_pageProps_match_matchInfo_games_0_snapshotPlayerStats_5_xp,props_pageProps_match_matchInfo_games_0_snapshotPlayerStats_6___typename,props_pageProps_match_matchInfo_games_0_snapshotPlayerStats_6_alive,props_pageProps_match_matchInfo_games_0_snapshotPlayerStats_6_assists,props_pageProps_match_matchInfo_games_0_snapshotPlayerStats_6_ccReduction,props_pageProps_match_matchInfo_games_0_snapshotPlayerStats_6_champion,props_pageProps_match_matchInfo_games_0_snapshotPlayerStats_6_champsKilled,props_pageProps_match_matchInfo_games_0_snapshotPlayerStats_6_cooldownReduction,props_pageProps_match_matchInfo_games_0_snapshotPlayerStats_6_currentGold,props_pageProps_match_matchInfo_games_0_snapshotPlayerStats_6_deaths,props_pageProps_match_matchInfo_games_0_snapshotPlayerStats_6_eventDateTime,props_pageProps_match_matchInfo_games_0_snapshotPlayerStats_6_gameOver,props_pageProps_match_matchInfo_games_0_snapshotPlayerStats_6_gameTime,props_pageProps_match_matchInfo_games_0_snapshotPlayerStats_6_goldPerSecond,props_pageProps_match_matchInfo_games_0_snapshotPlayerStats_6_health,props_pageProps_match_matchInfo_games_0_snapshotPlayerStats_6_healthMax,props_pageProps_match_matchInfo_games_0_snapshotPlayerStats_6_item10Id,props_pageProps_match_matchInfo_games_0_snapshotPlayerStats_6_item11Id,props_pageProps_match_matchInfo_games_0_snapshotPlayerStats_6_item1Id,props_pageProps_match_matchInfo_games_0_snapshotPlayerStats_6_item2Id,props_pageProps_match_matchInfo_games_0_snapshotPlayerStats_6_item3Id,props_pageProps_match_matchInfo_games_0_snapshotPlayerStats_6_item4Id,props_pageProps_match_matchInfo_games_0_snapshotPlayerStats_6_item5Id,props_pageProps_match_matchInfo_games_0_snapshotPlayerStats_6_item6Id,props_pageProps_match_matchInfo_games_0_snapshotPlayerStats_6_item7Id,props_pageProps_match_matchInfo_games_0_snapshotPlayerStats_6_item8Id,props_pageProps_match_matchInfo_games_0_snapshotPlayerStats_6_item9Id,props_pageProps_match_matchInfo_games_0_snapshotPlayerStats_6_level,props_pageProps_match_matchInfo_games_0_snapshotPlayerStats_6_lifeSteal,props_pageProps_match_matchInfo_games_0_snapshotPlayerStats_6_minionsKilled,props_pageProps_match_matchInfo_games_0_snapshotPlayerStats_6_neutralMinionsKilled,props_pageProps_match_matchInfo_games_0_snapshotPlayerStats_6_neutralMinionsKilledEnemyJungle,props_pageProps_match_matchInfo_games_0_snapshotPlayerStats_6_neutralMinionsKilledYourJungle,props_pageProps_match_matchInfo_games_0_snapshotPlayerStats_6_paused,props_pageProps_match_matchInfo_games_0_snapshotPlayerStats_6_player,props_pageProps_match_matchInfo_games_0_snapshotPlayerStats_6_playerPerid,props_pageProps_match_matchInfo_games_0_snapshotPlayerStats_6_playerUrn,props_pageProps_match_matchInfo_games_0_snapshotPlayerStats_6_posX,props_pageProps_match_matchInfo_games_0_snapshotPlayerStats_6_posY,props_pageProps_match_matchInfo_games_0_snapshotPlayerStats_6_respawnTimer,props_pageProps_match_matchInfo_games_0_snapshotPlayerStats_6_rune1Id,props_pageProps_match_matchInfo_games_0_snapshotPlayerStats_6_rune2Id,props_pageProps_match_matchInfo_games_0_snapshotPlayerStats_6_rune3Id,props_pageProps_match_matchInfo_games_0_snapshotPlayerStats_6_rune4Id,props_pageProps_match_matchInfo_games_0_snapshotPlayerStats_6_rune5Id,props_pageProps_match_matchInfo_games_0_snapshotPlayerStats_6_rune6Id,props_pageProps_match_matchInfo_games_0_snapshotPlayerStats_6_spellVamp,props_pageProps_match_matchInfo_games_0_snapshotPlayerStats_6_summonerLevel,props_pageProps_match_matchInfo_games_0_snapshotPlayerStats_6_team,props_pageProps_match_matchInfo_games_0_snapshotPlayerStats_6_teamPerid,props_pageProps_match_matchInfo_games_0_snapshotPlayerStats_6_teamUrn,props_pageProps_match_matchInfo_games_0_snapshotPlayerStats_6_totalGold,props_pageProps_match_matchInfo_games_0_snapshotPlayerStats_6_trinket1Id,props_pageProps_match_matchInfo_games_0_snapshotPlayerStats_6_trinket2Id,props_pageProps_match_matchInfo_games_0_snapshotPlayerStats_6_trinket3Id,props_pageProps_match_matchInfo_games_0_snapshotPlayerStats_6_trinket4Id,props_pageProps_match_matchInfo_games_0_snapshotPlayerStats_6_trinket5Id,props_pageProps_match_matchInfo_games_0_snapshotPlayerStats_6_upsertAt,props_pageProps_match_matchInfo_games_0_snapshotPlayerStats_6_visionScore,props_pageProps_match_matchInfo_games_0_snapshotPlayerStats_6_wardsKilled,props_pageProps_match_matchInfo_games_0_snapshotPlayerStats_6_wardsPlaced,props_pageProps_match_matchInfo_games_0_snapshotPlayerStats_6_winningTeam,props_pageProps_match_matchInfo_games_0_snapshotPlayerStats_6_xp,props_pageProps_match_matchInfo_games_0_snapshotPlayerStats_7___typename,props_pageProps_match_matchInfo_games_0_snapshotPlayerStats_7_alive,props_pageProps_match_matchInfo_games_0_snapshotPlayerStats_7_assists,props_pageProps_match_matchInfo_games_0_snapshotPlayerStats_7_ccReduction,props_pageProps_match_matchInfo_games_0_snapshotPlayerStats_7_champion,props_pageProps_match_matchInfo_games_0_snapshotPlayerStats_7_champsKilled,props_pageProps_match_matchInfo_games_0_snapshotPlayerStats_7_cooldownReduction,props_pageProps_match_matchInfo_games_0_snapshotPlayerStats_7_currentGold,props_pageProps_match_matchInfo_games_0_snapshotPlayerStats_7_deaths,props_pageProps_match_matchInfo_games_0_snapshotPlayerStats_7_eventDateTime,props_pageProps_match_matchInfo_games_0_snapshotPlayerStats_7_gameOver,props_pageProps_match_matchInfo_games_0_snapshotPlayerStats_7_gameTime,props_pageProps_match_matchInfo_games_0_snapshotPlayerStats_7_goldPerSecond,props_pageProps_match_matchInfo_games_0_snapshotPlayerStats_7_health,props_pageProps_match_matchInfo_games_0_snapshotPlayerStats_7_healthMax,props_pageProps_match_matchInfo_games_0_snapshotPlayerStats_7_item10Id,props_pageProps_match_matchInfo_games_0_snapshotPlayerStats_7_item11Id,props_pageProps_match_matchInfo_games_0_snapshotPlayerStats_7_item1Id,props_pageProps_match_matchInfo_games_0_snapshotPlayerStats_7_item2Id,props_pageProps_match_matchInfo_games_0_snapshotPlayerStats_7_item3Id,props_pageProps_match_matchInfo_games_0_snapshotPlayerStats_7_item4Id,props_pageProps_match_matchInfo_games_0_snapshotPlayerStats_7_item5Id,props_pageProps_match_matchInfo_games_0_snapshotPlayerStats_7_item6Id,props_pageProps_match_matchInfo_games_0_snapshotPlayerStats_7_item7Id,props_pageProps_match_matchInfo_games_0_snapshotPlayerStats_7_item8Id,props_pageProps_match_matchInfo_games_0_snapshotPlayerStats_7_item9Id,props_pageProps_match_matchInfo_games_0_snapshotPlayerStats_7_level,props_pageProps_match_matchInfo_games_0_snapshotPlayerStats_7_lifeSteal,props_pageProps_match_matchInfo_games_0_snapshotPlayerStats_7_minionsKilled,props_pageProps_match_matchInfo_games_0_snapshotPlayerStats_7_neutralMinionsKilled,props_pageProps_match_matchInfo_games_0_snapshotPlayerStats_7_neutralMinionsKilledEnemyJungle,props_pageProps_match_matchInfo_games_0_snapshotPlayerStats_7_neutralMinionsKilledYourJungle,props_pageProps_match_matchInfo_games_0_snapshotPlayerStats_7_paused,props_pageProps_match_matchInfo_games_0_snapshotPlayerStats_7_player,props_pageProps_match_matchInfo_games_0_snapshotPlayerStats_7_playerPerid,props_pageProps_match_matchInfo_games_0_snapshotPlayerStats_7_playerUrn,props_pageProps_match_matchInfo_games_0_snapshotPlayerStats_7_posX,props_pageProps_match_matchInfo_games_0_snapshotPlayerStats_7_posY,props_pageProps_match_matchInfo_games_0_snapshotPlayerStats_7_respawnTimer,props_pageProps_match_matchInfo_games_0_snapshotPlayerStats_7_rune1Id,props_pageProps_match_matchInfo_games_0_snapshotPlayerStats_7_rune2Id,props_pageProps_match_matchInfo_games_0_snapshotPlayerStats_7_rune3Id,props_pageProps_match_matchInfo_games_0_snapshotPlayerStats_7_rune4Id,props_pageProps_match_matchInfo_games_0_snapshotPlayerStats_7_rune5Id,props_pageProps_match_matchInfo_games_0_snapshotPlayerStats_7_rune6Id,props_pageProps_match_matchInfo_games_0_snapshotPlayerStats_7_spellVamp,props_pageProps_match_matchInfo_games_0_snapshotPlayerStats_7_summonerLevel,props_pageProps_match_matchInfo_games_0_snapshotPlayerStats_7_team,props_pageProps_match_matchInfo_games_0_snapshotPlayerStats_7_teamPerid,props_pageProps_match_matchInfo_games_0_snapshotPlayerStats_7_teamUrn,props_pageProps_match_matchInfo_games_0_snapshotPlayerStats_7_totalGold,props_pageProps_match_matchInfo_games_0_snapshotPlayerStats_7_trinket1Id,props_pageProps_match_matchInfo_games_0_snapshotPlayerStats_7_trinket2Id,props_pageProps_match_matchInfo_games_0_snapshotPlayerStats_7_trinket3Id,props_pageProps_match_matchInfo_games_0_snapshotPlayerStats_7_trinket4Id,props_pageProps_match_matchInfo_games_0_snapshotPlayerStats_7_trinket5Id,props_pageProps_match_matchInfo_games_0_snapshotPlayerStats_7_upsertAt,props_pageProps_match_matchInfo_games_0_snapshotPlayerStats_7_visionScore,props_pageProps_match_matchInfo_games_0_snapshotPlayerStats_7_wardsKilled,props_pageProps_match_matchInfo_games_0_snapshotPlayerStats_7_wardsPlaced,props_pageProps_match_matchInfo_games_0_snapshotPlayerStats_7_winningTeam,props_pageProps_match_matchInfo_games_0_snapshotPlayerStats_7_xp,props_pageProps_match_matchInfo_games_0_snapshotPlayerStats_8___typename,props_pageProps_match_matchInfo_games_0_snapshotPlayerStats_8_alive,props_pageProps_match_matchInfo_games_0_snapshotPlayerStats_8_assists,props_pageProps_match_matchInfo_games_0_snapshotPlayerStats_8_ccReduction,props_pageProps_match_matchInfo_games_0_snapshotPlayerStats_8_champion,props_pageProps_match_matchInfo_games_0_snapshotPlayerStats_8_champsKilled,props_pageProps_match_matchInfo_games_0_snapshotPlayerStats_8_cooldownReduction,props_pageProps_match_matchInfo_games_0_snapshotPlayerStats_8_currentGold,props_pageProps_match_matchInfo_games_0_snapshotPlayerStats_8_deaths,props_pageProps_match_matchInfo_games_0_snapshotPlayerStats_8_eventDateTime,props_pageProps_match_matchInfo_games_0_snapshotPlayerStats_8_gameOver,props_pageProps_match_matchInfo_games_0_snapshotPlayerStats_8_gameTime,props_pageProps_match_matchInfo_games_0_snapshotPlayerStats_8_goldPerSecond,props_pageProps_match_matchInfo_games_0_snapshotPlayerStats_8_health,props_pageProps_match_matchInfo_games_0_snapshotPlayerStats_8_healthMax,props_pageProps_match_matchInfo_games_0_snapshotPlayerStats_8_item10Id,props_pageProps_match_matchInfo_games_0_snapshotPlayerStats_8_item11Id,props_pageProps_match_matchInfo_games_0_snapshotPlayerStats_8_item1Id,props_pageProps_match_matchInfo_games_0_snapshotPlayerStats_8_item2Id,props_pageProps_match_matchInfo_games_0_snapshotPlayerStats_8_item3Id,props_pageProps_match_matchInfo_games_0_snapshotPlayerStats_8_item4Id,props_pageProps_match_matchInfo_games_0_snapshotPlayerStats_8_item5Id,props_pageProps_match_matchInfo_games_0_snapshotPlayerStats_8_item6Id,props_pageProps_match_matchInfo_games_0_snapshotPlayerStats_8_item7Id,props_pageProps_match_matchInfo_games_0_snapshotPlayerStats_8_item8Id,props_pageProps_match_matchInfo_games_0_snapshotPlayerStats_8_item9Id,props_pageProps_match_matchInfo_games_0_snapshotPlayerStats_8_level,props_pageProps_match_matchInfo_games_0_snapshotPlayerStats_8_lifeSteal,props_pageProps_match_matchInfo_games_0_snapshotPlayerStats_8_minionsKilled,props_pageProps_match_matchInfo_games_0_snapshotPlayerStats_8_neutralMinionsKilled,props_pageProps_match_matchInfo_games_0_snapshotPlayerStats_8_neutralMinionsKilledEnemyJungle,props_pageProps_match_matchInfo_games_0_snapshotPlayerStats_8_neutralMinionsKilledYourJungle,props_pageProps_match_matchInfo_games_0_snapshotPlayerStats_8_paused,props_pageProps_match_matchInfo_games_0_snapshotPlayerStats_8_player,props_pageProps_match_matchInfo_games_0_snapshotPlayerStats_8_playerPerid,props_pageProps_match_matchInfo_games_0_snapshotPlayerStats_8_playerUrn,props_pageProps_match_matchInfo_games_0_snapshotPlayerStats_8_posX,props_pageProps_match_matchInfo_games_0_snapshotPlayerStats_8_posY,props_pageProps_match_matchInfo_games_0_snapshotPlayerStats_8_respawnTimer,props_pageProps_match_matchInfo_games_0_snapshotPlayerStats_8_rune1Id,props_pageProps_match_matchInfo_games_0_snapshotPlayerStats_8_rune2Id,props_pageProps_match_matchInfo_games_0_snapshotPlayerStats_8_rune3Id,props_pageProps_match_matchInfo_games_0_snapshotPlayerStats_8_rune4Id,props_pageProps_match_matchInfo_games_0_snapshotPlayerStats_8_rune5Id,props_pageProps_match_matchInfo_games_0_snapshotPlayerStats_8_rune6Id,props_pageProps_match_matchInfo_games_0_snapshotPlayerStats_8_spellVamp,props_pageProps_match_matchInfo_games_0_snapshotPlayerStats_8_summonerLevel,props_pageProps_match_matchInfo_games_0_snapshotPlayerStats_8_team,props_pageProps_match_matchInfo_games_0_snapshotPlayerStats_8_teamPerid,props_pageProps_match_matchInfo_games_0_snapshotPlayerStats_8_teamUrn,props_pageProps_match_matchInfo_games_0_snapshotPlayerStats_8_totalGold,props_pageProps_match_matchInfo_games_0_snapshotPlayerStats_8_trinket1Id,props_pageProps_match_matchInfo_games_0_snapshotPlayerStats_8_trinket2Id,props_pageProps_match_matchInfo_games_0_snapshotPlayerStats_8_trinket3Id,props_pageProps_match_matchInfo_games_0_snapshotPlayerStats_8_trinket4Id,props_pageProps_match_matchInfo_games_0_snapshotPlayerStats_8_trinket5Id,props_pageProps_match_matchInfo_games_0_snapshotPlayerStats_8_upsertAt,props_pageProps_match_matchInfo_games_0_snapshotPlayerStats_8_visionScore,props_pageProps_match_matchInfo_games_0_snapshotPlayerStats_8_wardsKilled,props_pageProps_match_matchInfo_games_0_snapshotPlayerStats_8_wardsPlaced,props_pageProps_match_matchInfo_games_0_snapshotPlayerStats_8_winningTeam,props_pageProps_match_matchInfo_games_0_snapshotPlayerStats_8_xp,props_pageProps_match_matchInfo_games_0_snapshotPlayerStats_9___typename,props_pageProps_match_matchInfo_games_0_snapshotPlayerStats_9_alive,props_pageProps_match_matchInfo_games_0_snapshotPlayerStats_9_assists,props_pageProps_match_matchInfo_games_0_snapshotPlayerStats_9_ccReduction,props_pageProps_match_matchInfo_games_0_snapshotPlayerStats_9_champion,props_pageProps_match_matchInfo_games_0_snapshotPlayerStats_9_champsKilled,props_pageProps_match_matchInfo_games_0_snapshotPlayerStats_9_cooldownReduction,props_pageProps_match_matchInfo_games_0_snapshotPlayerStats_9_currentGold,props_pageProps_match_matchInfo_games_0_snapshotPlayerStats_9_deaths,props_pageProps_match_matchInfo_games_0_snapshotPlayerStats_9_eventDateTime,props_pageProps_match_matchInfo_games_0_snapshotPlayerStats_9_gameOver,props_pageProps_match_matchInfo_games_0_snapshotPlayerStats_9_gameTime,props_pageProps_match_matchInfo_games_0_snapshotPlayerStats_9_goldPerSecond,props_pageProps_match_matchInfo_games_0_snapshotPlayerStats_9_health,props_pageProps_match_matchInfo_games_0_snapshotPlayerStats_9_healthMax,props_pageProps_match_matchInfo_games_0_snapshotPlayerStats_9_item10Id,props_pageProps_match_matchInfo_games_0_snapshotPlayerStats_9_item11Id,props_pageProps_match_matchInfo_games_0_snapshotPlayerStats_9_item1Id,props_pageProps_match_matchInfo_games_0_snapshotPlayerStats_9_item2Id,props_pageProps_match_matchInfo_games_0_snapshotPlayerStats_9_item3Id,props_pageProps_match_matchInfo_games_0_snapshotPlayerStats_9_item4Id,props_pageProps_match_matchInfo_games_0_snapshotPlayerStats_9_item5Id,props_pageProps_match_matchInfo_games_0_snapshotPlayerStats_9_item6Id,props_pageProps_match_matchInfo_games_0_snapshotPlayerStats_9_item7Id,props_pageProps_match_matchInfo_games_0_snapshotPlayerStats_9_item8Id,props_pageProps_match_matchInfo_games_0_snapshotPlayerStats_9_item9Id,props_pageProps_match_matchInfo_games_0_snapshotPlayerStats_9_level,props_pageProps_match_matchInfo_games_0_snapshotPlayerStats_9_lifeSteal,props_pageProps_match_matchInfo_games_0_snapshotPlayerStats_9_minionsKilled,props_pageProps_match_matchInfo_games_0_snapshotPlayerStats_9_neutralMinionsKilled,props_pageProps_match_matchInfo_games_0_snapshotPlayerStats_9_neutralMinionsKilledEnemyJungle,props_pageProps_match_matchInfo_games_0_snapshotPlayerStats_9_neutralMinionsKilledYourJungle,props_pageProps_match_matchInfo_games_0_snapshotPlayerStats_9_paused,props_pageProps_match_matchInfo_games_0_snapshotPlayerStats_9_player,props_pageProps_match_matchInfo_games_0_snapshotPlayerStats_9_playerPerid,props_pageProps_match_matchInfo_games_0_snapshotPlayerStats_9_playerUrn,props_pageProps_match_matchInfo_games_0_snapshotPlayerStats_9_posX,props_pageProps_match_matchInfo_games_0_snapshotPlayerStats_9_posY,props_pageProps_match_matchInfo_games_0_snapshotPlayerStats_9_respawnTimer,props_pageProps_match_matchInfo_games_0_snapshotPlayerStats_9_rune1Id,props_pageProps_match_matchInfo_games_0_snapshotPlayerStats_9_rune2Id,props_pageProps_match_matchInfo_games_0_snapshotPlayerStats_9_rune3Id,props_pageProps_match_matchInfo_games_0_snapshotPlayerStats_9_rune4Id,props_pageProps_match_matchInfo_games_0_snapshotPlayerStats_9_rune5Id,props_pageProps_match_matchInfo_games_0_snapshotPlayerStats_9_rune6Id,props_pageProps_match_matchInfo_games_0_snapshotPlayerStats_9_spellVamp,props_pageProps_match_matchInfo_games_0_snapshotPlayerStats_9_summonerLevel,props_pageProps_match_matchInfo_games_0_snapshotPlayerStats_9_team,props_pageProps_match_matchInfo_games_0_snapshotPlayerStats_9_teamPerid,props_pageProps_match_matchInfo_games_0_snapshotPlayerStats_9_teamUrn,props_pageProps_match_matchInfo_games_0_snapshotPlayerStats_9_totalGold,props_pageProps_match_matchInfo_games_0_snapshotPlayerStats_9_trinket1Id,props_pageProps_match_matchInfo_games_0_snapshotPlayerStats_9_trinket2Id,props_pageProps_match_matchInfo_games_0_snapshotPlayerStats_9_trinket3Id,props_pageProps_match_matchInfo_games_0_snapshotPlayerStats_9_trinket4Id,props_pageProps_match_matchInfo_games_0_snapshotPlayerStats_9_trinket5Id,props_pageProps_match_matchInfo_games_0_snapshotPlayerStats_9_upsertAt,props_pageProps_match_matchInfo_games_0_snapshotPlayerStats_9_visionScore,props_pageProps_match_matchInfo_games_0_snapshotPlayerStats_9_wardsKilled,props_pageProps_match_matchInfo_games_0_snapshotPlayerStats_9_wardsPlaced,props_pageProps_match_matchInfo_games_0_snapshotPlayerStats_9_winningTeam,props_pageProps_match_matchInfo_games_0_snapshotPlayerStats_9_xp,props_pageProps_match_matchInfo_games_0_team1Name,props_pageProps_match_matchInfo_games_0_team1Perid,props_pageProps_match_matchInfo_games_0_team1Side,props_pageProps_match_matchInfo_games_0_team1Urn,props_pageProps_match_matchInfo_games_0_team2Name,props_pageProps_match_matchInfo_games_0_team2Perid,props_pageProps_match_matchInfo_games_0_team2Side,props_pageProps_match_matchInfo_games_0_team2Urn,props_pageProps_match_matchInfo_games_0_teamGameStats_0___typename,props_pageProps_match_matchInfo_games_0_teamGameStats_0_assists,props_pageProps_match_matchInfo_games_0_teamGameStats_0_baronKills,props_pageProps_match_matchInfo_games_0_teamGameStats_0_deaths,props_pageProps_match_matchInfo_games_0_teamGameStats_0_dragonKills,props_pageProps_match_matchInfo_games_0_teamGameStats_0_gold,props_pageProps_match_matchInfo_games_0_teamGameStats_0_kills,props_pageProps_match_matchInfo_games_0_teamGameStats_0_team,props_pageProps_match_matchInfo_games_0_teamGameStats_0_teamPerid,props_pageProps_match_matchInfo_games_0_teamGameStats_0_towerKills,props_pageProps_match_matchInfo_games_0_teamGameStats_1___typename,props_pageProps_match_matchInfo_games_0_teamGameStats_1_assists,props_pageProps_match_matchInfo_games_0_teamGameStats_1_baronKills,props_pageProps_match_matchInfo_games_0_teamGameStats_1_deaths,props_pageProps_match_matchInfo_games_0_teamGameStats_1_dragonKills,props_pageProps_match_matchInfo_games_0_teamGameStats_1_gold,props_pageProps_match_matchInfo_games_0_teamGameStats_1_kills,props_pageProps_match_matchInfo_games_0_teamGameStats_1_team,props_pageProps_match_matchInfo_games_0_teamGameStats_1_teamPerid,props_pageProps_match_matchInfo_games_0_teamGameStats_1_towerKills,props_pageProps_match_matchInfo_games_0_winProb_0___typename,props_pageProps_match_matchInfo_games_0_winProb_0_gameTimeMin,props_pageProps_match_matchInfo_games_0_winProb_0_teamOneWinProb,props_pageProps_match_matchInfo_games_0_winProb_0_teamTwoWinProb,props_pageProps_match_matchInfo_games_0_winProb_1___typename,props_pageProps_match_matchInfo_games_0_winProb_1_gameTimeMin,props_pageProps_match_matchInfo_games_0_winProb_1_teamOneWinProb,props_pageProps_match_matchInfo_games_0_winProb_1_teamTwoWinProb,props_pageProps_match_matchInfo_games_0_winProb_2___typename,props_pageProps_match_matchInfo_games_0_winProb_2_gameTimeMin,props_pageProps_match_matchInfo_games_0_winProb_2_teamOneWinProb,props_pageProps_match_matchInfo_games_0_winProb_2_teamTwoWinProb,props_pageProps_match_matchInfo_games_0_winProb_3___typename,props_pageProps_match_matchInfo_games_0_winProb_3_gameTimeMin,props_pageProps_match_matchInfo_games_0_winProb_3_teamOneWinProb,props_pageProps_match_matchInfo_games_0_winProb_3_teamTwoWinProb,props_pageProps_match_matchInfo_games_0_winProb_4___typename,props_pageProps_match_matchInfo_games_0_winProb_4_gameTimeMin,props_pageProps_match_matchInfo_games_0_winProb_4_teamOneWinProb,props_pageProps_match_matchInfo_games_0_winProb_4_teamTwoWinProb,props_pageProps_match_matchInfo_games_0_winProb_5___typename,props_pageProps_match_matchInfo_games_0_winProb_5_gameTimeMin,props_pageProps_match_matchInfo_games_0_winProb_5_teamOneWinProb,props_pageProps_match_matchInfo_games_0_winProb_5_teamTwoWinProb,props_pageProps_match_matchInfo_games_0_winProb_6___typename,props_pageProps_match_matchInfo_games_0_winProb_6_gameTimeMin,props_pageProps_match_matchInfo_games_0_winProb_6_teamOneWinProb,props_pageProps_match_matchInfo_games_0_winProb_6_teamTwoWinProb,props_pageProps_match_matchInfo_games_0_winProb_7___typename,props_pageProps_match_matchInfo_games_0_winProb_7_gameTimeMin,props_pageProps_match_matchInfo_games_0_winProb_7_teamOneWinProb,props_pageProps_match_matchInfo_games_0_winProb_7_teamTwoWinProb,props_pageProps_match_matchInfo_games_0_winProb_8___typename,props_pageProps_match_matchInfo_games_0_winProb_8_gameTimeMin,props_pageProps_match_matchInfo_games_0_winProb_8_teamOneWinProb,props_pageProps_match_matchInfo_games_0_winProb_8_teamTwoWinProb,props_pageProps_match_matchInfo_games_0_winProb_9___typename,props_pageProps_match_matchInfo_games_0_winProb_9_gameTimeMin,props_pageProps_match_matchInfo_games_0_winProb_9_teamOneWinProb,props_pageProps_match_matchInfo_games_0_winProb_9_teamTwoWinProb,props_pageProps_match_matchInfo_games_0_winProb_10___typename,props_pageProps_match_matchInfo_games_0_winProb_10_gameTimeMin,props_pageProps_match_matchInfo_games_0_winProb_10_teamOneWinProb,props_pageProps_match_matchInfo_games_0_winProb_10_teamTwoWinProb,props_pageProps_match_matchInfo_games_0_winProb_11___typename,props_pageProps_match_matchInfo_games_0_winProb_11_gameTimeMin,props_pageProps_match_matchInfo_games_0_winProb_11_teamOneWinProb,props_pageProps_match_matchInfo_games_0_winProb_11_teamTwoWinProb,props_pageProps_match_matchInfo_games_0_winProb_12___typename,props_pageProps_match_matchInfo_games_0_winProb_12_gameTimeMin,props_pageProps_match_matchInfo_games_0_winProb_12_teamOneWinProb,props_pageProps_match_matchInfo_games_0_winProb_12_teamTwoWinProb,props_pageProps_match_matchInfo_games_0_winProb_13___typename,props_pageProps_match_matchInfo_games_0_winProb_13_gameTimeMin,props_pageProps_match_matchInfo_games_0_winProb_13_teamOneWinProb,props_pageProps_match_matchInfo_games_0_winProb_13_teamTwoWinProb,props_pageProps_match_matchInfo_games_0_winProb_14___typename,props_pageProps_match_matchInfo_games_0_winProb_14_gameTimeMin,props_pageProps_match_matchInfo_games_0_winProb_14_teamOneWinProb,props_pageProps_match_matchInfo_games_0_winProb_14_teamTwoWinProb,props_pageProps_match_matchInfo_games_0_winProb_15___typename,props_pageProps_match_matchInfo_games_0_winProb_15_gameTimeMin,props_pageProps_match_matchInfo_games_0_winProb_15_teamOneWinProb,props_pageProps_match_matchInfo_games_0_winProb_15_teamTwoWinProb,props_pageProps_match_matchInfo_games_0_winProb_16___typename,props_pageProps_match_matchInfo_games_0_winProb_16_gameTimeMin,props_pageProps_match_matchInfo_games_0_winProb_16_teamOneWinProb,props_pageProps_match_matchInfo_games_0_winProb_16_teamTwoWinProb,props_pageProps_match_matchInfo_games_0_winProb_17___typename,props_pageProps_match_matchInfo_games_0_winProb_17_gameTimeMin,props_pageProps_match_matchInfo_games_0_winProb_17_teamOneWinProb,props_pageProps_match_matchInfo_games_0_winProb_17_teamTwoWinProb,props_pageProps_match_matchInfo_games_0_winProb_18___typename,props_pageProps_match_matchInfo_games_0_winProb_18_gameTimeMin,props_pageProps_match_matchInfo_games_0_winProb_18_teamOneWinProb,props_pageProps_match_matchInfo_games_0_winProb_18_teamTwoWinProb,props_pageProps_match_matchInfo_games_0_winProb_19___typename,props_pageProps_match_matchInfo_games_0_winProb_19_gameTimeMin,props_pageProps_match_matchInfo_games_0_winProb_19_teamOneWinProb,props_pageProps_match_matchInfo_games_0_winProb_19_teamTwoWinProb,props_pageProps_match_matchInfo_games_0_winProb_20___typename,props_pageProps_match_matchInfo_games_0_winProb_20_gameTimeMin,props_pageProps_match_matchInfo_games_0_winProb_20_teamOneWinProb,props_pageProps_match_matchInfo_games_0_winProb_20_teamTwoWinProb,props_pageProps_match_matchInfo_games_0_winProb_21___typename,props_pageProps_match_matchInfo_games_0_winProb_21_gameTimeMin,props_pageProps_match_matchInfo_games_0_winProb_21_teamOneWinProb,props_pageProps_match_matchInfo_games_0_winProb_21_teamTwoWinProb,props_pageProps_match_matchInfo_games_0_winProb_22___typename,props_pageProps_match_matchInfo_games_0_winProb_22_gameTimeMin,props_pageProps_match_matchInfo_games_0_winProb_22_teamOneWinProb,props_pageProps_match_matchInfo_games_0_winProb_22_teamTwoWinProb,props_pageProps_match_matchInfo_games_0_winProb_23___typename,props_pageProps_match_matchInfo_games_0_winProb_23_gameTimeMin,props_pageProps_match_matchInfo_games_0_winProb_23_teamOneWinProb,props_pageProps_match_matchInfo_games_0_winProb_23_teamTwoWinProb,props_pageProps_match_matchInfo_games_0_winProb_24___typename,props_pageProps_match_matchInfo_games_0_winProb_24_gameTimeMin,props_pageProps_match_matchInfo_games_0_winProb_24_teamOneWinProb,props_pageProps_match_matchInfo_games_0_winProb_24_teamTwoWinProb,props_pageProps_match_matchInfo_games_0_winProb_25___typename,props_pageProps_match_matchInfo_games_0_winProb_25_gameTimeMin,props_pageProps_match_matchInfo_games_0_winProb_25_teamOneWinProb,props_pageProps_match_matchInfo_games_0_winProb_25_teamTwoWinProb,props_pageProps_match_matchInfo_games_0_winProb_26___typename,props_pageProps_match_matchInfo_games_0_winProb_26_gameTimeMin,props_pageProps_match_matchInfo_games_0_winProb_26_teamOneWinProb,props_pageProps_match_matchInfo_games_0_winProb_26_teamTwoWinProb,props_pageProps_match_matchInfo_games_0_winProb_27___typename,props_pageProps_match_matchInfo_games_0_winProb_27_gameTimeMin,props_pageProps_match_matchInfo_games_0_winProb_27_teamOneWinProb,props_pageProps_match_matchInfo_games_0_winProb_27_teamTwoWinProb,props_pageProps_match_matchInfo_games_0_winProb_28___typename,props_pageProps_match_matchInfo_games_0_winProb_28_gameTimeMin,props_pageProps_match_matchInfo_games_0_winProb_28_teamOneWinProb,props_pageProps_match_matchInfo_games_0_winProb_28_teamTwoWinProb,props_pageProps_match_matchInfo_games_0_winProb_29___typename,props_pageProps_match_matchInfo_games_0_winProb_29_gameTimeMin,props_pageProps_match_matchInfo_games_0_winProb_29_teamOneWinProb,props_pageProps_match_matchInfo_games_0_winProb_29_teamTwoWinProb,props_pageProps_match_matchInfo_games_0_winProb_30___typename,props_pageProps_match_matchInfo_games_0_winProb_30_gameTimeMin,props_pageProps_match_matchInfo_games_0_winProb_30_teamOneWinProb,props_pageProps_match_matchInfo_games_0_winProb_30_teamTwoWinProb,props_pageProps_match_matchInfo_games_0_winProb_31___typename,props_pageProps_match_matchInfo_games_0_winProb_31_gameTimeMin,props_pageProps_match_matchInfo_games_0_winProb_31_teamOneWinProb,props_pageProps_match_matchInfo_games_0_winProb_31_teamTwoWinProb,props_pageProps_match_matchInfo_games_0_winProb_32___typename,props_pageProps_match_matchInfo_games_0_winProb_32_gameTimeMin,props_pageProps_match_matchInfo_games_0_winProb_32_teamOneWinProb,props_pageProps_match_matchInfo_games_0_winProb_32_teamTwoWinProb,props_pageProps_match_matchInfo_games_0_winProb_33___typename,props_pageProps_match_matchInfo_games_0_winProb_33_gameTimeMin,props_pageProps_match_matchInfo_games_0_winProb_33_teamOneWinProb,props_pageProps_match_matchInfo_games_0_winProb_33_teamTwoWinProb,props_pageProps_match_matchInfo_games_0_winProb_34___typename,props_pageProps_match_matchInfo_games_0_winProb_34_gameTimeMin,props_pageProps_match_matchInfo_games_0_winProb_34_teamOneWinProb,props_pageProps_match_matchInfo_games_0_winProb_34_teamTwoWinProb,props_pageProps_match_matchInfo_games_0_winProb_35___typename,props_pageProps_match_matchInfo_games_0_winProb_35_gameTimeMin,props_pageProps_match_matchInfo_games_0_winProb_35_teamOneWinProb,props_pageProps_match_matchInfo_games_0_winProb_35_teamTwoWinProb,props_pageProps_match_matchInfo_games_0_winProb_36___typename,props_pageProps_match_matchInfo_games_0_winProb_36_gameTimeMin,props_pageProps_match_matchInfo_games_0_winProb_36_teamOneWinProb,props_pageProps_match_matchInfo_games_0_winProb_36_teamTwoWinProb,props_pageProps_match_matchInfo_games_0_winProb_37___typename,props_pageProps_match_matchInfo_games_0_winProb_37_gameTimeMin,props_pageProps_match_matchInfo_games_0_winProb_37_teamOneWinProb,props_pageProps_match_matchInfo_games_0_winProb_37_teamTwoWinProb,props_pageProps_match_matchInfo_games_0_winProb_38___typename,props_pageProps_match_matchInfo_games_0_winProb_38_gameTimeMin,props_pageProps_match_matchInfo_games_0_winProb_38_teamOneWinProb,props_pageProps_match_matchInfo_games_0_winProb_38_teamTwoWinProb,props_pageProps_match_matchInfo_games_0_winProb_39___typename,props_pageProps_match_matchInfo_games_0_winProb_39_gameTimeMin,props_pageProps_match_matchInfo_games_0_winProb_39_teamOneWinProb,props_pageProps_match_matchInfo_games_0_winProb_39_teamTwoWinProb,props_pageProps_match_matchInfo_games_0_winProb_40___typename,props_pageProps_match_matchInfo_games_0_winProb_40_gameTimeMin,props_pageProps_match_matchInfo_games_0_winProb_40_teamOneWinProb,props_pageProps_match_matchInfo_games_0_winProb_40_teamTwoWinProb,props_pageProps_match_matchInfo_games_0_winProb_41___typename,props_pageProps_match_matchInfo_games_0_winProb_41_gameTimeMin,props_pageProps_match_matchInfo_games_0_winProb_41_teamOneWinProb,props_pageProps_match_matchInfo_games_0_winProb_41_teamTwoWinProb,props_pageProps_match_matchInfo_games_0_winProb_42___typename,props_pageProps_match_matchInfo_games_0_winProb_42_gameTimeMin,props_pageProps_match_matchInfo_games_0_winProb_42_teamOneWinProb,props_pageProps_match_matchInfo_games_0_winProb_42_teamTwoWinProb,props_pageProps_match_matchInfo_games_0_winProb_43___typename,props_pageProps_match_matchInfo_games_0_winProb_43_gameTimeMin,props_pageProps_match_matchInfo_games_0_winProb_43_teamOneWinProb,props_pageProps_match_matchInfo_games_0_winProb_43_teamTwoWinProb,props_pageProps_match_matchInfo_games_0_winProb_44___typename,props_pageProps_match_matchInfo_games_0_winProb_44_gameTimeMin,props_pageProps_match_matchInfo_games_0_winProb_44_teamOneWinProb,props_pageProps_match_matchInfo_games_0_winProb_44_teamTwoWinProb,props_pageProps_match_matchInfo_games_0_winProb_45___typename,props_pageProps_match_matchInfo_games_0_winProb_45_gameTimeMin,props_pageProps_match_matchInfo_games_0_winProb_45_teamOneWinProb,props_pageProps_match_matchInfo_games_0_winProb_45_teamTwoWinProb,props_pageProps_match_matchInfo_games_0_winProb_46___typename,props_pageProps_match_matchInfo_games_0_winProb_46_gameTimeMin,props_pageProps_match_matchInfo_games_0_winProb_46_teamOneWinProb,props_pageProps_match_matchInfo_games_0_winProb_46_teamTwoWinProb,props_pageProps_match_matchInfo_games_0_winProb_47___typename,props_pageProps_match_matchInfo_games_0_winProb_47_gameTimeMin,props_pageProps_match_matchInfo_games_0_winProb_47_teamOneWinProb,props_pageProps_match_matchInfo_games_0_winProb_47_teamTwoWinProb,props_pageProps_match_matchInfo_games_0_winProb_48___typename,props_pageProps_match_matchInfo_games_0_winProb_48_gameTimeMin,props_pageProps_match_matchInfo_games_0_winProb_48_teamOneWinProb,props_pageProps_match_matchInfo_games_0_winProb_48_teamTwoWinProb,props_pageProps_match_matchInfo_games_0_winProb_49___typename,props_pageProps_match_matchInfo_games_0_winProb_49_gameTimeMin,props_pageProps_match_matchInfo_games_0_winProb_49_teamOneWinProb,props_pageProps_match_matchInfo_games_0_winProb_49_teamTwoWinProb,props_pageProps_match_matchInfo_games_0_winProb_50___typename,props_pageProps_match_matchInfo_games_0_winProb_50_gameTimeMin,props_pageProps_match_matchInfo_games_0_winProb_50_teamOneWinProb,props_pageProps_match_matchInfo_games_0_winProb_50_teamTwoWinProb,props_pageProps_match_matchInfo_games_0_winProb_51___typename,props_pageProps_match_matchInfo_games_0_winProb_51_gameTimeMin,props_pageProps_match_matchInfo_games_0_winProb_51_teamOneWinProb,props_pageProps_match_matchInfo_games_0_winProb_51_teamTwoWinProb,props_pageProps_match_matchInfo_games_0_winProb_52___typename,props_pageProps_match_matchInfo_games_0_winProb_52_gameTimeMin,props_pageProps_match_matchInfo_games_0_winProb_52_teamOneWinProb,props_pageProps_match_matchInfo_games_0_winProb_52_teamTwoWinProb,props_pageProps_match_matchInfo_games_0_winProb_53___typename,props_pageProps_match_matchInfo_games_0_winProb_53_gameTimeMin,props_pageProps_match_matchInfo_games_0_winProb_53_teamOneWinProb,props_pageProps_match_matchInfo_games_0_winProb_53_teamTwoWinProb,props_pageProps_match_matchInfo_games_0_winProb_54___typename,props_pageProps_match_matchInfo_games_0_winProb_54_gameTimeMin,props_pageProps_match_matchInfo_games_0_winProb_54_teamOneWinProb,props_pageProps_match_matchInfo_games_0_winProb_54_teamTwoWinProb,props_pageProps_match_matchInfo_games_0_winProb_55___typename,props_pageProps_match_matchInfo_games_0_winProb_55_gameTimeMin,props_pageProps_match_matchInfo_games_0_winProb_55_teamOneWinProb,props_pageProps_match_matchInfo_games_0_winProb_55_teamTwoWinProb,props_pageProps_match_matchInfo_games_0_winProb_56___typename,props_pageProps_match_matchInfo_games_0_winProb_56_gameTimeMin,props_pageProps_match_matchInfo_games_0_winProb_56_teamOneWinProb,props_pageProps_match_matchInfo_games_0_winProb_56_teamTwoWinProb,props_pageProps_match_matchInfo_games_0_winProb_57___typename,props_pageProps_match_matchInfo_games_0_winProb_57_gameTimeMin,props_pageProps_match_matchInfo_games_0_winProb_57_teamOneWinProb,props_pageProps_match_matchInfo_games_0_winProb_57_teamTwoWinProb,props_pageProps_match_matchInfo_games_0_winProb_58___typename,props_pageProps_match_matchInfo_games_0_winProb_58_gameTimeMin,props_pageProps_match_matchInfo_games_0_winProb_58_teamOneWinProb,props_pageProps_match_matchInfo_games_0_winProb_58_teamTwoWinProb,props_pageProps_match_matchInfo_games_0_winProb_59___typename,props_pageProps_match_matchInfo_games_0_winProb_59_gameTimeMin,props_pageProps_match_matchInfo_games_0_winProb_59_teamOneWinProb,props_pageProps_match_matchInfo_games_0_winProb_59_teamTwoWinProb,props_pageProps_match_matchInfo_games_0_winProb_60___typename,props_pageProps_match_matchInfo_games_0_winProb_60_gameTimeMin,props_pageProps_match_matchInfo_games_0_winProb_60_teamOneWinProb,props_pageProps_match_matchInfo_games_0_winProb_60_teamTwoWinProb,props_pageProps_match_matchInfo_games_0_winProb_61___typename,props_pageProps_match_matchInfo_games_0_winProb_61_gameTimeMin,props_pageProps_match_matchInfo_games_0_winProb_61_teamOneWinProb,props_pageProps_match_matchInfo_games_0_winProb_61_teamTwoWinProb,props_pageProps_match_matchInfo_games_0_winProb_62___typename,props_pageProps_match_matchInfo_games_0_winProb_62_gameTimeMin,props_pageProps_match_matchInfo_games_0_winProb_62_teamOneWinProb,props_pageProps_match_matchInfo_games_0_winProb_62_teamTwoWinProb,props_pageProps_match_matchInfo_games_0_winProb_63___typename,props_pageProps_match_matchInfo_games_0_winProb_63_gameTimeMin,props_pageProps_match_matchInfo_games_0_winProb_63_teamOneWinProb,props_pageProps_match_matchInfo_games_0_winProb_63_teamTwoWinProb,props_pageProps_match_matchInfo_games_0_winProb_64___typename,props_pageProps_match_matchInfo_games_0_winProb_64_gameTimeMin,props_pageProps_match_matchInfo_games_0_winProb_64_teamOneWinProb,props_pageProps_match_matchInfo_games_0_winProb_64_teamTwoWinProb,props_pageProps_match_matchInfo_games_0_winProb_65___typename,props_pageProps_match_matchInfo_games_0_winProb_65_gameTimeMin,props_pageProps_match_matchInfo_games_0_winProb_65_teamOneWinProb,props_pageProps_match_matchInfo_games_0_winProb_65_teamTwoWinProb,props_pageProps_match_matchInfo_games_0_winProb_66___typename,props_pageProps_match_matchInfo_games_0_winProb_66_gameTimeMin,props_pageProps_match_matchInfo_games_0_winProb_66_teamOneWinProb,props_pageProps_match_matchInfo_games_0_winProb_66_teamTwoWinProb,props_pageProps_match_matchInfo_games_0_winProb_67___typename,props_pageProps_match_matchInfo_games_0_winProb_67_gameTimeMin,props_pageProps_match_matchInfo_games_0_winProb_67_teamOneWinProb,props_pageProps_match_matchInfo_games_0_winProb_67_teamTwoWinProb,props_pageProps_match_matchInfo_games_0_winProb_68___typename,props_pageProps_match_matchInfo_games_0_winProb_68_gameTimeMin,props_pageProps_match_matchInfo_games_0_winProb_68_teamOneWinProb,props_pageProps_match_matchInfo_games_0_winProb_68_teamTwoWinProb,props_pageProps_match_matchInfo_games_0_winProb_69___typename,props_pageProps_match_matchInfo_games_0_winProb_69_gameTimeMin,props_pageProps_match_matchInfo_games_0_winProb_69_teamOneWinProb,props_pageProps_match_matchInfo_games_0_winProb_69_teamTwoWinProb,props_pageProps_match_matchInfo_games_0_winProb_70___typename,props_pageProps_match_matchInfo_games_0_winProb_70_gameTimeMin,props_pageProps_match_matchInfo_games_0_winProb_70_teamOneWinProb,props_pageProps_match_matchInfo_games_0_winProb_70_teamTwoWinProb,props_pageProps_match_matchInfo_games_0_winProb_71___typename,props_pageProps_match_matchInfo_games_0_winProb_71_gameTimeMin,props_pageProps_match_matchInfo_games_0_winProb_71_teamOneWinProb,props_pageProps_match_matchInfo_games_0_winProb_71_teamTwoWinProb,props_pageProps_match_matchInfo_games_0_winProb_72___typename,props_pageProps_match_matchInfo_games_0_winProb_72_gameTimeMin,props_pageProps_match_matchInfo_games_0_winProb_72_teamOneWinProb,props_pageProps_match_matchInfo_games_0_winProb_72_teamTwoWinProb,props_pageProps_match_matchInfo_games_0_winProb_73___typename,props_pageProps_match_matchInfo_games_0_winProb_73_gameTimeMin,props_pageProps_match_matchInfo_games_0_winProb_73_teamOneWinProb,props_pageProps_match_matchInfo_games_0_winProb_73_teamTwoWinProb,props_pageProps_match_matchInfo_games_0_winProb_74___typename,props_pageProps_match_matchInfo_games_0_winProb_74_gameTimeMin,props_pageProps_match_matchInfo_games_0_winProb_74_teamOneWinProb,props_pageProps_match_matchInfo_games_0_winProb_74_teamTwoWinProb,props_pageProps_match_matchInfo_games_0_winProb_75___typename,props_pageProps_match_matchInfo_games_0_winProb_75_gameTimeMin,props_pageProps_match_matchInfo_games_0_winProb_75_teamOneWinProb,props_pageProps_match_matchInfo_games_0_winProb_75_teamTwoWinProb,props_pageProps_match_matchInfo_games_0_winProb_76___typename,props_pageProps_match_matchInfo_games_0_winProb_76_gameTimeMin,props_pageProps_match_matchInfo_games_0_winProb_76_teamOneWinProb,props_pageProps_match_matchInfo_games_0_winProb_76_teamTwoWinProb,props_pageProps_match_matchInfo_games_0_winProb_77___typename,props_pageProps_match_matchInfo_games_0_winProb_77_gameTimeMin,props_pageProps_match_matchInfo_games_0_winProb_77_teamOneWinProb,props_pageProps_match_matchInfo_games_0_winProb_77_teamTwoWinProb,props_pageProps_match_matchInfo_games_0_winProb_78___typename,props_pageProps_match_matchInfo_games_0_winProb_78_gameTimeMin,props_pageProps_match_matchInfo_games_0_winProb_78_teamOneWinProb,props_pageProps_match_matchInfo_games_0_winProb_78_teamTwoWinProb,props_pageProps_match_matchInfo_games_0_winProb_79___typename,props_pageProps_match_matchInfo_games_0_winProb_79_gameTimeMin,props_pageProps_match_matchInfo_games_0_winProb_79_teamOneWinProb,props_pageProps_match_matchInfo_games_0_winProb_79_teamTwoWinProb,props_pageProps_match_matchInfo_games_0_winProb_80___typename,props_pageProps_match_matchInfo_games_0_winProb_80_gameTimeMin,props_pageProps_match_matchInfo_games_0_winProb_80_teamOneWinProb,props_pageProps_match_matchInfo_games_0_winProb_80_teamTwoWinProb,props_pageProps_match_matchInfo_games_0_winProb_81___typename,props_pageProps_match_matchInfo_games_0_winProb_81_gameTimeMin,props_pageProps_match_matchInfo_games_0_winProb_81_teamOneWinProb,props_pageProps_match_matchInfo_games_0_winProb_81_teamTwoWinProb,props_pageProps_match_matchInfo_games_0_winProb_82___typename,props_pageProps_match_matchInfo_games_0_winProb_82_gameTimeMin,props_pageProps_match_matchInfo_games_0_winProb_82_teamOneWinProb,props_pageProps_match_matchInfo_games_0_winProb_82_teamTwoWinProb,props_pageProps_match_matchInfo_games_0_winProb_83___typename,props_pageProps_match_matchInfo_games_0_winProb_83_gameTimeMin,props_pageProps_match_matchInfo_games_0_winProb_83_teamOneWinProb,props_pageProps_match_matchInfo_games_0_winProb_83_teamTwoWinProb,props_pageProps_match_matchInfo_games_0_winProb_84___typename,props_pageProps_match_matchInfo_games_0_winProb_84_gameTimeMin,props_pageProps_match_matchInfo_games_0_winProb_84_teamOneWinProb,props_pageProps_match_matchInfo_games_0_winProb_84_teamTwoWinProb,props_pageProps_match_matchInfo_games_0_winProb_85___typename,props_pageProps_match_matchInfo_games_0_winProb_85_gameTimeMin,props_pageProps_match_matchInfo_games_0_winProb_85_teamOneWinProb,props_pageProps_match_matchInfo_games_0_winProb_85_teamTwoWinProb,props_pageProps_match_matchInfo_games_0_winProb_86___typename,props_pageProps_match_matchInfo_games_0_winProb_86_gameTimeMin,props_pageProps_match_matchInfo_games_0_winProb_86_teamOneWinProb,props_pageProps_match_matchInfo_games_0_winProb_86_teamTwoWinProb,props_pageProps_match_matchInfo_games_0_winProb_87___typename,props_pageProps_match_matchInfo_games_0_winProb_87_gameTimeMin,props_pageProps_match_matchInfo_games_0_winProb_87_teamOneWinProb,props_pageProps_match_matchInfo_games_0_winProb_87_teamTwoWinProb,props_pageProps_match_matchInfo_games_0_winProb_88___typename,props_pageProps_match_matchInfo_games_0_winProb_88_gameTimeMin,props_pageProps_match_matchInfo_games_0_winProb_88_teamOneWinProb,props_pageProps_match_matchInfo_games_0_winProb_88_teamTwoWinProb,props_pageProps_match_matchInfo_games_0_winProb_89___typename,props_pageProps_match_matchInfo_games_0_winProb_89_gameTimeMin,props_pageProps_match_matchInfo_games_0_winProb_89_teamOneWinProb,props_pageProps_match_matchInfo_games_0_winProb_89_teamTwoWinProb,props_pageProps_match_matchInfo_games_0_winProb_90___typename,props_pageProps_match_matchInfo_games_0_winProb_90_gameTimeMin,props_pageProps_match_matchInfo_games_0_winProb_90_teamOneWinProb,props_pageProps_match_matchInfo_games_0_winProb_90_teamTwoWinProb,props_pageProps_match_matchInfo_games_0_winProb_91___typename,props_pageProps_match_matchInfo_games_0_winProb_91_gameTimeMin,props_pageProps_match_matchInfo_games_0_winProb_91_teamOneWinProb,props_pageProps_match_matchInfo_games_0_winProb_91_teamTwoWinProb,props_pageProps_match_matchInfo_games_0_winProb_92___typename,props_pageProps_match_matchInfo_games_0_winProb_92_gameTimeMin,props_pageProps_match_matchInfo_games_0_winProb_92_teamOneWinProb,props_pageProps_match_matchInfo_games_0_winProb_92_teamTwoWinProb,props_pageProps_match_matchInfo_games_0_winProb_93___typename,props_pageProps_match_matchInfo_games_0_winProb_93_gameTimeMin,props_pageProps_match_matchInfo_games_0_winProb_93_teamOneWinProb,props_pageProps_match_matchInfo_games_0_winProb_93_teamTwoWinProb,props_pageProps_match_matchInfo_games_0_winProb_94___typename,props_pageProps_match_matchInfo_games_0_winProb_94_gameTimeMin,props_pageProps_match_matchInfo_games_0_winProb_94_teamOneWinProb,props_pageProps_match_matchInfo_games_0_winProb_94_teamTwoWinProb,props_pageProps_match_matchInfo_games_0_winProb_95___typename,props_pageProps_match_matchInfo_games_0_winProb_95_gameTimeMin,props_pageProps_match_matchInfo_games_0_winProb_95_teamOneWinProb,props_pageProps_match_matchInfo_games_0_winProb_95_teamTwoWinProb,props_pageProps_match_matchInfo_games_0_winProb_96___typename,props_pageProps_match_matchInfo_games_0_winProb_96_gameTimeMin,props_pageProps_match_matchInfo_games_0_winProb_96_teamOneWinProb,props_pageProps_match_matchInfo_games_0_winProb_96_teamTwoWinProb,props_pageProps_match_matchInfo_games_0_winProb_97___typename,props_pageProps_match_matchInfo_games_0_winProb_97_gameTimeMin,props_pageProps_match_matchInfo_games_0_winProb_97_teamOneWinProb,props_pageProps_match_matchInfo_games_0_winProb_97_teamTwoWinProb,props_pageProps_match_matchInfo_games_0_winProb_98___typename,props_pageProps_match_matchInfo_games_0_winProb_98_gameTimeMin,props_pageProps_match_matchInfo_games_0_winProb_98_teamOneWinProb,props_pageProps_match_matchInfo_games_0_winProb_98_teamTwoWinProb,props_pageProps_match_matchInfo_games_0_winProb_99___typename,props_pageProps_match_matchInfo_games_0_winProb_99_gameTimeMin,props_pageProps_match_matchInfo_games_0_winProb_99_teamOneWinProb,props_pageProps_match_matchInfo_games_0_winProb_99_teamTwoWinProb,props_pageProps_match_matchInfo_games_0_winProb_100___typename,props_pageProps_match_matchInfo_games_0_winProb_100_gameTimeMin,props_pageProps_match_matchInfo_games_0_winProb_100_teamOneWinProb,props_pageProps_match_matchInfo_games_0_winProb_100_teamTwoWinProb,props_pageProps_match_matchInfo_games_0_winProb_101___typename,props_pageProps_match_matchInfo_games_0_winProb_101_gameTimeMin,props_pageProps_match_matchInfo_games_0_winProb_101_teamOneWinProb,props_pageProps_match_matchInfo_games_0_winProb_101_teamTwoWinProb,props_pageProps_match_matchInfo_games_0_winProb_102___typename,props_pageProps_match_matchInfo_games_0_winProb_102_gameTimeMin,props_pageProps_match_matchInfo_games_0_winProb_102_teamOneWinProb,props_pageProps_match_matchInfo_games_0_winProb_102_teamTwoWinProb,props_pageProps_match_matchInfo_games_0_winProb_103___typename,props_pageProps_match_matchInfo_games_0_winProb_103_gameTimeMin,props_pageProps_match_matchInfo_games_0_winProb_103_teamOneWinProb,props_pageProps_match_matchInfo_games_0_winProb_103_teamTwoWinProb,props_pageProps_match_matchInfo_games_0_winProb_104___typename,props_pageProps_match_matchInfo_games_0_winProb_104_gameTimeMin,props_pageProps_match_matchInfo_games_0_winProb_104_teamOneWinProb,props_pageProps_match_matchInfo_games_0_winProb_104_teamTwoWinProb,props_pageProps_match_matchInfo_games_0_winProb_105___typename,props_pageProps_match_matchInfo_games_0_winProb_105_gameTimeMin,props_pageProps_match_matchInfo_games_0_winProb_105_teamOneWinProb,props_pageProps_match_matchInfo_games_0_winProb_105_teamTwoWinProb,props_pageProps_match_matchInfo_games_0_winProb_106___typename,props_pageProps_match_matchInfo_games_0_winProb_106_gameTimeMin,props_pageProps_match_matchInfo_games_0_winProb_106_teamOneWinProb,props_pageProps_match_matchInfo_games_0_winProb_106_teamTwoWinProb,props_pageProps_match_matchInfo_games_0_winProb_107___typename,props_pageProps_match_matchInfo_games_0_winProb_107_gameTimeMin,props_pageProps_match_matchInfo_games_0_winProb_107_teamOneWinProb,props_pageProps_match_matchInfo_games_0_winProb_107_teamTwoWinProb,props_pageProps_match_matchInfo_games_0_winProb_108___typename,props_pageProps_match_matchInfo_games_0_winProb_108_gameTimeMin,props_pageProps_match_matchInfo_games_0_winProb_108_teamOneWinProb,props_pageProps_match_matchInfo_games_0_winProb_108_teamTwoWinProb,props_pageProps_match_matchInfo_games_0_winProb_109___typename,props_pageProps_match_matchInfo_games_0_winProb_109_gameTimeMin,props_pageProps_match_matchInfo_games_0_winProb_109_teamOneWinProb,props_pageProps_match_matchInfo_games_0_winProb_109_teamTwoWinProb,props_pageProps_match_matchInfo_games_0_winProb_110___typename,props_pageProps_match_matchInfo_games_0_winProb_110_gameTimeMin,props_pageProps_match_matchInfo_games_0_winProb_110_teamOneWinProb,props_pageProps_match_matchInfo_games_0_winProb_110_teamTwoWinProb,props_pageProps_match_matchInfo_games_0_winProb_111___typename,props_pageProps_match_matchInfo_games_0_winProb_111_gameTimeMin,props_pageProps_match_matchInfo_games_0_winProb_111_teamOneWinProb,props_pageProps_match_matchInfo_games_0_winProb_111_teamTwoWinProb,props_pageProps_match_matchInfo_games_0_winProb_112___typename,props_pageProps_match_matchInfo_games_0_winProb_112_gameTimeMin,props_pageProps_match_matchInfo_games_0_winProb_112_teamOneWinProb,props_pageProps_match_matchInfo_games_0_winProb_112_teamTwoWinProb,props_pageProps_match_matchInfo_games_0_winProb_113___typename,props_pageProps_match_matchInfo_games_0_winProb_113_gameTimeMin,props_pageProps_match_matchInfo_games_0_winProb_113_teamOneWinProb,props_pageProps_match_matchInfo_games_0_winProb_113_teamTwoWinProb,props_pageProps_match_matchInfo_games_0_winProb_114___typename,props_pageProps_match_matchInfo_games_0_winProb_114_gameTimeMin,props_pageProps_match_matchInfo_games_0_winProb_114_teamOneWinProb,props_pageProps_match_matchInfo_games_0_winProb_114_teamTwoWinProb,props_pageProps_match_matchInfo_games_0_winProb_115___typename,props_pageProps_match_matchInfo_games_0_winProb_115_gameTimeMin,props_pageProps_match_matchInfo_games_0_winProb_115_teamOneWinProb,props_pageProps_match_matchInfo_games_0_winProb_115_teamTwoWinProb,props_pageProps_match_matchInfo_games_0_winProb_116___typename,props_pageProps_match_matchInfo_games_0_winProb_116_gameTimeMin,props_pageProps_match_matchInfo_games_0_winProb_116_teamOneWinProb,props_pageProps_match_matchInfo_games_0_winProb_116_teamTwoWinProb,props_pageProps_match_matchInfo_games_0_winProb_117___typename,props_pageProps_match_matchInfo_games_0_winProb_117_gameTimeMin,props_pageProps_match_matchInfo_games_0_winProb_117_teamOneWinProb,props_pageProps_match_matchInfo_games_0_winProb_117_teamTwoWinProb,props_pageProps_match_matchInfo_games_0_winProb_118___typename,props_pageProps_match_matchInfo_games_0_winProb_118_gameTimeMin,props_pageProps_match_matchInfo_games_0_winProb_118_teamOneWinProb,props_pageProps_match_matchInfo_games_0_winProb_118_teamTwoWinProb,props_pageProps_match_matchInfo_games_0_winProb_119___typename,props_pageProps_match_matchInfo_games_0_winProb_119_gameTimeMin,props_pageProps_match_matchInfo_games_0_winProb_119_teamOneWinProb,props_pageProps_match_matchInfo_games_0_winProb_119_teamTwoWinProb,props_pageProps_match_matchInfo_games_0_winProb_120___typename,props_pageProps_match_matchInfo_games_0_winProb_120_gameTimeMin,props_pageProps_match_matchInfo_games_0_winProb_120_teamOneWinProb,props_pageProps_match_matchInfo_games_0_winProb_120_teamTwoWinProb,props_pageProps_match_matchInfo_games_0_winProb_121___typename,props_pageProps_match_matchInfo_games_0_winProb_121_gameTimeMin,props_pageProps_match_matchInfo_games_0_winProb_121_teamOneWinProb,props_pageProps_match_matchInfo_games_0_winProb_121_teamTwoWinProb,props_pageProps_match_matchInfo_games_0_winProb_122___typename,props_pageProps_match_matchInfo_games_0_winProb_122_gameTimeMin,props_pageProps_match_matchInfo_games_0_winProb_122_teamOneWinProb,props_pageProps_match_matchInfo_games_0_winProb_122_teamTwoWinProb,props_pageProps_match_matchInfo_games_0_winProb_123___typename,props_pageProps_match_matchInfo_games_0_winProb_123_gameTimeMin,props_pageProps_match_matchInfo_games_0_winProb_123_teamOneWinProb,props_pageProps_match_matchInfo_games_0_winProb_123_teamTwoWinProb,props_pageProps_match_matchInfo_games_0_winProb_124___typename,props_pageProps_match_matchInfo_games_0_winProb_124_gameTimeMin,props_pageProps_match_matchInfo_games_0_winProb_124_teamOneWinProb,props_pageProps_match_matchInfo_games_0_winProb_124_teamTwoWinProb,props_pageProps_match_matchInfo_games_0_winningSide,props_pageProps_match_matchInfo_games_0_winningTeam,props_pageProps_match_matchInfo_games_0_winningTeamPerid,props_pageProps_match_matchInfo_games_0_winningTeamUrn,props_pageProps_match_matchInfo_lastModified,props_pageProps_match_matchInfo_liveGames_0___typename,props_pageProps_match_matchInfo_liveGames_0_gameComplete,props_pageProps_match_matchInfo_liveGames_0_gamePaused,props_pageProps_match_matchInfo_liveGames_0_gameState,props_pageProps_match_matchInfo_liveGames_0_live,props_pageProps_match_matchInfo_liveGames_0_seriesCurrent,props_pageProps_match_matchInfo_liveGames_0_seriesMax,props_pageProps_match_matchInfo_liveGames_0_seriesType,props_pageProps_match_matchInfo_liveGames_0_teamOne___typename,props_pageProps_match_matchInfo_liveGames_0_teamOne_abbreviation,props_pageProps_match_matchInfo_liveGames_0_teamOnePerid,props_pageProps_match_matchInfo_liveGames_0_teamOneUrn,props_pageProps_match_matchInfo_liveGames_0_teamTwo___typename,props_pageProps_match_matchInfo_liveGames_0_teamTwo_abbreviation,props_pageProps_match_matchInfo_liveGames_0_teamTwoPerid,props_pageProps_match_matchInfo_liveGames_0_teamTwoUrn,props_pageProps_match_matchInfo_liveGames_0_urn,props_pageProps_match_matchInfo_liveGames_0_winningTeamPerid,props_pageProps_match_matchInfo_matchStartDate,props_pageProps_match_matchInfo_matchState,props_pageProps_match_matchInfo_matchUrn,props_pageProps_match_matchInfo_prematchWinProbability___typename,props_pageProps_match_matchInfo_prematchWinProbability_team1Winprob,props_pageProps_match_matchInfo_prematchWinProbability_team2Winprob,props_pageProps_match_matchInfo_score___typename,props_pageProps_match_matchInfo_score_team1Score,props_pageProps_match_matchInfo_score_team2Score,props_pageProps_match_matchInfo_team1___typename,props_pageProps_match_matchInfo_team1_abbreviation,props_pageProps_match_matchInfo_team1_factorId,props_pageProps_match_matchInfo_team1_fullName,props_pageProps_match_matchInfo_team1_gameRecord_totalLost,props_pageProps_match_matchInfo_team1_gameRecord_totalWin,props_pageProps_match_matchInfo_team1_playerHistories_0___typename,props_pageProps_match_matchInfo_team1_playerHistories_0_playerDetails___typename,props_pageProps_match_matchInfo_team1_playerHistories_0_playerDetails_factorId,props_pageProps_match_matchInfo_team1_playerHistories_0_playerDetails_fullName,props_pageProps_match_matchInfo_team1_playerHistories_0_playerDetails_headshotUrl,props_pageProps_match_matchInfo_team1_playerHistories_0_playerDetails_name,props_pageProps_match_matchInfo_team1_playerHistories_0_playerDetails_perid,props_pageProps_match_matchInfo_team1_playerHistories_0_playerPerid,props_pageProps_match_matchInfo_team1_playerHistories_0_role,props_pageProps_match_matchInfo_team1_playerHistories_0_tournamentUrn,props_pageProps_match_matchInfo_team1_playerHistories_1___typename,props_pageProps_match_matchInfo_team1_playerHistories_1_playerDetails___typename,props_pageProps_match_matchInfo_team1_playerHistories_1_playerDetails_factorId,props_pageProps_match_matchInfo_team1_playerHistories_1_playerDetails_fullName,props_pageProps_match_matchInfo_team1_playerHistories_1_playerDetails_headshotUrl,props_pageProps_match_matchInfo_team1_playerHistories_1_playerDetails_name,props_pageProps_match_matchInfo_team1_playerHistories_1_playerDetails_perid,props_pageProps_match_matchInfo_team1_playerHistories_1_playerPerid,props_pageProps_match_matchInfo_team1_playerHistories_1_role,props_pageProps_match_matchInfo_team1_playerHistories_1_tournamentUrn,props_pageProps_match_matchInfo_team1_playerHistories_2___typename,props_pageProps_match_matchInfo_team1_playerHistories_2_playerDetails___typename,props_pageProps_match_matchInfo_team1_playerHistories_2_playerDetails_factorId,props_pageProps_match_matchInfo_team1_playerHistories_2_playerDetails_fullName,props_pageProps_match_matchInfo_team1_playerHistories_2_playerDetails_headshotUrl,props_pageProps_match_matchInfo_team1_playerHistories_2_playerDetails_name,props_pageProps_match_matchInfo_team1_playerHistories_2_playerDetails_perid,props_pageProps_match_matchInfo_team1_playerHistories_2_playerPerid,props_pageProps_match_matchInfo_team1_playerHistories_2_role,props_pageProps_match_matchInfo_team1_playerHistories_2_tournamentUrn,props_pageProps_match_matchInfo_team1_playerHistories_3___typename,props_pageProps_match_matchInfo_team1_playerHistories_3_playerDetails___typename,props_pageProps_match_matchInfo_team1_playerHistories_3_playerDetails_factorId,props_pageProps_match_matchInfo_team1_playerHistories_3_playerDetails_fullName,props_pageProps_match_matchInfo_team1_playerHistories_3_playerDetails_headshotUrl,props_pageProps_match_matchInfo_team1_playerHistories_3_playerDetails_name,props_pageProps_match_matchInfo_team1_playerHistories_3_playerDetails_perid,props_pageProps_match_matchInfo_team1_playerHistories_3_playerPerid,props_pageProps_match_matchInfo_team1_playerHistories_3_role,props_pageProps_match_matchInfo_team1_playerHistories_3_tournamentUrn,props_pageProps_match_matchInfo_team1_playerHistories_4___typename,props_pageProps_match_matchInfo_team1_playerHistories_4_playerDetails___typename,props_pageProps_match_matchInfo_team1_playerHistories_4_playerDetails_factorId,props_pageProps_match_matchInfo_team1_playerHistories_4_playerDetails_fullName,props_pageProps_match_matchInfo_team1_playerHistories_4_playerDetails_headshotUrl,props_pageProps_match_matchInfo_team1_playerHistories_4_playerDetails_name,props_pageProps_match_matchInfo_team1_playerHistories_4_playerDetails_perid,props_pageProps_match_matchInfo_team1_playerHistories_4_playerPerid,props_pageProps_match_matchInfo_team1_playerHistories_4_role,props_pageProps_match_matchInfo_team1_playerHistories_4_tournamentUrn,props_pageProps_match_matchInfo_team1_playerHistories_5___typename,props_pageProps_match_matchInfo_team1_playerHistories_5_playerDetails___typename,props_pageProps_match_matchInfo_team1_playerHistories_5_playerDetails_factorId,props_pageProps_match_matchInfo_team1_playerHistories_5_playerDetails_fullName,props_pageProps_match_matchInfo_team1_playerHistories_5_playerDetails_headshotUrl,props_pageProps_match_matchInfo_team1_playerHistories_5_playerDetails_name,props_pageProps_match_matchInfo_team1_playerHistories_5_playerDetails_perid,props_pageProps_match_matchInfo_team1_playerHistories_5_playerPerid,props_pageProps_match_matchInfo_team1_playerHistories_5_role,props_pageProps_match_matchInfo_team1_playerHistories_5_tournamentUrn,props_pageProps_match_matchInfo_team1_playerHistories_6___typename,props_pageProps_match_matchInfo_team1_playerHistories_6_playerDetails___typename,props_pageProps_match_matchInfo_team1_playerHistories_6_playerDetails_factorId,props_pageProps_match_matchInfo_team1_playerHistories_6_playerDetails_fullName,props_pageProps_match_matchInfo_team1_playerHistories_6_playerDetails_headshotUrl,props_pageProps_match_matchInfo_team1_playerHistories_6_playerDetails_name,props_pageProps_match_matchInfo_team1_playerHistories_6_playerDetails_perid,props_pageProps_match_matchInfo_team1_playerHistories_6_playerPerid,props_pageProps_match_matchInfo_team1_playerHistories_6_role,props_pageProps_match_matchInfo_team1_playerHistories_6_tournamentUrn,props_pageProps_match_matchInfo_team1_playerHistories_7___typename,props_pageProps_match_matchInfo_team1_playerHistories_7_playerDetails___typename,props_pageProps_match_matchInfo_team1_playerHistories_7_playerDetails_factorId,props_pageProps_match_matchInfo_team1_playerHistories_7_playerDetails_fullName,props_pageProps_match_matchInfo_team1_playerHistories_7_playerDetails_headshotUrl,props_pageProps_match_matchInfo_team1_playerHistories_7_playerDetails_name,props_pageProps_match_matchInfo_team1_playerHistories_7_playerDetails_perid,props_pageProps_match_matchInfo_team1_playerHistories_7_playerPerid,props_pageProps_match_matchInfo_team1_playerHistories_7_role,props_pageProps_match_matchInfo_team1_playerHistories_7_tournamentUrn,props_pageProps_match_matchInfo_team1_playerHistories_8___typename,props_pageProps_match_matchInfo_team1_playerHistories_8_playerDetails___typename,props_pageProps_match_matchInfo_team1_playerHistories_8_playerDetails_factorId,props_pageProps_match_matchInfo_team1_playerHistories_8_playerDetails_fullName,props_pageProps_match_matchInfo_team1_playerHistories_8_playerDetails_headshotUrl,props_pageProps_match_matchInfo_team1_playerHistories_8_playerDetails_name,props_pageProps_match_matchInfo_team1_playerHistories_8_playerDetails_perid,props_pageProps_match_matchInfo_team1_playerHistories_8_playerPerid,props_pageProps_match_matchInfo_team1_playerHistories_8_role,props_pageProps_match_matchInfo_team1_playerHistories_8_tournamentUrn,props_pageProps_match_matchInfo_team1_playerHistories_9___typename,props_pageProps_match_matchInfo_team1_playerHistories_9_playerDetails___typename,props_pageProps_match_matchInfo_team1_playerHistories_9_playerDetails_factorId,props_pageProps_match_matchInfo_team1_playerHistories_9_playerDetails_fullName,props_pageProps_match_matchInfo_team1_playerHistories_9_playerDetails_headshotUrl,props_pageProps_match_matchInfo_team1_playerHistories_9_playerDetails_name,props_pageProps_match_matchInfo_team1_playerHistories_9_playerDetails_perid,props_pageProps_match_matchInfo_team1_playerHistories_9_playerPerid,props_pageProps_match_matchInfo_team1_playerHistories_9_role,props_pageProps_match_matchInfo_team1_playerHistories_9_tournamentUrn,props_pageProps_match_matchInfo_team1_playerHistories_10___typename,props_pageProps_match_matchInfo_team1_playerHistories_10_playerDetails___typename,props_pageProps_match_matchInfo_team1_playerHistories_10_playerDetails_factorId,props_pageProps_match_matchInfo_team1_playerHistories_10_playerDetails_fullName,props_pageProps_match_matchInfo_team1_playerHistories_10_playerDetails_headshotUrl,props_pageProps_match_matchInfo_team1_playerHistories_10_playerDetails_name,props_pageProps_match_matchInfo_team1_playerHistories_10_playerDetails_perid,props_pageProps_match_matchInfo_team1_playerHistories_10_playerPerid,props_pageProps_match_matchInfo_team1_playerHistories_10_role,props_pageProps_match_matchInfo_team1_playerHistories_10_tournamentUrn,props_pageProps_match_matchInfo_team1_playerHistories_11___typename,props_pageProps_match_matchInfo_team1_playerHistories_11_playerDetails___typename,props_pageProps_match_matchInfo_team1_playerHistories_11_playerDetails_factorId,props_pageProps_match_matchInfo_team1_playerHistories_11_playerDetails_fullName,props_pageProps_match_matchInfo_team1_playerHistories_11_playerDetails_headshotUrl,props_pageProps_match_matchInfo_team1_playerHistories_11_playerDetails_name,props_pageProps_match_matchInfo_team1_playerHistories_11_playerDetails_perid,props_pageProps_match_matchInfo_team1_playerHistories_11_playerPerid,props_pageProps_match_matchInfo_team1_playerHistories_11_role,props_pageProps_match_matchInfo_team1_playerHistories_11_tournamentUrn,props_pageProps_match_matchInfo_team1_playerHistories_12___typename,props_pageProps_match_matchInfo_team1_playerHistories_12_playerDetails___typename,props_pageProps_match_matchInfo_team1_playerHistories_12_playerDetails_factorId,props_pageProps_match_matchInfo_team1_playerHistories_12_playerDetails_fullName,props_pageProps_match_matchInfo_team1_playerHistories_12_playerDetails_headshotUrl,props_pageProps_match_matchInfo_team1_playerHistories_12_playerDetails_name,props_pageProps_match_matchInfo_team1_playerHistories_12_playerDetails_perid,props_pageProps_match_matchInfo_team1_playerHistories_12_playerPerid,props_pageProps_match_matchInfo_team1_playerHistories_12_role,props_pageProps_match_matchInfo_team1_playerHistories_12_tournamentUrn,props_pageProps_match_matchInfo_team1_playerHistories_13___typename,props_pageProps_match_matchInfo_team1_playerHistories_13_playerDetails___typename,props_pageProps_match_matchInfo_team1_playerHistories_13_playerDetails_factorId,props_pageProps_match_matchInfo_team1_playerHistories_13_playerDetails_fullName,props_pageProps_match_matchInfo_team1_playerHistories_13_playerDetails_headshotUrl,props_pageProps_match_matchInfo_team1_playerHistories_13_playerDetails_name,props_pageProps_match_matchInfo_team1_playerHistories_13_playerDetails_perid,props_pageProps_match_matchInfo_team1_playerHistories_13_playerPerid,props_pageProps_match_matchInfo_team1_playerHistories_13_role,props_pageProps_match_matchInfo_team1_playerHistories_13_tournamentUrn,props_pageProps_match_matchInfo_team1_playerHistories_14___typename,props_pageProps_match_matchInfo_team1_playerHistories_14_playerDetails___typename,props_pageProps_match_matchInfo_team1_playerHistories_14_playerDetails_factorId,props_pageProps_match_matchInfo_team1_playerHistories_14_playerDetails_fullName,props_pageProps_match_matchInfo_team1_playerHistories_14_playerDetails_headshotUrl,props_pageProps_match_matchInfo_team1_playerHistories_14_playerDetails_name,props_pageProps_match_matchInfo_team1_playerHistories_14_playerDetails_perid,props_pageProps_match_matchInfo_team1_playerHistories_14_playerPerid,props_pageProps_match_matchInfo_team1_playerHistories_14_role,props_pageProps_match_matchInfo_team1_playerHistories_14_tournamentUrn,props_pageProps_match_matchInfo_team1_playerHistories_15___typename,props_pageProps_match_matchInfo_team1_playerHistories_15_playerDetails___typename,props_pageProps_match_matchInfo_team1_playerHistories_15_playerDetails_factorId,props_pageProps_match_matchInfo_team1_playerHistories_15_playerDetails_fullName,props_pageProps_match_matchInfo_team1_playerHistories_15_playerDetails_headshotUrl,props_pageProps_match_matchInfo_team1_playerHistories_15_playerDetails_name,props_pageProps_match_matchInfo_team1_playerHistories_15_playerDetails_perid,props_pageProps_match_matchInfo_team1_playerHistories_15_playerPerid,props_pageProps_match_matchInfo_team1_playerHistories_15_role,props_pageProps_match_matchInfo_team1_playerHistories_15_tournamentUrn,props_pageProps_match_matchInfo_team1_playerHistories_16___typename,props_pageProps_match_matchInfo_team1_playerHistories_16_playerDetails___typename,props_pageProps_match_matchInfo_team1_playerHistories_16_playerDetails_factorId,props_pageProps_match_matchInfo_team1_playerHistories_16_playerDetails_fullName,props_pageProps_match_matchInfo_team1_playerHistories_16_playerDetails_headshotUrl,props_pageProps_match_matchInfo_team1_playerHistories_16_playerDetails_name,props_pageProps_match_matchInfo_team1_playerHistories_16_playerDetails_perid,props_pageProps_match_matchInfo_team1_playerHistories_16_playerPerid,props_pageProps_match_matchInfo_team1_playerHistories_16_role,props_pageProps_match_matchInfo_team1_playerHistories_16_tournamentUrn,props_pageProps_match_matchInfo_team1_playerHistories_17___typename,props_pageProps_match_matchInfo_team1_playerHistories_17_playerDetails___typename,props_pageProps_match_matchInfo_team1_playerHistories_17_playerDetails_factorId,props_pageProps_match_matchInfo_team1_playerHistories_17_playerDetails_fullName,props_pageProps_match_matchInfo_team1_playerHistories_17_playerDetails_headshotUrl,props_pageProps_match_matchInfo_team1_playerHistories_17_playerDetails_name,props_pageProps_match_matchInfo_team1_playerHistories_17_playerDetails_perid,props_pageProps_match_matchInfo_team1_playerHistories_17_playerPerid,props_pageProps_match_matchInfo_team1_playerHistories_17_role,props_pageProps_match_matchInfo_team1_playerHistories_17_tournamentUrn,props_pageProps_match_matchInfo_team1_playerHistories_18___typename,props_pageProps_match_matchInfo_team1_playerHistories_18_playerDetails___typename,props_pageProps_match_matchInfo_team1_playerHistories_18_playerDetails_factorId,props_pageProps_match_matchInfo_team1_playerHistories_18_playerDetails_fullName,props_pageProps_match_matchInfo_team1_playerHistories_18_playerDetails_headshotUrl,props_pageProps_match_matchInfo_team1_playerHistories_18_playerDetails_name,props_pageProps_match_matchInfo_team1_playerHistories_18_playerDetails_perid,props_pageProps_match_matchInfo_team1_playerHistories_18_playerPerid,props_pageProps_match_matchInfo_team1_playerHistories_18_role,props_pageProps_match_matchInfo_team1_playerHistories_18_tournamentUrn,props_pageProps_match_matchInfo_team1_playerHistories_19___typename,props_pageProps_match_matchInfo_team1_playerHistories_19_playerDetails___typename,props_pageProps_match_matchInfo_team1_playerHistories_19_playerDetails_factorId,props_pageProps_match_matchInfo_team1_playerHistories_19_playerDetails_fullName,props_pageProps_match_matchInfo_team1_playerHistories_19_playerDetails_headshotUrl,props_pageProps_match_matchInfo_team1_playerHistories_19_playerDetails_name,props_pageProps_match_matchInfo_team1_playerHistories_19_playerDetails_perid,props_pageProps_match_matchInfo_team1_playerHistories_19_playerPerid,props_pageProps_match_matchInfo_team1_playerHistories_19_role,props_pageProps_match_matchInfo_team1_playerHistories_19_tournamentUrn,props_pageProps_match_matchInfo_team1_playerHistories_20___typename,props_pageProps_match_matchInfo_team1_playerHistories_20_playerDetails___typename,props_pageProps_match_matchInfo_team1_playerHistories_20_playerDetails_factorId,props_pageProps_match_matchInfo_team1_playerHistories_20_playerDetails_fullName,props_pageProps_match_matchInfo_team1_playerHistories_20_playerDetails_headshotUrl,props_pageProps_match_matchInfo_team1_playerHistories_20_playerDetails_name,props_pageProps_match_matchInfo_team1_playerHistories_20_playerDetails_perid,props_pageProps_match_matchInfo_team1_playerHistories_20_playerPerid,props_pageProps_match_matchInfo_team1_playerHistories_20_role,props_pageProps_match_matchInfo_team1_playerHistories_20_tournamentUrn,props_pageProps_match_matchInfo_team1_playerHistories_21___typename,props_pageProps_match_matchInfo_team1_playerHistories_21_playerDetails___typename,props_pageProps_match_matchInfo_team1_playerHistories_21_playerDetails_factorId,props_pageProps_match_matchInfo_team1_playerHistories_21_playerDetails_fullName,props_pageProps_match_matchInfo_team1_playerHistories_21_playerDetails_headshotUrl,props_pageProps_match_matchInfo_team1_playerHistories_21_playerDetails_name,props_pageProps_match_matchInfo_team1_playerHistories_21_playerDetails_perid,props_pageProps_match_matchInfo_team1_playerHistories_21_playerPerid,props_pageProps_match_matchInfo_team1_playerHistories_21_role,props_pageProps_match_matchInfo_team1_playerHistories_21_tournamentUrn,props_pageProps_match_matchInfo_team1_powrRanking___typename,props_pageProps_match_matchInfo_team1_powrRanking_gameRecord,props_pageProps_match_matchInfo_team1_powrRanking_gamesPlayed,props_pageProps_match_matchInfo_team1_powrRanking_prevRanking,props_pageProps_match_matchInfo_team1_powrRanking_rank,props_pageProps_match_matchInfo_team1_powrRanking_ranking,props_pageProps_match_matchInfo_team1_powrRanking_team,props_pageProps_match_matchInfo_team1_powrRanking_teamPerid,props_pageProps_match_matchInfo_team1_roster_0_playerDetails___typename,props_pageProps_match_matchInfo_team1_roster_0_playerDetails_factorId,props_pageProps_match_matchInfo_team1_roster_0_playerDetails_fullName,props_pageProps_match_matchInfo_team1_roster_0_playerDetails_headshotUrl,props_pageProps_match_matchInfo_team1_roster_0_playerDetails_name,props_pageProps_match_matchInfo_team1_roster_0_playerDetails_perid,props_pageProps_match_matchInfo_team1_roster_0_playerName,props_pageProps_match_matchInfo_team1_roster_0_playerPerid,props_pageProps_match_matchInfo_team1_roster_0_role,props_pageProps_match_matchInfo_team1_roster_1_playerDetails___typename,props_pageProps_match_matchInfo_team1_roster_1_playerDetails_factorId,props_pageProps_match_matchInfo_team1_roster_1_playerDetails_fullName,props_pageProps_match_matchInfo_team1_roster_1_playerDetails_headshotUrl,props_pageProps_match_matchInfo_team1_roster_1_playerDetails_name,props_pageProps_match_matchInfo_team1_roster_1_playerDetails_perid,props_pageProps_match_matchInfo_team1_roster_1_playerName,props_pageProps_match_matchInfo_team1_roster_1_playerPerid,props_pageProps_match_matchInfo_team1_roster_1_role,props_pageProps_match_matchInfo_team1_roster_2_playerDetails___typename,props_pageProps_match_matchInfo_team1_roster_2_playerDetails_factorId,props_pageProps_match_matchInfo_team1_roster_2_playerDetails_fullName,props_pageProps_match_matchInfo_team1_roster_2_playerDetails_headshotUrl,props_pageProps_match_matchInfo_team1_roster_2_playerDetails_name,props_pageProps_match_matchInfo_team1_roster_2_playerDetails_perid,props_pageProps_match_matchInfo_team1_roster_2_playerName,props_pageProps_match_matchInfo_team1_roster_2_playerPerid,props_pageProps_match_matchInfo_team1_roster_2_role,props_pageProps_match_matchInfo_team1_roster_3_playerDetails___typename,props_pageProps_match_matchInfo_team1_roster_3_playerDetails_factorId,props_pageProps_match_matchInfo_team1_roster_3_playerDetails_fullName,props_pageProps_match_matchInfo_team1_roster_3_playerDetails_headshotUrl,props_pageProps_match_matchInfo_team1_roster_3_playerDetails_name,props_pageProps_match_matchInfo_team1_roster_3_playerDetails_perid,props_pageProps_match_matchInfo_team1_roster_3_playerName,props_pageProps_match_matchInfo_team1_roster_3_playerPerid,props_pageProps_match_matchInfo_team1_roster_3_role,props_pageProps_match_matchInfo_team1_roster_4_playerDetails___typename,props_pageProps_match_matchInfo_team1_roster_4_playerDetails_factorId,props_pageProps_match_matchInfo_team1_roster_4_playerDetails_fullName,props_pageProps_match_matchInfo_team1_roster_4_playerDetails_headshotUrl,props_pageProps_match_matchInfo_team1_roster_4_playerDetails_name,props_pageProps_match_matchInfo_team1_roster_4_playerDetails_perid,props_pageProps_match_matchInfo_team1_roster_4_playerName,props_pageProps_match_matchInfo_team1_roster_4_playerPerid,props_pageProps_match_matchInfo_team1_roster_4_role,props_pageProps_match_matchInfo_team1_roster_5_playerDetails___typename,props_pageProps_match_matchInfo_team1_roster_5_playerDetails_factorId,props_pageProps_match_matchInfo_team1_roster_5_playerDetails_fullName,props_pageProps_match_matchInfo_team1_roster_5_playerDetails_headshotUrl,props_pageProps_match_matchInfo_team1_roster_5_playerDetails_name,props_pageProps_match_matchInfo_team1_roster_5_playerDetails_perid,props_pageProps_match_matchInfo_team1_roster_5_playerName,props_pageProps_match_matchInfo_team1_roster_5_playerPerid,props_pageProps_match_matchInfo_team1_roster_5_role,props_pageProps_match_matchInfo_team1_roster_6_playerDetails___typename,props_pageProps_match_matchInfo_team1_roster_6_playerDetails_factorId,props_pageProps_match_matchInfo_team1_roster_6_playerDetails_fullName,props_pageProps_match_matchInfo_team1_roster_6_playerDetails_headshotUrl,props_pageProps_match_matchInfo_team1_roster_6_playerDetails_name,props_pageProps_match_matchInfo_team1_roster_6_playerDetails_perid,props_pageProps_match_matchInfo_team1_roster_6_playerName,props_pageProps_match_matchInfo_team1_roster_6_playerPerid,props_pageProps_match_matchInfo_team1_roster_6_role,props_pageProps_match_matchInfo_team1_teamLogo___typename,props_pageProps_match_matchInfo_team1_teamLogo_darkFlip,props_pageProps_match_matchInfo_team1_teamLogo_darkShadow,props_pageProps_match_matchInfo_team1_teamLogo_logoUrl,props_pageProps_match_matchInfo_team1_teamUrn,props_pageProps_match_matchInfo_team1_tournaments_0___typename,props_pageProps_match_matchInfo_team1_tournaments_0_series___typename,props_pageProps_match_matchInfo_team1_tournaments_0_series_seriesName,props_pageProps_match_matchInfo_team1_tournaments_0_series_seriesUrn,props_pageProps_match_matchInfo_team1_tournaments_0_tournamentUrn,props_pageProps_match_matchInfo_team1_tournaments_1___typename,props_pageProps_match_matchInfo_team1_tournaments_1_series___typename,props_pageProps_match_matchInfo_team1_tournaments_1_series_seriesName,props_pageProps_match_matchInfo_team1_tournaments_1_series_seriesUrn,props_pageProps_match_matchInfo_team1_tournaments_1_tournamentUrn,props_pageProps_match_matchInfo_team1_tournaments_2___typename,props_pageProps_match_matchInfo_team1_tournaments_2_series___typename,props_pageProps_match_matchInfo_team1_tournaments_2_series_seriesName,props_pageProps_match_matchInfo_team1_tournaments_2_series_seriesUrn,props_pageProps_match_matchInfo_team1_tournaments_2_tournamentUrn,props_pageProps_match_matchInfo_team2___typename,props_pageProps_match_matchInfo_team2_abbreviation,props_pageProps_match_matchInfo_team2_factorId,props_pageProps_match_matchInfo_team2_fullName,props_pageProps_match_matchInfo_team2_gameRecord_totalLost,props_pageProps_match_matchInfo_team2_gameRecord_totalWin,props_pageProps_match_matchInfo_team2_playerHistories_0___typename,props_pageProps_match_matchInfo_team2_playerHistories_0_playerDetails___typename,props_pageProps_match_matchInfo_team2_playerHistories_0_playerDetails_factorId,props_pageProps_match_matchInfo_team2_playerHistories_0_playerDetails_fullName,props_pageProps_match_matchInfo_team2_playerHistories_0_playerDetails_headshotUrl,props_pageProps_match_matchInfo_team2_playerHistories_0_playerDetails_name,props_pageProps_match_matchInfo_team2_playerHistories_0_playerDetails_perid,props_pageProps_match_matchInfo_team2_playerHistories_0_playerPerid,props_pageProps_match_matchInfo_team2_playerHistories_0_role,props_pageProps_match_matchInfo_team2_playerHistories_0_tournamentUrn,props_pageProps_match_matchInfo_team2_playerHistories_1___typename,props_pageProps_match_matchInfo_team2_playerHistories_1_playerDetails___typename,props_pageProps_match_matchInfo_team2_playerHistories_1_playerDetails_factorId,props_pageProps_match_matchInfo_team2_playerHistories_1_playerDetails_fullName,props_pageProps_match_matchInfo_team2_playerHistories_1_playerDetails_headshotUrl,props_pageProps_match_matchInfo_team2_playerHistories_1_playerDetails_name,props_pageProps_match_matchInfo_team2_playerHistories_1_playerDetails_perid,props_pageProps_match_matchInfo_team2_playerHistories_1_playerPerid,props_pageProps_match_matchInfo_team2_playerHistories_1_role,props_pageProps_match_matchInfo_team2_playerHistories_1_tournamentUrn,props_pageProps_match_matchInfo_team2_playerHistories_2___typename,props_pageProps_match_matchInfo_team2_playerHistories_2_playerDetails___typename,props_pageProps_match_matchInfo_team2_playerHistories_2_playerDetails_factorId,props_pageProps_match_matchInfo_team2_playerHistories_2_playerDetails_fullName,props_pageProps_match_matchInfo_team2_playerHistories_2_playerDetails_headshotUrl,props_pageProps_match_matchInfo_team2_playerHistories_2_playerDetails_name,props_pageProps_match_matchInfo_team2_playerHistories_2_playerDetails_perid,props_pageProps_match_matchInfo_team2_playerHistories_2_playerPerid,props_pageProps_match_matchInfo_team2_playerHistories_2_role,props_pageProps_match_matchInfo_team2_playerHistories_2_tournamentUrn,props_pageProps_match_matchInfo_team2_playerHistories_3___typename,props_pageProps_match_matchInfo_team2_playerHistories_3_playerDetails___typename,props_pageProps_match_matchInfo_team2_playerHistories_3_playerDetails_factorId,props_pageProps_match_matchInfo_team2_playerHistories_3_playerDetails_fullName,props_pageProps_match_matchInfo_team2_playerHistories_3_playerDetails_headshotUrl,props_pageProps_match_matchInfo_team2_playerHistories_3_playerDetails_name,props_pageProps_match_matchInfo_team2_playerHistories_3_playerDetails_perid,props_pageProps_match_matchInfo_team2_playerHistories_3_playerPerid,props_pageProps_match_matchInfo_team2_playerHistories_3_role,props_pageProps_match_matchInfo_team2_playerHistories_3_tournamentUrn,props_pageProps_match_matchInfo_team2_playerHistories_4___typename,props_pageProps_match_matchInfo_team2_playerHistories_4_playerDetails___typename,props_pageProps_match_matchInfo_team2_playerHistories_4_playerDetails_factorId,props_pageProps_match_matchInfo_team2_playerHistories_4_playerDetails_fullName,props_pageProps_match_matchInfo_team2_playerHistories_4_playerDetails_headshotUrl,props_pageProps_match_matchInfo_team2_playerHistories_4_playerDetails_name,props_pageProps_match_matchInfo_team2_playerHistories_4_playerDetails_perid,props_pageProps_match_matchInfo_team2_playerHistories_4_playerPerid,props_pageProps_match_matchInfo_team2_playerHistories_4_role,props_pageProps_match_matchInfo_team2_playerHistories_4_tournamentUrn,props_pageProps_match_matchInfo_team2_playerHistories_5___typename,props_pageProps_match_matchInfo_team2_playerHistories_5_playerDetails___typename,props_pageProps_match_matchInfo_team2_playerHistories_5_playerDetails_factorId,props_pageProps_match_matchInfo_team2_playerHistories_5_playerDetails_fullName,props_pageProps_match_matchInfo_team2_playerHistories_5_playerDetails_headshotUrl,props_pageProps_match_matchInfo_team2_playerHistories_5_playerDetails_name,props_pageProps_match_matchInfo_team2_playerHistories_5_playerDetails_perid,props_pageProps_match_matchInfo_team2_playerHistories_5_playerPerid,props_pageProps_match_matchInfo_team2_playerHistories_5_role,props_pageProps_match_matchInfo_team2_playerHistories_5_tournamentUrn,props_pageProps_match_matchInfo_team2_playerHistories_6___typename,props_pageProps_match_matchInfo_team2_playerHistories_6_playerDetails___typename,props_pageProps_match_matchInfo_team2_playerHistories_6_playerDetails_factorId,props_pageProps_match_matchInfo_team2_playerHistories_6_playerDetails_fullName,props_pageProps_match_matchInfo_team2_playerHistories_6_playerDetails_headshotUrl,props_pageProps_match_matchInfo_team2_playerHistories_6_playerDetails_name,props_pageProps_match_matchInfo_team2_playerHistories_6_playerDetails_perid,props_pageProps_match_matchInfo_team2_playerHistories_6_playerPerid,props_pageProps_match_matchInfo_team2_playerHistories_6_role,props_pageProps_match_matchInfo_team2_playerHistories_6_tournamentUrn,props_pageProps_match_matchInfo_team2_playerHistories_7___typename,props_pageProps_match_matchInfo_team2_playerHistories_7_playerDetails___typename,props_pageProps_match_matchInfo_team2_playerHistories_7_playerDetails_factorId,props_pageProps_match_matchInfo_team2_playerHistories_7_playerDetails_fullName,props_pageProps_match_matchInfo_team2_playerHistories_7_playerDetails_headshotUrl,props_pageProps_match_matchInfo_team2_playerHistories_7_playerDetails_name,props_pageProps_match_matchInfo_team2_playerHistories_7_playerDetails_perid,props_pageProps_match_matchInfo_team2_playerHistories_7_playerPerid,props_pageProps_match_matchInfo_team2_playerHistories_7_role,props_pageProps_match_matchInfo_team2_playerHistories_7_tournamentUrn,props_pageProps_match_matchInfo_team2_playerHistories_8___typename,props_pageProps_match_matchInfo_team2_playerHistories_8_playerDetails___typename,props_pageProps_match_matchInfo_team2_playerHistories_8_playerDetails_factorId,props_pageProps_match_matchInfo_team2_playerHistories_8_playerDetails_fullName,props_pageProps_match_matchInfo_team2_playerHistories_8_playerDetails_headshotUrl,props_pageProps_match_matchInfo_team2_playerHistories_8_playerDetails_name,props_pageProps_match_matchInfo_team2_playerHistories_8_playerDetails_perid,props_pageProps_match_matchInfo_team2_playerHistories_8_playerPerid,props_pageProps_match_matchInfo_team2_playerHistories_8_role,props_pageProps_match_matchInfo_team2_playerHistories_8_tournamentUrn,props_pageProps_match_matchInfo_team2_playerHistories_9___typename,props_pageProps_match_matchInfo_team2_playerHistories_9_playerDetails___typename,props_pageProps_match_matchInfo_team2_playerHistories_9_playerDetails_factorId,props_pageProps_match_matchInfo_team2_playerHistories_9_playerDetails_fullName,props_pageProps_match_matchInfo_team2_playerHistories_9_playerDetails_headshotUrl,props_pageProps_match_matchInfo_team2_playerHistories_9_playerDetails_name,props_pageProps_match_matchInfo_team2_playerHistories_9_playerDetails_perid,props_pageProps_match_matchInfo_team2_playerHistories_9_playerPerid,props_pageProps_match_matchInfo_team2_playerHistories_9_role,props_pageProps_match_matchInfo_team2_playerHistories_9_tournamentUrn,props_pageProps_match_matchInfo_team2_playerHistories_10___typename,props_pageProps_match_matchInfo_team2_playerHistories_10_playerDetails___typename,props_pageProps_match_matchInfo_team2_playerHistories_10_playerDetails_factorId,props_pageProps_match_matchInfo_team2_playerHistories_10_playerDetails_fullName,props_pageProps_match_matchInfo_team2_playerHistories_10_playerDetails_headshotUrl,props_pageProps_match_matchInfo_team2_playerHistories_10_playerDetails_name,props_pageProps_match_matchInfo_team2_playerHistories_10_playerDetails_perid,props_pageProps_match_matchInfo_team2_playerHistories_10_playerPerid,props_pageProps_match_matchInfo_team2_playerHistories_10_role,props_pageProps_match_matchInfo_team2_playerHistories_10_tournamentUrn,props_pageProps_match_matchInfo_team2_playerHistories_11___typename,props_pageProps_match_matchInfo_team2_playerHistories_11_playerDetails___typename,props_pageProps_match_matchInfo_team2_playerHistories_11_playerDetails_factorId,props_pageProps_match_matchInfo_team2_playerHistories_11_playerDetails_fullName,props_pageProps_match_matchInfo_team2_playerHistories_11_playerDetails_headshotUrl,props_pageProps_match_matchInfo_team2_playerHistories_11_playerDetails_name,props_pageProps_match_matchInfo_team2_playerHistories_11_playerDetails_perid,props_pageProps_match_matchInfo_team2_playerHistories_11_playerPerid,props_pageProps_match_matchInfo_team2_playerHistories_11_role,props_pageProps_match_matchInfo_team2_playerHistories_11_tournamentUrn,props_pageProps_match_matchInfo_team2_powrRanking___typename,props_pageProps_match_matchInfo_team2_powrRanking_gameRecord,props_pageProps_match_matchInfo_team2_powrRanking_gamesPlayed,props_pageProps_match_matchInfo_team2_powrRanking_prevRanking,props_pageProps_match_matchInfo_team2_powrRanking_rank,props_pageProps_match_matchInfo_team2_powrRanking_ranking,props_pageProps_match_matchInfo_team2_powrRanking_team,props_pageProps_match_matchInfo_team2_powrRanking_teamPerid,props_pageProps_match_matchInfo_team2_roster_0___typename,props_pageProps_match_matchInfo_team2_roster_0_playerDetails___typename,props_pageProps_match_matchInfo_team2_roster_0_playerDetails_factorId,props_pageProps_match_matchInfo_team2_roster_0_playerDetails_fullName,props_pageProps_match_matchInfo_team2_roster_0_playerDetails_headshotUrl,props_pageProps_match_matchInfo_team2_roster_0_playerDetails_name,props_pageProps_match_matchInfo_team2_roster_0_playerDetails_perid,props_pageProps_match_matchInfo_team2_roster_0_playerName,props_pageProps_match_matchInfo_team2_roster_0_playerPerid,props_pageProps_match_matchInfo_team2_roster_0_role,props_pageProps_match_matchInfo_team2_roster_1___typename,props_pageProps_match_matchInfo_team2_roster_1_playerDetails___typename,props_pageProps_match_matchInfo_team2_roster_1_playerDetails_factorId,props_pageProps_match_matchInfo_team2_roster_1_playerDetails_fullName,props_pageProps_match_matchInfo_team2_roster_1_playerDetails_headshotUrl,props_pageProps_match_matchInfo_team2_roster_1_playerDetails_name,props_pageProps_match_matchInfo_team2_roster_1_playerDetails_perid,props_pageProps_match_matchInfo_team2_roster_1_playerName,props_pageProps_match_matchInfo_team2_roster_1_playerPerid,props_pageProps_match_matchInfo_team2_roster_1_role,props_pageProps_match_matchInfo_team2_roster_2___typename,props_pageProps_match_matchInfo_team2_roster_2_playerDetails___typename,props_pageProps_match_matchInfo_team2_roster_2_playerDetails_factorId,props_pageProps_match_matchInfo_team2_roster_2_playerDetails_fullName,props_pageProps_match_matchInfo_team2_roster_2_playerDetails_headshotUrl,props_pageProps_match_matchInfo_team2_roster_2_playerDetails_name,props_pageProps_match_matchInfo_team2_roster_2_playerDetails_perid,props_pageProps_match_matchInfo_team2_roster_2_playerName,props_pageProps_match_matchInfo_team2_roster_2_playerPerid,props_pageProps_match_matchInfo_team2_roster_2_role,props_pageProps_match_matchInfo_team2_roster_3_playerDetails___typename,props_pageProps_match_matchInfo_team2_roster_3_playerDetails_factorId,props_pageProps_match_matchInfo_team2_roster_3_playerDetails_fullName,props_pageProps_match_matchInfo_team2_roster_3_playerDetails_headshotUrl,props_pageProps_match_matchInfo_team2_roster_3_playerDetails_name,props_pageProps_match_matchInfo_team2_roster_3_playerDetails_perid,props_pageProps_match_matchInfo_team2_roster_3_playerName,props_pageProps_match_matchInfo_team2_roster_3_playerPerid,props_pageProps_match_matchInfo_team2_roster_3_role,props_pageProps_match_matchInfo_team2_roster_4_playerDetails___typename,props_pageProps_match_matchInfo_team2_roster_4_playerDetails_factorId,props_pageProps_match_matchInfo_team2_roster_4_playerDetails_fullName,props_pageProps_match_matchInfo_team2_roster_4_playerDetails_headshotUrl,props_pageProps_match_matchInfo_team2_roster_4_playerDetails_name,props_pageProps_match_matchInfo_team2_roster_4_playerDetails_perid,props_pageProps_match_matchInfo_team2_roster_4_playerName,props_pageProps_match_matchInfo_team2_roster_4_playerPerid,props_pageProps_match_matchInfo_team2_roster_4_role,props_pageProps_match_matchInfo_team2_roster_5_playerDetails___typename,props_pageProps_match_matchInfo_team2_roster_5_playerDetails_factorId,props_pageProps_match_matchInfo_team2_roster_5_playerDetails_fullName,props_pageProps_match_matchInfo_team2_roster_5_playerDetails_headshotUrl,props_pageProps_match_matchInfo_team2_roster_5_playerDetails_name,props_pageProps_match_matchInfo_team2_roster_5_playerDetails_perid,props_pageProps_match_matchInfo_team2_roster_5_playerName,props_pageProps_match_matchInfo_team2_roster_5_playerPerid,props_pageProps_match_matchInfo_team2_roster_5_role,props_pageProps_match_matchInfo_team2_roster_6_playerDetails___typename,props_pageProps_match_matchInfo_team2_roster_6_playerDetails_factorId,props_pageProps_match_matchInfo_team2_roster_6_playerDetails_fullName,props_pageProps_match_matchInfo_team2_roster_6_playerDetails_headshotUrl,props_pageProps_match_matchInfo_team2_roster_6_playerDetails_name,props_pageProps_match_matchInfo_team2_roster_6_playerDetails_perid,props_pageProps_match_matchInfo_team2_roster_6_playerName,props_pageProps_match_matchInfo_team2_roster_6_playerPerid,props_pageProps_match_matchInfo_team2_roster_6_role,props_pageProps_match_matchInfo_team2_roster_7_playerDetails___typename,props_pageProps_match_matchInfo_team2_roster_7_playerDetails_factorId,props_pageProps_match_matchInfo_team2_roster_7_playerDetails_fullName,props_pageProps_match_matchInfo_team2_roster_7_playerDetails_headshotUrl,props_pageProps_match_matchInfo_team2_roster_7_playerDetails_name,props_pageProps_match_matchInfo_team2_roster_7_playerDetails_perid,props_pageProps_match_matchInfo_team2_roster_7_playerName,props_pageProps_match_matchInfo_team2_roster_7_playerPerid,props_pageProps_match_matchInfo_team2_roster_7_role,props_pageProps_match_matchInfo_team2_roster_8_playerDetails___typename,props_pageProps_match_matchInfo_team2_roster_8_playerDetails_factorId,props_pageProps_match_matchInfo_team2_roster_8_playerDetails_fullName,props_pageProps_match_matchInfo_team2_roster_8_playerDetails_headshotUrl,props_pageProps_match_matchInfo_team2_roster_8_playerDetails_name,props_pageProps_match_matchInfo_team2_roster_8_playerDetails_perid,props_pageProps_match_matchInfo_team2_roster_8_playerName,props_pageProps_match_matchInfo_team2_roster_8_playerPerid,props_pageProps_match_matchInfo_team2_roster_8_role,props_pageProps_match_matchInfo_team2_roster_9_playerDetails___typename,props_pageProps_match_matchInfo_team2_roster_9_playerDetails_factorId,props_pageProps_match_matchInfo_team2_roster_9_playerDetails_fullName,props_pageProps_match_matchInfo_team2_roster_9_playerDetails_headshotUrl,props_pageProps_match_matchInfo_team2_roster_9_playerDetails_name,props_pageProps_match_matchInfo_team2_roster_9_playerDetails_perid,props_pageProps_match_matchInfo_team2_roster_9_playerName,props_pageProps_match_matchInfo_team2_roster_9_playerPerid,props_pageProps_match_matchInfo_team2_roster_9_role,props_pageProps_match_matchInfo_team2_teamLogo___typename,props_pageProps_match_matchInfo_team2_teamLogo_darkFlip,props_pageProps_match_matchInfo_team2_teamLogo_darkShadow,props_pageProps_match_matchInfo_team2_teamLogo_logoUrl,props_pageProps_match_matchInfo_team2_teamUrn,props_pageProps_match_matchInfo_team2_tournaments_0___typename,props_pageProps_match_matchInfo_team2_tournaments_0_series___typename,props_pageProps_match_matchInfo_team2_tournaments_0_series_seriesName,props_pageProps_match_matchInfo_team2_tournaments_0_series_seriesUrn,props_pageProps_match_matchInfo_team2_tournaments_0_tournamentUrn,props_pageProps_match_matchInfo_team2_tournaments_1___typename,props_pageProps_match_matchInfo_team2_tournaments_1_series___typename,props_pageProps_match_matchInfo_team2_tournaments_1_series_seriesName,props_pageProps_match_matchInfo_team2_tournaments_1_series_seriesUrn,props_pageProps_match_matchInfo_team2_tournaments_1_tournamentUrn,props_pageProps_match_matchInfo_tournament___typename,props_pageProps_match_matchInfo_tournament_endDate,props_pageProps_match_matchInfo_tournament_lastModified,props_pageProps_match_matchInfo_tournament_name,props_pageProps_match_matchInfo_tournament_season___typename,props_pageProps_match_matchInfo_tournament_season_seasonFullName,props_pageProps_match_matchInfo_tournament_season_seasonName,props_pageProps_match_matchInfo_tournament_season_seasonUrn,props_pageProps_match_matchInfo_tournament_series___typename,props_pageProps_match_matchInfo_tournament_series_seriesName,props_pageProps_match_matchInfo_tournament_series_seriesUrn,props_pageProps_match_matchInfo_tournament_startDate,props_pageProps_match_matchInfo_tournament_tier,props_pageProps_match_matchInfo_tournament_tierLabel,props_pageProps_match_matchInfo_tournament_titleId,props_pageProps_match_matchInfo_tournament_tournamentUrn,props_pageProps_match_pageState_gameNumber,props_pageProps_match_pageState_hasNoTabParams,props_pageProps_match_pageState_matchId,props_pageProps_match_pageState_postMatchTab,props_pageProps_match_seriesName,props_pageProps_match_team1___typename,props_pageProps_match_team1_abbreviation,props_pageProps_match_team1_factorId,props_pageProps_match_team1_fullName,props_pageProps_match_team1_playerHistories_0___typename,props_pageProps_match_team1_playerHistories_0_playerDetails___typename,props_pageProps_match_team1_playerHistories_0_playerDetails_factorId,props_pageProps_match_team1_playerHistories_0_playerDetails_fullName,props_pageProps_match_team1_playerHistories_0_playerDetails_headshotUrl,props_pageProps_match_team1_playerHistories_0_playerDetails_name,props_pageProps_match_team1_playerHistories_0_playerDetails_perid,props_pageProps_match_team1_playerHistories_0_playerPerid,props_pageProps_match_team1_playerHistories_0_role,props_pageProps_match_team1_playerHistories_0_tournamentUrn,props_pageProps_match_team1_playerHistories_1___typename,props_pageProps_match_team1_playerHistories_1_playerDetails___typename,props_pageProps_match_team1_playerHistories_1_playerDetails_factorId,props_pageProps_match_team1_playerHistories_1_playerDetails_fullName,props_pageProps_match_team1_playerHistories_1_playerDetails_headshotUrl,props_pageProps_match_team1_playerHistories_1_playerDetails_name,props_pageProps_match_team1_playerHistories_1_playerDetails_perid,props_pageProps_match_team1_playerHistories_1_playerPerid,props_pageProps_match_team1_playerHistories_1_role,props_pageProps_match_team1_playerHistories_1_tournamentUrn,props_pageProps_match_team1_playerHistories_2___typename,props_pageProps_match_team1_playerHistories_2_playerDetails___typename,props_pageProps_match_team1_playerHistories_2_playerDetails_factorId,props_pageProps_match_team1_playerHistories_2_playerDetails_fullName,props_pageProps_match_team1_playerHistories_2_playerDetails_headshotUrl,props_pageProps_match_team1_playerHistories_2_playerDetails_name,props_pageProps_match_team1_playerHistories_2_playerDetails_perid,props_pageProps_match_team1_playerHistories_2_playerPerid,props_pageProps_match_team1_playerHistories_2_role,props_pageProps_match_team1_playerHistories_2_tournamentUrn,props_pageProps_match_team1_playerHistories_3___typename,props_pageProps_match_team1_playerHistories_3_playerDetails___typename,props_pageProps_match_team1_playerHistories_3_playerDetails_factorId,props_pageProps_match_team1_playerHistories_3_playerDetails_fullName,props_pageProps_match_team1_playerHistories_3_playerDetails_headshotUrl,props_pageProps_match_team1_playerHistories_3_playerDetails_name,props_pageProps_match_team1_playerHistories_3_playerDetails_perid,props_pageProps_match_team1_playerHistories_3_playerPerid,props_pageProps_match_team1_playerHistories_3_role,props_pageProps_match_team1_playerHistories_3_tournamentUrn,props_pageProps_match_team1_playerHistories_4___typename,props_pageProps_match_team1_playerHistories_4_playerDetails___typename,props_pageProps_match_team1_playerHistories_4_playerDetails_factorId,props_pageProps_match_team1_playerHistories_4_playerDetails_fullName,props_pageProps_match_team1_playerHistories_4_playerDetails_headshotUrl,props_pageProps_match_team1_playerHistories_4_playerDetails_name,props_pageProps_match_team1_playerHistories_4_playerDetails_perid,props_pageProps_match_team1_playerHistories_4_playerPerid,props_pageProps_match_team1_playerHistories_4_role,props_pageProps_match_team1_playerHistories_4_tournamentUrn,props_pageProps_match_team1_playerHistories_5___typename,props_pageProps_match_team1_playerHistories_5_playerDetails___typename,props_pageProps_match_team1_playerHistories_5_playerDetails_factorId,props_pageProps_match_team1_playerHistories_5_playerDetails_fullName,props_pageProps_match_team1_playerHistories_5_playerDetails_headshotUrl,props_pageProps_match_team1_playerHistories_5_playerDetails_name,props_pageProps_match_team1_playerHistories_5_playerDetails_perid,props_pageProps_match_team1_playerHistories_5_playerPerid,props_pageProps_match_team1_playerHistories_5_role,props_pageProps_match_team1_playerHistories_5_tournamentUrn,props_pageProps_match_team1_playerHistories_6___typename,props_pageProps_match_team1_playerHistories_6_playerDetails___typename,props_pageProps_match_team1_playerHistories_6_playerDetails_factorId,props_pageProps_match_team1_playerHistories_6_playerDetails_fullName,props_pageProps_match_team1_playerHistories_6_playerDetails_headshotUrl,props_pageProps_match_team1_playerHistories_6_playerDetails_name,props_pageProps_match_team1_playerHistories_6_playerDetails_perid,props_pageProps_match_team1_playerHistories_6_playerPerid,props_pageProps_match_team1_playerHistories_6_role,props_pageProps_match_team1_playerHistories_6_tournamentUrn,props_pageProps_match_team1_playerHistories_7___typename,props_pageProps_match_team1_playerHistories_7_playerDetails___typename,props_pageProps_match_team1_playerHistories_7_playerDetails_factorId,props_pageProps_match_team1_playerHistories_7_playerDetails_fullName,props_pageProps_match_team1_playerHistories_7_playerDetails_headshotUrl,props_pageProps_match_team1_playerHistories_7_playerDetails_name,props_pageProps_match_team1_playerHistories_7_playerDetails_perid,props_pageProps_match_team1_playerHistories_7_playerPerid,props_pageProps_match_team1_playerHistories_7_role,props_pageProps_match_team1_playerHistories_7_tournamentUrn,props_pageProps_match_team1_playerHistories_8___typename,props_pageProps_match_team1_playerHistories_8_playerDetails___typename,props_pageProps_match_team1_playerHistories_8_playerDetails_factorId,props_pageProps_match_team1_playerHistories_8_playerDetails_fullName,props_pageProps_match_team1_playerHistories_8_playerDetails_headshotUrl,props_pageProps_match_team1_playerHistories_8_playerDetails_name,props_pageProps_match_team1_playerHistories_8_playerDetails_perid,props_pageProps_match_team1_playerHistories_8_playerPerid,props_pageProps_match_team1_playerHistories_8_role,props_pageProps_match_team1_playerHistories_8_tournamentUrn,props_pageProps_match_team1_playerHistories_9___typename,props_pageProps_match_team1_playerHistories_9_playerDetails___typename,props_pageProps_match_team1_playerHistories_9_playerDetails_factorId,props_pageProps_match_team1_playerHistories_9_playerDetails_fullName,props_pageProps_match_team1_playerHistories_9_playerDetails_headshotUrl,props_pageProps_match_team1_playerHistories_9_playerDetails_name,props_pageProps_match_team1_playerHistories_9_playerDetails_perid,props_pageProps_match_team1_playerHistories_9_playerPerid,props_pageProps_match_team1_playerHistories_9_role,props_pageProps_match_team1_playerHistories_9_tournamentUrn,props_pageProps_match_team1_playerHistories_10___typename,props_pageProps_match_team1_playerHistories_10_playerDetails___typename,props_pageProps_match_team1_playerHistories_10_playerDetails_factorId,props_pageProps_match_team1_playerHistories_10_playerDetails_fullName,props_pageProps_match_team1_playerHistories_10_playerDetails_headshotUrl,props_pageProps_match_team1_playerHistories_10_playerDetails_name,props_pageProps_match_team1_playerHistories_10_playerDetails_perid,props_pageProps_match_team1_playerHistories_10_playerPerid,props_pageProps_match_team1_playerHistories_10_role,props_pageProps_match_team1_playerHistories_10_tournamentUrn,props_pageProps_match_team1_playerHistories_11___typename,props_pageProps_match_team1_playerHistories_11_playerDetails___typename,props_pageProps_match_team1_playerHistories_11_playerDetails_factorId,props_pageProps_match_team1_playerHistories_11_playerDetails_fullName,props_pageProps_match_team1_playerHistories_11_playerDetails_headshotUrl,props_pageProps_match_team1_playerHistories_11_playerDetails_name,props_pageProps_match_team1_playerHistories_11_playerDetails_perid,props_pageProps_match_team1_playerHistories_11_playerPerid,props_pageProps_match_team1_playerHistories_11_role,props_pageProps_match_team1_playerHistories_11_tournamentUrn,props_pageProps_match_team1_playerHistories_12___typename,props_pageProps_match_team1_playerHistories_12_playerDetails___typename,props_pageProps_match_team1_playerHistories_12_playerDetails_factorId,props_pageProps_match_team1_playerHistories_12_playerDetails_fullName,props_pageProps_match_team1_playerHistories_12_playerDetails_headshotUrl,props_pageProps_match_team1_playerHistories_12_playerDetails_name,props_pageProps_match_team1_playerHistories_12_playerDetails_perid,props_pageProps_match_team1_playerHistories_12_playerPerid,props_pageProps_match_team1_playerHistories_12_role,props_pageProps_match_team1_playerHistories_12_tournamentUrn,props_pageProps_match_team1_playerHistories_13___typename,props_pageProps_match_team1_playerHistories_13_playerDetails___typename,props_pageProps_match_team1_playerHistories_13_playerDetails_factorId,props_pageProps_match_team1_playerHistories_13_playerDetails_fullName,props_pageProps_match_team1_playerHistories_13_playerDetails_headshotUrl,props_pageProps_match_team1_playerHistories_13_playerDetails_name,props_pageProps_match_team1_playerHistories_13_playerDetails_perid,props_pageProps_match_team1_playerHistories_13_playerPerid,props_pageProps_match_team1_playerHistories_13_role,props_pageProps_match_team1_playerHistories_13_tournamentUrn,props_pageProps_match_team1_playerHistories_14___typename,props_pageProps_match_team1_playerHistories_14_playerDetails___typename,props_pageProps_match_team1_playerHistories_14_playerDetails_factorId,props_pageProps_match_team1_playerHistories_14_playerDetails_fullName,props_pageProps_match_team1_playerHistories_14_playerDetails_headshotUrl,props_pageProps_match_team1_playerHistories_14_playerDetails_name,props_pageProps_match_team1_playerHistories_14_playerDetails_perid,props_pageProps_match_team1_playerHistories_14_playerPerid,props_pageProps_match_team1_playerHistories_14_role,props_pageProps_match_team1_playerHistories_14_tournamentUrn,props_pageProps_match_team1_playerHistories_15___typename,props_pageProps_match_team1_playerHistories_15_playerDetails___typename,props_pageProps_match_team1_playerHistories_15_playerDetails_factorId,props_pageProps_match_team1_playerHistories_15_playerDetails_fullName,props_pageProps_match_team1_playerHistories_15_playerDetails_headshotUrl,props_pageProps_match_team1_playerHistories_15_playerDetails_name,props_pageProps_match_team1_playerHistories_15_playerDetails_perid,props_pageProps_match_team1_playerHistories_15_playerPerid,props_pageProps_match_team1_playerHistories_15_role,props_pageProps_match_team1_playerHistories_15_tournamentUrn,props_pageProps_match_team1_playerHistories_16___typename,props_pageProps_match_team1_playerHistories_16_playerDetails___typename,props_pageProps_match_team1_playerHistories_16_playerDetails_factorId,props_pageProps_match_team1_playerHistories_16_playerDetails_fullName,props_pageProps_match_team1_playerHistories_16_playerDetails_headshotUrl,props_pageProps_match_team1_playerHistories_16_playerDetails_name,props_pageProps_match_team1_playerHistories_16_playerDetails_perid,props_pageProps_match_team1_playerHistories_16_playerPerid,props_pageProps_match_team1_playerHistories_16_role,props_pageProps_match_team1_playerHistories_16_tournamentUrn,props_pageProps_match_team1_playerHistories_17___typename,props_pageProps_match_team1_playerHistories_17_playerDetails___typename,props_pageProps_match_team1_playerHistories_17_playerDetails_factorId,props_pageProps_match_team1_playerHistories_17_playerDetails_fullName,props_pageProps_match_team1_playerHistories_17_playerDetails_headshotUrl,props_pageProps_match_team1_playerHistories_17_playerDetails_name,props_pageProps_match_team1_playerHistories_17_playerDetails_perid,props_pageProps_match_team1_playerHistories_17_playerPerid,props_pageProps_match_team1_playerHistories_17_role,props_pageProps_match_team1_playerHistories_17_tournamentUrn,props_pageProps_match_team1_playerHistories_18___typename,props_pageProps_match_team1_playerHistories_18_playerDetails___typename,props_pageProps_match_team1_playerHistories_18_playerDetails_factorId,props_pageProps_match_team1_playerHistories_18_playerDetails_fullName,props_pageProps_match_team1_playerHistories_18_playerDetails_headshotUrl,props_pageProps_match_team1_playerHistories_18_playerDetails_name,props_pageProps_match_team1_playerHistories_18_playerDetails_perid,props_pageProps_match_team1_playerHistories_18_playerPerid,props_pageProps_match_team1_playerHistories_18_role,props_pageProps_match_team1_playerHistories_18_tournamentUrn,props_pageProps_match_team1_playerHistories_19___typename,props_pageProps_match_team1_playerHistories_19_playerDetails___typename,props_pageProps_match_team1_playerHistories_19_playerDetails_factorId,props_pageProps_match_team1_playerHistories_19_playerDetails_fullName,props_pageProps_match_team1_playerHistories_19_playerDetails_headshotUrl,props_pageProps_match_team1_playerHistories_19_playerDetails_name,props_pageProps_match_team1_playerHistories_19_playerDetails_perid,props_pageProps_match_team1_playerHistories_19_playerPerid,props_pageProps_match_team1_playerHistories_19_role,props_pageProps_match_team1_playerHistories_19_tournamentUrn,props_pageProps_match_team1_playerHistories_20___typename,props_pageProps_match_team1_playerHistories_20_playerDetails___typename,props_pageProps_match_team1_playerHistories_20_playerDetails_factorId,props_pageProps_match_team1_playerHistories_20_playerDetails_fullName,props_pageProps_match_team1_playerHistories_20_playerDetails_headshotUrl,props_pageProps_match_team1_playerHistories_20_playerDetails_name,props_pageProps_match_team1_playerHistories_20_playerDetails_perid,props_pageProps_match_team1_playerHistories_20_playerPerid,props_pageProps_match_team1_playerHistories_20_role,props_pageProps_match_team1_playerHistories_20_tournamentUrn,props_pageProps_match_team1_playerHistories_21___typename,props_pageProps_match_team1_playerHistories_21_playerDetails___typename,props_pageProps_match_team1_playerHistories_21_playerDetails_factorId,props_pageProps_match_team1_playerHistories_21_playerDetails_fullName,props_pageProps_match_team1_playerHistories_21_playerDetails_headshotUrl,props_pageProps_match_team1_playerHistories_21_playerDetails_name,props_pageProps_match_team1_playerHistories_21_playerDetails_perid,props_pageProps_match_team1_playerHistories_21_playerPerid,props_pageProps_match_team1_playerHistories_21_role,props_pageProps_match_team1_playerHistories_21_tournamentUrn,props_pageProps_match_team1_powrRanking___typename,props_pageProps_match_team1_powrRanking_gameRecord,props_pageProps_match_team1_powrRanking_gamesPlayed,props_pageProps_match_team1_powrRanking_prevRanking,props_pageProps_match_team1_powrRanking_rank,props_pageProps_match_team1_powrRanking_ranking,props_pageProps_match_team1_powrRanking_team,props_pageProps_match_team1_powrRanking_teamPerid,props_pageProps_match_team1_teamLogo___typename,props_pageProps_match_team1_teamLogo_darkFlip,props_pageProps_match_team1_teamLogo_darkShadow,props_pageProps_match_team1_teamLogo_logoUrl,props_pageProps_match_team1_teamUrn,props_pageProps_match_team1_tournaments_0___typename,props_pageProps_match_team1_tournaments_0_series___typename,props_pageProps_match_team1_tournaments_0_series_seriesName,props_pageProps_match_team1_tournaments_0_series_seriesUrn,props_pageProps_match_team1_tournaments_0_tournamentUrn,props_pageProps_match_team1_tournaments_1___typename,props_pageProps_match_team1_tournaments_1_series___typename,props_pageProps_match_team1_tournaments_1_series_seriesName,props_pageProps_match_team1_tournaments_1_series_seriesUrn,props_pageProps_match_team1_tournaments_1_tournamentUrn,props_pageProps_match_team1_tournaments_2___typename,props_pageProps_match_team1_tournaments_2_series___typename,props_pageProps_match_team1_tournaments_2_series_seriesName,props_pageProps_match_team1_tournaments_2_series_seriesUrn,props_pageProps_match_team1_tournaments_2_tournamentUrn,props_pageProps_match_team2___typename,props_pageProps_match_team2_abbreviation,props_pageProps_match_team2_factorId,props_pageProps_match_team2_fullName,props_pageProps_match_team2_playerHistories_0___typename,props_pageProps_match_team2_playerHistories_0_playerDetails___typename,props_pageProps_match_team2_playerHistories_0_playerDetails_factorId,props_pageProps_match_team2_playerHistories_0_playerDetails_fullName,props_pageProps_match_team2_playerHistories_0_playerDetails_headshotUrl,props_pageProps_match_team2_playerHistories_0_playerDetails_name,props_pageProps_match_team2_playerHistories_0_playerDetails_perid,props_pageProps_match_team2_playerHistories_0_playerPerid,props_pageProps_match_team2_playerHistories_0_role,props_pageProps_match_team2_playerHistories_0_tournamentUrn,props_pageProps_match_team2_playerHistories_1___typename,props_pageProps_match_team2_playerHistories_1_playerDetails___typename,props_pageProps_match_team2_playerHistories_1_playerDetails_factorId,props_pageProps_match_team2_playerHistories_1_playerDetails_fullName,props_pageProps_match_team2_playerHistories_1_playerDetails_headshotUrl,props_pageProps_match_team2_playerHistories_1_playerDetails_name,props_pageProps_match_team2_playerHistories_1_playerDetails_perid,props_pageProps_match_team2_playerHistories_1_playerPerid,props_pageProps_match_team2_playerHistories_1_role,props_pageProps_match_team2_playerHistories_1_tournamentUrn,props_pageProps_match_team2_playerHistories_2___typename,props_pageProps_match_team2_playerHistories_2_playerDetails___typename,props_pageProps_match_team2_playerHistories_2_playerDetails_factorId,props_pageProps_match_team2_playerHistories_2_playerDetails_fullName,props_pageProps_match_team2_playerHistories_2_playerDetails_headshotUrl,props_pageProps_match_team2_playerHistories_2_playerDetails_name,props_pageProps_match_team2_playerHistories_2_playerDetails_perid,props_pageProps_match_team2_playerHistories_2_playerPerid,props_pageProps_match_team2_playerHistories_2_role,props_pageProps_match_team2_playerHistories_2_tournamentUrn,props_pageProps_match_team2_playerHistories_3___typename,props_pageProps_match_team2_playerHistories_3_playerDetails___typename,props_pageProps_match_team2_playerHistories_3_playerDetails_factorId,props_pageProps_match_team2_playerHistories_3_playerDetails_fullName,props_pageProps_match_team2_playerHistories_3_playerDetails_headshotUrl,props_pageProps_match_team2_playerHistories_3_playerDetails_name,props_pageProps_match_team2_playerHistories_3_playerDetails_perid,props_pageProps_match_team2_playerHistories_3_playerPerid,props_pageProps_match_team2_playerHistories_3_role,props_pageProps_match_team2_playerHistories_3_tournamentUrn,props_pageProps_match_team2_playerHistories_4___typename,props_pageProps_match_team2_playerHistories_4_playerDetails___typename,props_pageProps_match_team2_playerHistories_4_playerDetails_factorId,props_pageProps_match_team2_playerHistories_4_playerDetails_fullName,props_pageProps_match_team2_playerHistories_4_playerDetails_headshotUrl,props_pageProps_match_team2_playerHistories_4_playerDetails_name,props_pageProps_match_team2_playerHistories_4_playerDetails_perid,props_pageProps_match_team2_playerHistories_4_playerPerid,props_pageProps_match_team2_playerHistories_4_role,props_pageProps_match_team2_playerHistories_4_tournamentUrn,props_pageProps_match_team2_playerHistories_5___typename,props_pageProps_match_team2_playerHistories_5_playerDetails___typename,props_pageProps_match_team2_playerHistories_5_playerDetails_factorId,props_pageProps_match_team2_playerHistories_5_playerDetails_fullName,props_pageProps_match_team2_playerHistories_5_playerDetails_headshotUrl,props_pageProps_match_team2_playerHistories_5_playerDetails_name,props_pageProps_match_team2_playerHistories_5_playerDetails_perid,props_pageProps_match_team2_playerHistories_5_playerPerid,props_pageProps_match_team2_playerHistories_5_role,props_pageProps_match_team2_playerHistories_5_tournamentUrn,props_pageProps_match_team2_playerHistories_6___typename,props_pageProps_match_team2_playerHistories_6_playerDetails___typename,props_pageProps_match_team2_playerHistories_6_playerDetails_factorId,props_pageProps_match_team2_playerHistories_6_playerDetails_fullName,props_pageProps_match_team2_playerHistories_6_playerDetails_headshotUrl,props_pageProps_match_team2_playerHistories_6_playerDetails_name,props_pageProps_match_team2_playerHistories_6_playerDetails_perid,props_pageProps_match_team2_playerHistories_6_playerPerid,props_pageProps_match_team2_playerHistories_6_role,props_pageProps_match_team2_playerHistories_6_tournamentUrn,props_pageProps_match_team2_playerHistories_7___typename,props_pageProps_match_team2_playerHistories_7_playerDetails___typename,props_pageProps_match_team2_playerHistories_7_playerDetails_factorId,props_pageProps_match_team2_playerHistories_7_playerDetails_fullName,props_pageProps_match_team2_playerHistories_7_playerDetails_headshotUrl,props_pageProps_match_team2_playerHistories_7_playerDetails_name,props_pageProps_match_team2_playerHistories_7_playerDetails_perid,props_pageProps_match_team2_playerHistories_7_playerPerid,props_pageProps_match_team2_playerHistories_7_role,props_pageProps_match_team2_playerHistories_7_tournamentUrn,props_pageProps_match_team2_playerHistories_8___typename,props_pageProps_match_team2_playerHistories_8_playerDetails___typename,props_pageProps_match_team2_playerHistories_8_playerDetails_factorId,props_pageProps_match_team2_playerHistories_8_playerDetails_fullName,props_pageProps_match_team2_playerHistories_8_playerDetails_headshotUrl,props_pageProps_match_team2_playerHistories_8_playerDetails_name,props_pageProps_match_team2_playerHistories_8_playerDetails_perid,props_pageProps_match_team2_playerHistories_8_playerPerid,props_pageProps_match_team2_playerHistories_8_role,props_pageProps_match_team2_playerHistories_8_tournamentUrn,props_pageProps_match_team2_playerHistories_9___typename,props_pageProps_match_team2_playerHistories_9_playerDetails___typename,props_pageProps_match_team2_playerHistories_9_playerDetails_factorId,props_pageProps_match_team2_playerHistories_9_playerDetails_fullName,props_pageProps_match_team2_playerHistories_9_playerDetails_headshotUrl,props_pageProps_match_team2_playerHistories_9_playerDetails_name,props_pageProps_match_team2_playerHistories_9_playerDetails_perid,props_pageProps_match_team2_playerHistories_9_playerPerid,props_pageProps_match_team2_playerHistories_9_role,props_pageProps_match_team2_playerHistories_9_tournamentUrn,props_pageProps_match_team2_playerHistories_10___typename,props_pageProps_match_team2_playerHistories_10_playerDetails___typename,props_pageProps_match_team2_playerHistories_10_playerDetails_factorId,props_pageProps_match_team2_playerHistories_10_playerDetails_fullName,props_pageProps_match_team2_playerHistories_10_playerDetails_headshotUrl,props_pageProps_match_team2_playerHistories_10_playerDetails_name,props_pageProps_match_team2_playerHistories_10_playerDetails_perid,props_pageProps_match_team2_playerHistories_10_playerPerid,props_pageProps_match_team2_playerHistories_10_role,props_pageProps_match_team2_playerHistories_10_tournamentUrn,props_pageProps_match_team2_playerHistories_11___typename,props_pageProps_match_team2_playerHistories_11_playerDetails___typename,props_pageProps_match_team2_playerHistories_11_playerDetails_factorId,props_pageProps_match_team2_playerHistories_11_playerDetails_fullName,props_pageProps_match_team2_playerHistories_11_playerDetails_headshotUrl,props_pageProps_match_team2_playerHistories_11_playerDetails_name,props_pageProps_match_team2_playerHistories_11_playerDetails_perid,props_pageProps_match_team2_playerHistories_11_playerPerid,props_pageProps_match_team2_playerHistories_11_role,props_pageProps_match_team2_playerHistories_11_tournamentUrn,props_pageProps_match_team2_powrRanking___typename,props_pageProps_match_team2_powrRanking_gameRecord,props_pageProps_match_team2_powrRanking_gamesPlayed,props_pageProps_match_team2_powrRanking_prevRanking,props_pageProps_match_team2_powrRanking_rank,props_pageProps_match_team2_powrRanking_ranking,props_pageProps_match_team2_powrRanking_team,props_pageProps_match_team2_powrRanking_teamPerid,props_pageProps_match_team2_roster_0___typename,props_pageProps_match_team2_roster_0_playerDetails___typename,props_pageProps_match_team2_roster_0_playerDetails_factorId,props_pageProps_match_team2_roster_0_playerDetails_fullName,props_pageProps_match_team2_roster_0_playerDetails_headshotUrl,props_pageProps_match_team2_roster_0_playerDetails_name,props_pageProps_match_team2_roster_0_playerDetails_perid,props_pageProps_match_team2_roster_0_playerName,props_pageProps_match_team2_roster_0_playerPerid,props_pageProps_match_team2_roster_0_role,props_pageProps_match_team2_roster_1___typename,props_pageProps_match_team2_roster_1_playerDetails___typename,props_pageProps_match_team2_roster_1_playerDetails_factorId,props_pageProps_match_team2_roster_1_playerDetails_fullName,props_pageProps_match_team2_roster_1_playerDetails_headshotUrl,props_pageProps_match_team2_roster_1_playerDetails_name,props_pageProps_match_team2_roster_1_playerDetails_perid,props_pageProps_match_team2_roster_1_playerName,props_pageProps_match_team2_roster_1_playerPerid,props_pageProps_match_team2_roster_1_role,props_pageProps_match_team2_roster_2___typename,props_pageProps_match_team2_roster_2_playerDetails___typename,props_pageProps_match_team2_roster_2_playerDetails_factorId,props_pageProps_match_team2_roster_2_playerDetails_fullName,props_pageProps_match_team2_roster_2_playerDetails_headshotUrl,props_pageProps_match_team2_roster_2_playerDetails_name,props_pageProps_match_team2_roster_2_playerDetails_perid,props_pageProps_match_team2_roster_2_playerName,props_pageProps_match_team2_roster_2_playerPerid,props_pageProps_match_team2_roster_2_role,props_pageProps_match_team2_teamLogo___typename,props_pageProps_match_team2_teamLogo_darkFlip,props_pageProps_match_team2_teamLogo_darkShadow,props_pageProps_match_team2_teamLogo_logoUrl,props_pageProps_match_team2_teamUrn,props_pageProps_match_team2_tournaments_0___typename,props_pageProps_match_team2_tournaments_0_series___typename,props_pageProps_match_team2_tournaments_0_series_seriesName,props_pageProps_match_team2_tournaments_0_series_seriesUrn,props_pageProps_match_team2_tournaments_0_tournamentUrn,props_pageProps_match_team2_tournaments_1___typename,props_pageProps_match_team2_tournaments_1_series___typename,props_pageProps_match_team2_tournaments_1_series_seriesName,props_pageProps_match_team2_tournaments_1_series_seriesUrn,props_pageProps_match_team2_tournaments_1_tournamentUrn,query_slug_0,query_slug_1,query_slug_2,query_slug_3,runtimeConfig_nextPlausiblePublicProxyOptions_trailingSlash
0,gJxnDBoJoSVyYPu1jprdv,88147,98925,43290,79535,72475,True,False,/match/[...slug],True,False,Match,362548,GameSummary,Aatrox,MonkeyKing,Lucian,Ezreal,Jinx,Viego,Azir,Gnar,Senna,Veigar,30.95135,ComputedGameGold,101,0,esports:team:46402c8a-912a-4398-a513-b20f2d905a4f,2500,esports:team:39e79734-bac4-4e74-8796-b99157c7f9a2,2500,ComputedGameGold,4528,0,esports:team:46402c8a-912a-4398-a513-b20f2d905a4f,2500,esports:team:39e79734-bac4-4e74-8796-b99157c7f9a2,2500,ComputedGameGold,15025,0,esports:team:46402c8a-912a-4398-a513-b20f2d905a4f,2500,esports:team:39e79734-bac4-4e74-8796-b99157c7f9a2,2500,ComputedGameGold,38007,0,esports:team:46402c8a-912a-4398-a513-b20f2d905a4f,2500,esports:team:39e79734-bac4-4e74-8796-b99157c7f9a2,2500,ComputedGameGold,61027,0,esports:team:46402c8a-912a-4398-a513-b20f2d905a4f,2500,esports:team:39e79734-bac4-4e74-8796-b99157c7f9a2,2500,ComputedGameGold,82008,0,esports:team:46402c8a-912a-4398-a513-b20f2d905a4f,2500,esports:team:39e79734-bac4-4e74-8796-b99157c7f9a2,2500,ComputedGameGold,103015,-42,esports:team:46402c8a-912a-4398-a513-b20f2d905a4f,2521,esports:team:39e79734-bac4-4e74-8796-b99157c7f9a2,2563,ComputedGameGold,122018,61,esports:team:46402c8a-912a-4398-a513-b20f2d905a4f,3054,esports:team:39e79734-bac4-4e74-8796-b99157c7f9a2,2993,ComputedGameGold,138016,181,esports:team:46402c8a-912a-4398-a513-b20f2d905a4f,3503,esports:team:39e79734-bac4-4e74-8796-b99157c7f9a2,3322,ComputedGameGold,151603,259,esports:team:46402c8a-912a-4398-a513-b20f2d905a4f,3832,esports:team:39e79734-bac4-4e74-8796-b99157c7f9a2,3573,ComputedGameGold,166284,212,esports:team:46402c8a-912a-4398-a513-b20f2d905a4f,4172,esports:team:39e79734-bac4-4e74-8796-b99157c7f9a2,3960,ComputedGameGold,184028,405,esports:team:46402c8a-912a-4398-a513-b20f2d905a4f,4823,esports:team:39e79734-bac4-4e74-8796-b99157c7f9a2,4418,ComputedGameGold,199006,447,esports:team:46402c8a-912a-4398-a513-b20f2d905a4f,5287,esports:team:39e79734-bac4-4e74-8796-b99157c7f9a2,4840,ComputedGameGold,213445,488,esports:team:46402c8a-912a-4398-a513-b20f2d905a4f,5601,esports:team:39e79734-bac4-4e74-8796-b99157c7f9a2,5113,ComputedGameGold,228680,559,esports:team:46402c8a-912a-4398-a513-b20f2d905a4f,6022,esports:team:39e79734-bac4-4e74-8796-b99157c7f9a2,5463,ComputedGameGold,247021,685,esports:team:46402c8a-912a-4398-a513-b20f2d905a4f,6502,esports:team:39e79734-bac4-4e74-8796-b99157c7f9a2,5817,ComputedGameGold,262013,843,esports:team:46402c8a-912a-4398-a513-b20f2d905a4f,6946,esports:team:39e79734-bac4-4e74-8796-b99157c7f9a2,6103,ComputedGameGold,274011,850,esports:team:46402c8a-912a-4398-a513-b20f2d905a4f,7314,esports:team:39e79734-bac4-4e74-8796-b99157c7f9a2,6464,ComputedGameGold,290003,780,esports:team:46402c8a-912a-4398-a513-b20f2d905a4f,7579,esports:team:39e79734-bac4-4e74-8796-b99157c7f9a2,6799,ComputedGameGold,307008,928,esports:team:46402c8a-912a-4398-a513-b20f2d905a4f,8048,esports:team:39e79734-bac4-4e74-8796-b99157c7f9a2,7120,ComputedGameGold,323014,909,esports:team:46402c8a-912a-4398-a513-b20f2d905a4f,8418,esports:team:39e79734-bac4-4e74-8796-b99157c7f9a2,7509,ComputedGameGold,343005,875,esports:team:46402c8a-912a-4398-a513-b20f2d905a4f,8835,esports:team:39e79734-bac4-4e74-8796-b99157c7f9a2,7960,ComputedGameGold,361013,991,esports:team:46402c8a-912a-4398-a513-b20f2d905a4f,9332,esports:team:39e79734-bac4-4e74-8796-b99157c7f9a2,8341,ComputedGameGold,376821,923,esports:team:46402c8a-912a-4398-a513-b20f2d905a4f,9630,esports:team:39e79734-bac4-4e74-8796-b99157c7f9a2,8707,ComputedGameGold,389021,1029,esports:team:46402c8a-912a-4398-a513-b20f2d905a4f,9957,esports:team:39e79734-bac4-4e74-8796-b99157c7f9a2,8928,ComputedGameGold,407521,1183,esports:team:46402c8a-912a-4398-a513-b20f2d905a4f,10510,esports:team:39e79734-bac4-4e74-8796-b99157c7f9a2,9327,ComputedGameGold,419351,1268,esports:team:46402c8a-912a-4398-a513-b20f2d905a4f,10785,esports:team:39e79734-bac4-4e74-8796-b99157c7f9a2,9517,ComputedGameGold,429640,1252,esports:team:46402c8a-912a-4398-a513-b20f2d905a4f,11053,esports:team:39e79734-bac4-4e74-8796-b99157c7f9a2,9801,ComputedGameGold,444021,1470,esports:team:46402c8a-912a-4398-a513-b20f2d905a4f,11512,esports:team:39e79734-bac4-4e74-8796-b99157c7f9a2,10042,ComputedGameGold,459228,1502,esports:team:46402c8a-912a-4398-a513-b20f2d905a4f,11932,esports:team:39e79734-bac4-4e74-8796-b99157c7f9a2,10430,ComputedGameGold,478031,1454,esports:team:46402c8a-912a-4398-a513-b20f2d905a4f,12428,esports:team:39e79734-bac4-4e74-8796-b99157c7f9a2,10974,ComputedGameGold,496008,1482,esports:team:46402c8a-912a-4398-a513-b20f2d905a4f,12770,esports:team:39e79734-bac4-4e74-8796-b99157c7f9a2,11288,ComputedGameGold,511004,1214,esports:team:46402c8a-912a-4398-a513-b20f2d905a4f,12963,esports:team:39e79734-bac4-4e74-8796-b99157c7f9a2,11749,ComputedGameGold,530032,1314,esports:team:46402c8a-912a-4398-a513-b20f2d905a4f,13372,esports:team:39e79734-bac4-4e74-8796-b99157c7f9a2,12058,ComputedGameGold,548024,1010,esports:team:46402c8a-912a-4398-a513-b20f2d905a4f,14031,esports:team:39e79734-bac4-4e74-8796-b99157c7f9a2,13021,ComputedGameGold,562001,1091,esports:team:46402c8a-912a-4398-a513-b20f2d905a4f,14459,esports:team:39e79734-bac4-4e74-8796-b99157c7f9a2,13368,ComputedGameGold,577001,1063,esports:team:46402c8a-912a-4398-a513-b20f2d905a4f,14783,esports:team:39e79734-bac4-4e74-8796-b99157c7f9a2,13720,ComputedGameGold,590022,1167,esports:team:46402c8a-912a-4398-a513-b20f2d905a4f,15263,esports:team:39e79734-bac4-4e74-8796-b99157c7f9a2,14096,ComputedGameGold,605020,1437,esports:team:46402c8a-912a-4398-a513-b20f2d905a4f,15928,esports:team:39e79734-bac4-4e74-8796-b99157c7f9a2,14491,ComputedGameGold,621007,1593,esports:team:46402c8a-912a-4398-a513-b20f2d905a4f,16404,esports:team:39e79734-bac4-4e74-8796-b99157c7f9a2,14811,ComputedGameGold,638021,1405,esports:team:46402c8a-912a-4398-a513-b20f2d905a4f,16807,esports:team:39e79734-bac4-4e74-8796-b99157c7f9a2,15402,ComputedGameGold,650012,1560,esports:team:46402c8a-912a-4398-a513-b20f2d905a4f,17311,esports:team:39e79734-bac4-4e74-8796-b99157c7f9a2,15751,ComputedGameGold,669796,1639,esports:team:46402c8a-912a-4398-a513-b20f2d905a4f,17774,esports:team:39e79734-bac4-4e74-8796-b99157c7f9a2,16135,ComputedGameGold,681025,1586,esports:team:46402c8a-912a-4398-a513-b20f2d905a4f,18061,esports:team:39e79734-bac4-4e74-8796-b99157c7f9a2,16475,ComputedGameGold,698007,1626,esports:team:46402c8a-912a-4398-a513-b20f2d905a4f,18334,esports:team:39e79734-bac4-4e74-8796-b99157c7f9a2,16708,ComputedGameGold,719018,1814,esports:team:46402c8a-912a-4398-a513-b20f2d905a4f,18795,esports:team:39e79734-bac4-4e74-8796-b99157c7f9a2,16981,ComputedGameGold,734546,2383,esports:team:46402c8a-912a-4398-a513-b20f2d905a4f,19557,esports:team:39e79734-bac4-4e74-8796-b99157c7f9a2,17174,ComputedGameGold,750004,2161,esports:team:46402c8a-912a-4398-a513-b20f2d905a4f,19950,esports:team:39e79734-bac4-4e74-8796-b99157c7f9a2,17789,ComputedGameGold,759681,2353,esports:team:46402c8a-912a-4398-a513-b20f2d905a4f,20235,esports:team:39e79734-bac4-4e74-8796-b99157c7f9a2,17882,ComputedGameGold,769563,2485,esports:team:46402c8a-912a-4398-a513-b20f2d905a4f,20580,esports:team:39e79734-bac4-4e74-8796-b99157c7f9a2,18095,ComputedGameGold,783021,2433,esports:team:46402c8a-912a-4398-a513-b20f2d905a4f,20820,esports:team:39e79734-bac4-4e74-8796-b99157c7f9a2,18387,ComputedGameGold,796805,2550,esports:team:46402c8a-912a-4398-a513-b20f2d905a4f,21245,esports:team:39e79734-bac4-4e74-8796-b99157c7f9a2,18695,ComputedGameGold,807015,2379,esports:team:46402c8a-912a-4398-a513-b20f2d905a4f,21693,esports:team:39e79734-bac4-4e74-8796-b99157c7f9a2,19314,ComputedGameGold,820831,2869,esports:team:46402c8a-912a-4398-a513-b20f2d905a4f,22462,esports:team:39e79734-bac4-4e74-8796-b99157c7f9a2,19593,ComputedGameGold,835003,2531,esports:team:46402c8a-912a-4398-a513-b20f2d905a4f,22723,esports:team:39e79734-bac4-4e74-8796-b99157c7f9a2,20192,ComputedGameGold,849076,2796,esports:team:46402c8a-912a-4398-a513-b20f2d905a4f,23183,esports:team:39e79734-bac4-4e74-8796-b99157c7f9a2,20387,ComputedGameGold,862028,2612,esports:team:46402c8a-912a-4398-a513-b20f2d905a4f,23552,esports:team:39e79734-bac4-4e74-8796-b99157c7f9a2,20940,ComputedGameGold,878020,2971,esports:team:46402c8a-912a-4398-a513-b20f2d905a4f,24077,esports:team:39e79734-bac4-4e74-8796-b99157c7f9a2,21106,ComputedGameGold,889452,2993,esports:team:46402c8a-912a-4398-a513-b20f2d905a4f,24505,esports:team:39e79734-bac4-4e74-8796-b99157c7f9a2,21512,ComputedGameGold,906004,3041,esports:team:46402c8a-912a-4398-a513-b20f2d905a4f,24952,esports:team:39e79734-bac4-4e74-8796-b99157c7f9a2,21911,ComputedGameGold,923017,2904,esports:team:46402c8a-912a-4398-a513-b20f2d905a4f,25492,esports:team:39e79734-bac4-4e74-8796-b99157c7f9a2,22588,ComputedGameGold,932695,2961,esports:team:46402c8a-912a-4398-a513-b20f2d905a4f,25642,esports:team:39e79734-bac4-4e74-8796-b99157c7f9a2,22681,ComputedGameGold,951031,3240,esports:team:46402c8a-912a-4398-a513-b20f2d905a4f,26377,esports:team:39e79734-bac4-4e74-8796-b99157c7f9a2,23137,ComputedGameGold,965006,3209,esports:team:46402c8a-912a-4398-a513-b20f2d905a4f,26744,esports:team:39e79734-bac4-4e74-8796-b99157c7f9a2,23535,ComputedGameGold,977789,3740,esports:team:46402c8a-912a-4398-a513-b20f2d905a4f,27686,esports:team:39e79734-bac4-4e74-8796-b99157c7f9a2,23946,ComputedGameGold,992026,3623,esports:team:46402c8a-912a-4398-a513-b20f2d905a4f,27924,esports:team:39e79734-bac4-4e74-8796-b99157c7f9a2,24301,ComputedGameGold,1002003,3429,esports:team:46402c8a-912a-4398-a513-b20f2d905a4f,28087,esports:team:39e79734-bac4-4e74-8796-b99157c7f9a2,24658,ComputedGameGold,1021005,3783,esports:team:46402c8a-912a-4398-a513-b20f2d905a4f,28787,esports:team:39e79734-bac4-4e74-8796-b99157c7f9a2,25004,ComputedGameGold,1032005,3947,esports:team:46402c8a-912a-4398-a513-b20f2d905a4f,29170,esports:team:39e79734-bac4-4e74-8796-b99157c7f9a2,25223,ComputedGameGold,1045017,3871,esports:team:46402c8a-912a-4398-a513-b20f2d905a4f,29392,esports:team:39e79734-bac4-4e74-8796-b99157c7f9a2,25521,ComputedGameGold,1059484,4364,esports:team:46402c8a-912a-4398-a513-b20f2d905a4f,30523,esports:team:39e79734-bac4-4e74-8796-b99157c7f9a2,26159,ComputedGameGold,1070357,5484,esports:team:46402c8a-912a-4398-a513-b20f2d905a4f,31760,esports:team:39e79734-bac4-4e74-8796-b99157c7f9a2,26276,ComputedGameGold,1084006,6090,esports:team:46402c8a-912a-4398-a513-b20f2d905a4f,32511,esports:team:39e79734-bac4-4e74-8796-b99157c7f9a2,26421,ComputedGameGold,1101026,6791,esports:team:46402c8a-912a-4398-a513-b20f2d905a4f,33448,esports:team:39e79734-bac4-4e74-8796-b99157c7f9a2,26657,ComputedGameGold,1111009,6846,esports:team:46402c8a-912a-4398-a513-b20f2d905a4f,33927,esports:team:39e79734-bac4-4e74-8796-b99157c7f9a2,27081,ComputedGameGold,1126012,6503,esports:team:46402c8a-912a-4398-a513-b20f2d905a4f,34085,esports:team:39e79734-bac4-4e74-8796-b99157c7f9a2,27582,ComputedGameGold,1138032,6267,esports:team:46402c8a-912a-4398-a513-b20f2d905a4f,34249,esports:team:39e79734-bac4-4e74-8796-b99157c7f9a2,27982,ComputedGameGold,1153000,6378,esports:team:46402c8a-912a-4398-a513-b20f2d905a4f,34907,esports:team:39e79734-bac4-4e74-8796-b99157c7f9a2,28529,ComputedGameGold,1169024,6404,esports:team:46402c8a-912a-4398-a513-b20f2d905a4f,35317,esports:team:39e79734-bac4-4e74-8796-b99157c7f9a2,28913,ComputedGameGold,1186008,6374,esports:team:46402c8a-912a-4398-a513-b20f2d905a4f,35790,esports:team:39e79734-bac4-4e74-8796-b99157c7f9a2,29416,ComputedGameGold,1203683,6500,esports:team:46402c8a-912a-4398-a513-b20f2d905a4f,36291,esports:team:39e79734-bac4-4e74-8796-b99157c7f9a2,29791,ComputedGameGold,1217026,6538,esports:team:46402c8a-912a-4398-a513-b20f2d905a4f,36714,esports:team:39e79734-bac4-4e74-8796-b99157c7f9a2,30176,ComputedGameGold,1238033,6875,esports:team:46402c8a-912a-4398-a513-b20f2d905a4f,37386,esports:team:39e79734-bac4-4e74-8796-b99157c7f9a2,30511,ComputedGameGold,1256005,7206,esports:team:46402c8a-912a-4398-a513-b20f2d905a4f,38261,esports:team:39e79734-bac4-4e74-8796-b99157c7f9a2,31055,ComputedGameGold,1268002,7323,esports:team:46402c8a-912a-4398-a513-b20f2d905a4f,38619,esports:team:39e79734-bac4-4e74-8796-b99157c7f9a2,31296,ComputedGameGold,1282768,7266,esports:team:46402c8a-912a-4398-a513-b20f2d905a4f,38884,esports:team:39e79734-bac4-4e74-8796-b99157c7f9a2,31618,ComputedGameGold,1293008,7154,esports:team:46402c8a-912a-4398-a513-b20f2d905a4f,39021,esports:team:39e79734-bac4-4e74-8796-b99157c7f9a2,31867,ComputedGameGold,1307020,7175,esports:team:46402c8a-912a-4398-a513-b20f2d905a4f,39641,esports:team:39e79734-bac4-4e74-8796-b99157c7f9a2,32466,ComputedGameGold,1320006,7603,esports:team:46402c8a-912a-4398-a513-b20f2d905a4f,40233,esports:team:39e79734-bac4-4e74-8796-b99157c7f9a2,32630,ComputedGameGold,1339033,7715,esports:team:46402c8a-912a-4398-a513-b20f2d905a4f,40711,esports:team:39e79734-bac4-4e74-8796-b99157c7f9a2,32996,ComputedGameGold,1356013,7881,esports:team:46402c8a-912a-4398-a513-b20f2d905a4f,41110,esports:team:39e79734-bac4-4e74-8796-b99157c7f9a2,33229,ComputedGameGold,1375002,7941,esports:team:46402c8a-912a-4398-a513-b20f2d905a4f,41456,esports:team:39e79734-bac4-4e74-8796-b99157c7f9a2,33515,ComputedGameGold,1393012,7775,esports:team:46402c8a-912a-4398-a513-b20f2d905a4f,41871,esports:team:39e79734-bac4-4e74-8796-b99157c7f9a2,34096,ComputedGameGold,1409071,7760,esports:team:46402c8a-912a-4398-a513-b20f2d905a4f,42069,esports:team:39e79734-bac4-4e74-8796-b99157c7f9a2,34309,ComputedGameGold,1423838,7801,esports:team:46402c8a-912a-4398-a513-b20f2d905a4f,42272,esports:team:39e79734-bac4-4e74-8796-b99157c7f9a2,34471,ComputedGameGold,1441019,7672,esports:team:46402c8a-912a-4398-a513-b20f2d905a4f,42743,esports:team:39e79734-bac4-4e74-8796-b99157c7f9a2,35071,ComputedGameGold,1456020,7593,esports:team:46402c8a-912a-4398-a513-b20f2d905a4f,42939,esports:team:39e79734-bac4-4e74-8796-b99157c7f9a2,35346,ComputedGameGold,1470027,9134,esports:team:46402c8a-912a-4398-a513-b20f2d905a4f,44753,esports:team:39e79734-bac4-4e74-8796-b99157c7f9a2,35619,ComputedGameGold,1484001,9081,esports:team:46402c8a-912a-4398-a513-b20f2d905a4f,45108,esports:team:39e79734-bac4-4e74-8796-b99157c7f9a2,36027,ComputedGameGold,1503470,9566,esports:team:46402c8a-912a-4398-a513-b20f2d905a4f,45853,esports:team:39e79734-bac4-4e74-8796-b99157c7f9a2,36287,ComputedGameGold,1515133,10025,esports:team:46402c8a-912a-4398-a513-b20f2d905a4f,46437,esports:team:39e79734-bac4-4e74-8796-b99157c7f9a2,36412,ComputedGameGold,1525310,10107,esports:team:46402c8a-912a-4398-a513-b20f2d905a4f,47174,esports:team:39e79734-bac4-4e74-8796-b99157c7f9a2,37067,ComputedGameGold,1534002,10879,esports:team:46402c8a-912a-4398-a513-b20f2d905a4f,48040,esports:team:39e79734-bac4-4e74-8796-b99157c7f9a2,37161,ComputedGameGold,1547018,11089,esports:team:46402c8a-912a-4398-a513-b20f2d905a4f,48388,esports:team:39e79734-bac4-4e74-8796-b99157c7f9a2,37299,ComputedGameGold,1564695,11110,esports:team:46402c8a-912a-4398-a513-b20f2d905a4f,48796,esports:team:39e79734-bac4-4e74-8796-b99157c7f9a2,37686,ComputedGameGold,1577014,11231,esports:team:46402c8a-912a-4398-a513-b20f2d905a4f,49255,esports:team:39e79734-bac4-4e74-8796-b99157c7f9a2,38024,ComputedGameGold,1586005,11011,esports:team:46402c8a-912a-4398-a513-b20f2d905a4f,49428,esports:team:39e79734-bac4-4e74-8796-b99157c7f9a2,38417,ComputedGameGold,1605016,10786,esports:team:46402c8a-912a-4398-a513-b20f2d905a4f,49753,esports:team:39e79734-bac4-4e74-8796-b99157c7f9a2,38967,ComputedGameGold,1621021,11046,esports:team:46402c8a-912a-4398-a513-b20f2d905a4f,50380,esports:team:39e79734-bac4-4e74-8796-b99157c7f9a2,39334,ComputedGameGold,1636026,12037,esports:team:46402c8a-912a-4398-a513-b20f2d905a4f,51626,esports:team:39e79734-bac4-4e74-8796-b99157c7f9a2,39589,ComputedGameGold,1653007,12895,esports:team:46402c8a-912a-4398-a513-b20f2d905a4f,52962,esports:team:39e79734-bac4-4e74-8796-b99157c7f9a2,40067,ComputedGameGold,1670809,12733,esports:team:46402c8a-912a-4398-a513-b20f2d905a4f,53293,esports:team:39e79734-bac4-4e74-8796-b99157c7f9a2,40560,ComputedGameGold,1690013,13117,esports:team:46402c8a-912a-4398-a513-b20f2d905a4f,54089,esports:team:39e79734-bac4-4e74-8796-b99157c7f9a2,40972,ComputedGameGold,1704188,13348,esports:team:46402c8a-912a-4398-a513-b20f2d905a4f,54680,esports:team:39e79734-bac4-4e74-8796-b99157c7f9a2,41332,ComputedGameGold,1722293,13185,esports:team:46402c8a-912a-4398-a513-b20f2d905a4f,55160,esports:team:39e79734-bac4-4e74-8796-b99157c7f9a2,41975,ComputedGameGold,1739013,13078,esports:team:46402c8a-912a-4398-a513-b20f2d905a4f,55495,esports:team:39e79734-bac4-4e74-8796-b99157c7f9a2,42417,ComputedGameGold,1748020,12929,esports:team:46402c8a-912a-4398-a513-b20f2d905a4f,55724,esports:team:39e79734-bac4-4e74-8796-b99157c7f9a2,42795,ComputedGameGold,1762001,12728,esports:team:46402c8a-912a-4398-a513-b20f2d905a4f,55910,esports:team:39e79734-bac4-4e74-8796-b99157c7f9a2,43182,ComputedGameGold,1779052,12883,esports:team:46402c8a-912a-4398-a513-b20f2d905a4f,56385,esports:team:39e79734-bac4-4e74-8796-b99157c7f9a2,43502,ComputedGameGold,1797021,13542,esports:team:46402c8a-912a-4398-a513-b20f2d905a4f,57276,esports:team:39e79734-bac4-4e74-8796-b99157c7f9a2,43734,ComputedGameGold,1813551,13415,esports:team:46402c8a-912a-4398-a513-b20f2d905a4f,57628,esports:team:39e79734-bac4-4e74-8796-b99157c7f9a2,44213,ComputedGameGold,1831591,14037,esports:team:46402c8a-912a-4398-a513-b20f2d905a4f,58502,esports:team:39e79734-bac4-4e74-8796-b99157c7f9a2,44465,ComputedGameGold,1840541,15075,esports:team:46402c8a-912a-4398-a513-b20f2d905a4f,59669,esports:team:39e79734-bac4-4e74-8796-b99157c7f9a2,44594,ComputedGameGold,1849100,15550,esports:team:46402c8a-912a-4398-a513-b20f2d905a4f,60240,esports:team:39e79734-bac4-4e74-8796-b99157c7f9a2,44690,2022-06-08T16:01:34.762Z,400,live:lol:riot:map:esportstmnt02-2786389,esports:match:a9b14f0b-1d75-4726-a9e3-b053793d3bc0,PlayerChampGame,Gnar,3078,3111,3071,3053,3026,2055,,,Chasy,esports:player:752cd5a5-c0fe-4f53-ba3b-d0e610c3aba6,top,esports:team:46402c8a-912a-4398-a513-b20f2d905a4f,PlayerChampGame,Viego,6632,3047,3156,1031,3066,3066,,,MC,esports:player:e4793f55-3ecf-4b1a-b7bb-fdb5f4b30412,jng,esports:team:46402c8a-912a-4398-a513-b20f2d905a4f,PlayerChampGame,Azir,3111,6653,3135,3157,1052,2055,,,Tempt,esports:player:2d514f8d-4f7c-4d5e-a43f-329664009336,mid,esports:team:46402c8a-912a-4398-a513-b20f2d905a4f,PlayerChampGame,Veigar,3158,6656,3135,3041,3089,3108,,,Attila,esports:player:e9a50a68-e4d2-4581-8355-088ede1829bd,bot,esports:team:46402c8a-912a-4398-a513-b20f2d905a4f,PlayerChampGame,Senna,3009,3179,3864,2055,3190,2138,,,Kasing,esports:player:fb10eb06-469f-4f77-9acc-242b9764adf2,sup,esports:team:46402c8a-912a-4398-a513-b20f2d905a4f,PlayerChampGame,Ornn,3070,3047,7005,3110,1028,2421,,,HeSSZero,esports:player:6726a9fe-34ae-40c5-8f05-a2b24b1dba66,top,esports:team:39e79734-bac4-4e74-8796-b99157c7f9a2,PlayerChampGame,LeeSin,6630,3047,3155,1036,2421,2055,,,Kreox,esports:player:55e7705d-0616-4ba2-ab31-0abe97b2384f,jng,esports:team:39e79734-bac4-4e74-8796-b99157c7f9a2,PlayerChampGame,Leblanc,1082,3020,6655,4645,4630,1026,,,ERIXEN,esports:player:5c690974-4ba9-4fdd-8db9-d93d95114052,mid,esports:team:39e79734-bac4-4e74-8796-b99157c7f9a2,PlayerChampGame,Xayah,3006,3036,7006,3031,1038,1038,,,Mirbs,esports:player:8b4bad25-f94c-4dcb-b9a7-a054ad99d341,bot,esports:team:39e79734-bac4-4e74-8796-b99157c7f9a2,PlayerChampGame,Karma,3158,6617,3853,3916,2055,2055,,,Zaremba,esports:player:83bcd392-6e49-4c77-883f-a7478932107f,sup,esports:team:39e79734-bac4-4e74-8796-b99157c7f9a2,PlayerGameStats,4,80.0479736328125,,4.624975,1,Gnar,1,0,0,0,520.9342772003482,1,,0,live:lol:riot:map:esportstmnt02-2786389,5841,1079,0,0.04167083333333333,5,278,36.5,21.5,15,8,0,0.06245061841354589,Chasy,esports:player:752cd5a5-c0fe-4f53-ba3b-d0e610c3aba6,live:lol:riot:player:6c33c368-3686-3810-b443-cb47258caff8,0,top,blue,0,X7,esports:team:46402c8a-912a-4398-a513-b20f2d905a4f,960.57568359375,15966,0,48.47917175292969,9,15,PlayerGameStats,6,152.1305777231852,,5.920216666666667,1,Viego,1,0,0,0,223.15363465567737,1,,0,live:lol:riot:map:esportstmnt02-2786389,4910,766,0,0.3068416666666666,3,15,157.60003662109375,19.100000381469727,92.50001525878906,10,0,0.04949192133392179,MC,esports:player:e4793f55-3ecf-4b1a-b7bb-fdb5f4b30412,live:lol:riot:player:3066b536-473c-3398-b110-a576bb5e1d20,0,jng,blue,1,X7,esports:team:46402c8a-912a-4398-a513-b20f2d905a4f,1825.5669326782227,10448,0,47.910194396972656,10,11,PlayerGameStats,9,212.1921183268229,,,1,Azir,1,1,0,0,815.4280073809381,0,,0,live:lol:riot:map:esportstmnt02-2786389,5183,-187,0,0.06941666666666667,0,247,24,4,17.5,10,0,0.43889785343002874,Tempt,esports:player:2d514f8d-4f7c-4d5e-a43f-329664009336,live:lol:riot:player:687dafc9-370e-3004-9418-e391d25297c1,0,mid,blue,0,X7,esports:team:46402c8a-912a-4398-a513-b20f2d905a4f,2546.305419921875,11628,0,37.212684631347656,7,15,PlayerGameStats,5,69.1636250813802,,3.2900541666666667,1,Veigar,1,0,0,0,567.7281014196473,1,,0,live:lol:riot:map:esportstmnt02-2786389,5499,959,0,0.11112222222222222,5,266,33.99999237060547,6.000000476837158,17.499996185302734,9,0,0.06996899858986641,Attila,esports:player:e9a50a68-e4d2-4581-8355-088ede1829bd,live:lol:riot:player:aab857a9-4f41-3bfb-80a9-fecfb5182f8c,0,bot,blue,0,X7,esports:team:46402c8a-912a-4398-a513-b20f2d905a4f,829.9635009765625,14292,1,48.35370635986328,5,11,PlayerGameStats,10,52.132609049479164,4.275575,,1,Senna,1,3,173.6393111689797,42.73890419082083,282.1965522606445,0,0.47220277777777775,0,live:lol:riot:map:esportstmnt02-2786389,3351,318,0,0.24435277777777778,0,25,4,0,0,6,0,0.06583955630670266,Kasing,esports:player:fb10eb06-469f-4f77-9acc-242b9764adf2,live:lol:riot:player:b8bac8a1-d1be-3a9c-b361-3b273f438598,0,sup,blue,0,X7,esports:team:46402c8a-912a-4398-a513-b20f2d905a4f,625.59130859375,8106,0,86.32283020019531,22,29,PlayerGameStats,1,79.81707763671875,7.814383333333334,,1,Ornn,1,2,0,0,372.9913222181746,0,,0,live:lol:riot:map:esportstmnt02-2786389,4762,-1079,0,0.0680888888888889,0,203,6.75,0,3,5,0,0.03770891762889506,HeSSZero,esports:player:6726a9fe-34ae-40c5-8f05-a2b24b1dba66,live:lol:riot:player:b70ca0ec-919a-34f9-baaf-2c48db02ce49,0,top,red,0,VNR,esports:team:39e79734-bac4-4e74-8796-b99157c7f9a2,957.804931640625,8864,0,20.554136276245117,2,13,PlayerGameStats,2,82.65772501627605,6.534691666666666,,1,LeeSin,1,3,0,7.673240807436004,193.117333735039,0,,0,live:lol:riot:map:esportstmnt02-2786389,4144,-766,0,0.5469458333333334,0,29,123.90003967285156,0,94.40003967285156,9,0,0.05134453629751365,Kreox,esports:player:55e7705d-0616-4ba2-ab31-0abe97b2384f,live:lol:riot:player:fc4468b6-bc26-30af-a281-51faceb30bad,0,jng,red,0,VNR,esports:team:39e79734-bac4-4e74-8796-b99157c7f9a2,991.8927001953125,8001,0,42.79903793334961,9,22,PlayerGameStats,0,201.49296061197916,5.577916666666667,4.275575,1,Leblanc,1,2,0,0,476.2305841970544,0,,1,live:lol:riot:map:esportstmnt02-2786389,5370,187,0,0.30020972222222225,3,222,8,0,8,10,0,0.3631651870764452,ERIXEN,esports:player:5c690974-4ba9-4fdd-8db9-d93d95114052,live:lol:riot:player:7c1bacb6-6004-3757-a074-1c17ba6d3d5f,0,mid,red,1,VNR,esports:team:39e79734-bac4-4e74-8796-b99157c7f9a2,2417.91552734375,10524,0,34.355953216552734,12,8,PlayerGameStats,0,103.35159301757812,13.040216666666666,,1,Xayah,1,2,24.14757431950666,0,382.530801614873,0,,0,live:lol:riot:map:esportstmnt02-2786389,4540,-959,0,0.1286375,1,285,12,0,9.5,5,0,0.1273277789652396,Mirbs,esports:player:8b4bad25-f94c-4dcb-b9a7-a054ad99d341,live:lol:riot:player:4f5a8bf8-37ba-3235-8937-7ae40ebad934,0,bot,red,0,VNR,esports:team:39e79734-bac4-4e74-8796-b99157c7f9a2,1240.2191162109375,11350,0,25.36819839477539,1,11,PlayerGameStats,3,78.92454020182292,4.3615611111111106,,1,Karma,1,4,86.49672565776613,141.9280971892179,355.94765807872676,0,0.39848611111111115,0,live:lol:riot:map:esportstmnt02-2786389,3033,-318,1,0.35278611111111113,0,24,0,0,0,9,0,0.04346476547469696,Zaremba,esports:player:83bcd392-6e49-4c77-883f-a7478932107f,live:lol:riot:player:95bc7e23-dbef-3d2e-b134-71918e621f30,0,sup,red,0,VNR,esports:team:39e79734-bac4-4e74-8796-b99157c7f9a2,947.094482421875,6039,0,53.35380172729492,6,59,Gangplank,Gwen,Taliyah,Nautilus,Leona,NLC,Karma,LeeSin,Ornn,Xayah,Leblanc,1,1,BEST_OF,SnapshotPlayerStats,True,4,30,Gnar,5,0,1479,0,2022-06-08T16:32:31.747Z,True,1857081,0,2274,2973,,,3078,3111,3071,3053,3026,,,,,18,0,278,36.5,21.5,15,False,Chasy,esports:player:752cd5a5-c0fe-4f53-ba3b-d0e610c3aba6,live:lol:riot:player:6c33c368-3686-3810-b443-cb47258caff8,13532,13689,0,8021,9111,9104,8017,8444,8446,0,30,X7,esports:team:46402c8a-912a-4398-a513-b20f2d905a4f,live:lol:riot:team:107423075317119707,15966,3364,,,,,2022-06-08T16:44:25.800Z,48.47917175292969,9,15,X7,18554,SnapshotPlayerStats,True,6,30,Viego,3,0,733,0,2022-06-08T16:32:31.747Z,True,1857081,0,1716,2525,,,6632,3047,3156,1031,3066,,,,,15,0,15,157.60003662109375,19.100000381469727,92.50001525878906,False,MC,esports:player:e4793f55-3ecf-4b1a-b7bb-fdb5f4b30412,live:lol:riot:player:3066b536-473c-3398-b110-a576bb5e1d20,13263,13785,0,8010,9111,9105,8014,8304,8347,0,30,X7,esports:team:46402c8a-912a-4398-a513-b20f2d905a4f,live:lol:riot:team:107423075317119707,10448,3364,,,,,2022-06-08T16:44:25.800Z,47.910194396972656,10,11,X7,13633,SnapshotPlayerStats,True,9,30,Azir,0,0,933,1,2022-06-08T16:32:31.747Z,True,1857081,0,216,2344,,,3111,6653,3135,3157,,,,,,16,0,247,24,4,17.5,False,Tempt,esports:player:2d514f8d-4f7c-4d5e-a43f-329664009336,live:lol:riot:player:687dafc9-370e-3004-9418-e391d25297c1,13963,13348,0,8214,8226,8210,8237,8345,8352,0,30,X7,esports:team:46402c8a-912a-4398-a513-b20f2d905a4f,live:lol:riot:team:107423075317119707,11628,3363,,,,,2022-06-08T16:44:25.800Z,37.212684631347656,7,15,X7,15858,SnapshotPlayerStats,True,5,0,Veigar,5,0,1348,0,2022-06-08T16:32:31.747Z,True,1857081,0,2232,2357,,,3158,6656,3135,3041,3089,3108,,,,15,0,266,33.99999237060547,6.000000476837158,17.499996185302734,False,Attila,esports:player:e9a50a68-e4d2-4581-8355-088ede1829bd,live:lol:riot:player:aab857a9-4f41-3bfb-80a9-fecfb5182f8c,13689,13546,0,8124,8139,8138,8134,8345,8347,0,30,X7,esports:team:46402c8a-912a-4398-a513-b20f2d905a4f,live:lol:riot:team:107423075317119707,14292,3363,,,,,2022-06-08T16:44:25.800Z,48.35370635986328,5,11,X7,14651,SnapshotPlayerStats,True,10,25,Senna,0,0,731,3,2022-06-08T16:32:31.747Z,True,1857081,30,1589,2109,,,3009,3179,3864,2055,3190,,,,,13,0,25,4,0,0,False,Kasing,esports:player:fb10eb06-469f-4f77-9acc-242b9764adf2,live:lol:riot:player:b8bac8a1-d1be-3a9c-b361-3b273f438598,14098,13205,0,8021,8009,9104,8017,8345,8410,0,30,X7,esports:team:46402c8a-912a-4398-a513-b20f2d905a4f,live:lol:riot:team:107423075317119707,8106,3364,,,,,2022-06-08T16:44:25.800Z,86.32283020019531,22,29,X7,10144,SnapshotPlayerStats,True,1,0,Ornn,0,0,304,2,2022-06-08T16:32:31.747Z,True,1857081,0,945,3449,,,3070,3047,7005,3110,1028,2421,,,,15,0,203,6.75,0,3,False,HeSSZero,esports:player:6726a9fe-34ae-40c5-8f05-a2b24b1dba66,live:lol:riot:player:b70ca0ec-919a-34f9-baaf-2c48db02ce49,13865,14319,0,8437,8446,8429,8451,8347,8345,0,30,VNR,esports:team:39e79734-bac4-4e74-8796-b99157c7f9a2,live:lol:riot:team:107423083507599175,8864,3363,,,,,2022-06-08T16:44:25.800Z,20.554136276245117,2,13,X7,13335,SnapshotPlayerStats,False,2,30,LeeSin,0,0,186,3,2022-06-08T16:32:31.747Z,True,1857081,0,0,2029,,,6630,3047,3155,1036,2421,2055,,,,13,0,29,123.90003967285156,0,94.40003967285156,False,Kreox,esports:player:55e7705d-0616-4ba2-ab31-0abe97b2384f,live:lol:riot:player:fc4468b6-bc26-30af-a281-51faceb30bad,13924,13491,31.84018325805664,8010,9111,9105,8299,8304,8347,0,30,VNR,esports:team:39e79734-bac4-4e74-8796-b99157c7f9a2,live:lol:riot:team:107423083507599175,8001,3340,,,,,2022-06-08T16:44:25.800Z,42.79903793334961,9,22,X7,11081,SnapshotPlayerStats,False,0,0,Leblanc,3,0,50,2,2022-06-08T16:32:31.747Z,True,1857081,0,0,2310,,,1082,3020,6655,4645,4630,1026,,,,15,0,222,8,0,8,False,ERIXEN,esports:player:5c690974-4ba9-4fdd-8db9-d93d95114052,live:lol:riot:player:7c1bacb6-6004-3757-a074-1c17ba6d3d5f,13770,13210,27.47972869873047,8112,8139,8138,8135,8345,8352,0,30,VNR,esports:team:39e79734-bac4-4e74-8796-b99157c7f9a2,live:lol:riot:team:107423083507599175,10524,3364,,,,,2022-06-08T16:44:25.800Z,34.355953216552734,12,8,X7,13634,SnapshotPlayerStats,False,0,0,Xayah,1,0,165,2,2022-06-08T16:32:31.747Z,True,1857081,0,0,2013,,,3006,3036,7006,3031,,,,,,15,5,285,12,0,9.5,False,Mirbs,esports:player:8b4bad25-f94c-4dcb-b9a7-a054ad99d341,live:lol:riot:player:4f5a8bf8-37ba-3235-8937-7ae40ebad934,12883,14211,32.654815673828125,8008,8009,9103,8017,8304,8345,0,30,VNR,esports:team:39e79734-bac4-4e74-8796-b99157c7f9a2,live:lol:riot:team:107423083507599175,11350,3363,,,,,2022-06-08T16:44:25.800Z,25.36819839477539,1,11,X7,14037,SnapshotPlayerStats,True,3,0,Karma,0,0,314,4,2022-06-08T16:32:31.747Z,True,1857081,30,1952,1952,,,3158,6617,3853,3916,2055,,,,,12,0,24,0,0,0,False,Zaremba,esports:player:83bcd392-6e49-4c77-883f-a7478932107f,live:lol:riot:player:95bc7e23-dbef-3d2e-b134-71918e621f30,14364,14208,0,8229,8275,8210,8236,8453,8429,0,30,VNR,esports:team:39e79734-bac4-4e74-8796-b99157c7f9a2,live:lol:riot:team:107423083507599175,6039,3364,,,,,2022-06-08T16:44:25.800Z,53.35380172729492,6,59,X7,8794,X7,esports:team:46402c8a-912a-4398-a513-b20f2d905a4f,blue,live:lol:riot:team:107423075317119707,VNR,esports:team:39e79734-bac4-4e74-8796-b99157c7f9a2,red,live:lol:riot:team:107423083507599175,TeamGameStats,34,1,4,4,60440,13,X7,esports:team:46402c8a-912a-4398-a513-b20f2d905a4f,11,TeamGameStats,6,0,13,1,44778,4,VNR,esports:team:39e79734-bac4-4e74-8796-b99157c7f9a2,0,WinProbability,0,0.43452219305447565,0.5654778069455244,WinProbability,0.25,0.42099115819559807,0.5790088418044019,WinProbability,0.5,0.4098772239111148,0.5901227760888852,WinProbability,0.75,0.4003297186004247,0.5996702813995753,WinProbability,1,0.3898097995434566,0.6101902004565434,WinProbability,1.25,0.3871717328703675,0.6128282671296326,WinProbability,1.5,0.3901151366687198,0.6098848633312802,WinProbability,1.75,0.3941498874491448,0.6058501125508552,WinProbability,2,0.40546870937042945,0.5945312906295706,WinProbability,2.25,0.4408673928187016,0.5591326071812984,WinProbability,2.5,0.5062952446287526,0.49370475537124736,WinProbability,2.75,0.5515315877885411,0.44846841221145894,WinProbability,3,0.5985220762543075,0.40147792374569247,WinProbability,3.25,0.6216432336855623,0.3783567663144377,WinProbability,3.5,0.6252703264519885,0.37472967354801145,WinProbability,3.75,0.6759740464227587,0.3240259535772413,WinProbability,4,0.7018441737155501,0.2981558262844499,WinProbability,4.25,0.7166058508462229,0.28339414915377714,WinProbability,4.5,0.7638552321433741,0.23614476785662586,WinProbability,4.75,0.7802746559099736,0.21972534409002642,WinProbability,5,0.7778694382573889,0.22213056174261114,WinProbability,5.25,0.7805200304152068,0.2194799695847932,WinProbability,5.5,0.7750940778895768,0.22490592211042315,WinProbability,5.75,0.7894459015086839,0.21055409849131612,WinProbability,6,0.8175927261714402,0.1824072738285598,WinProbability,6.25,0.811983553356982,0.18801644664301798,WinProbability,6.5,0.8160661143533428,0.18393388564665725,WinProbability,6.75,0.8257865729120463,0.17421342708795373,WinProbability,7,0.861436303790066,0.13856369620993403,WinProbability,7.25,0.878064006371849,0.121935993628151,WinProbability,7.5,0.8885014918478299,0.1114985081521701,WinProbability,7.75,0.9130628285919913,0.08693717140800872,WinProbability,8,0.9256325942454785,0.0743674057545215,WinProbability,8.25,0.9358576359894297,0.06414236401057027,WinProbability,8.5,0.9357065470013538,0.0642934529986462,WinProbability,8.75,0.9158369359814335,0.08416306401856655,WinProbability,9,0.8452609244812546,0.15473907551874544,WinProbability,9.25,0.8130025361582618,0.1869974638417382,WinProbability,9.5,0.8290255833833695,0.1709744166166305,WinProbability,9.75,0.8551500934033155,0.1448499065966845,WinProbability,10,0.8833637576304858,0.1166362423695142,WinProbability,10.25,0.8914553658455894,0.10854463415441062,WinProbability,10.5,0.9038812919785573,0.09611870802144273,WinProbability,10.75,0.9045581451717173,0.09544185482828271,WinProbability,11,0.913590929422503,0.08640907057749703,WinProbability,11.25,0.9106443460523526,0.08935565394764744,WinProbability,11.5,0.9046177374419707,0.09538226255802928,WinProbability,11.75,0.9083853453274291,0.0916146546725709,WinProbability,12,0.9178022920139378,0.08219770798606219,WinProbability,12.25,0.9343390283451439,0.06566097165485607,WinProbability,12.5,0.9490320994498258,0.050967900550174194,WinProbability,12.75,0.9584210305464197,0.041578969453580306,WinProbability,13,0.9691200000691295,0.03087999993087054,WinProbability,13.25,0.9751092491731499,0.024890750826850105,WinProbability,13.5,0.9795657358410607,0.02043426415893934,WinProbability,13.75,0.984167398132511,0.015832601867489027,WinProbability,14,0.9850024813596353,0.014997518640364693,WinProbability,14.25,0.9885368262811313,0.011463173718868735,WinProbability,14.5,0.9885319801354974,0.011468019864502632,WinProbability,14.75,0.9904229616111629,0.009577038388837056,WinProbability,15,0.9927085008341651,0.007291499165834936,WinProbability,15.25,0.9941375139118527,0.005862486088147323,WinProbability,15.5,0.9952850115441376,0.004714988455862379,WinProbability,15.75,0.9962836826265841,0.003716317373415934,WinProbability,16,0.9973021122402935,0.0026978877597064743,WinProbability,16.25,0.9980449454964135,0.001955054503586462,WinProbability,16.5,0.9986620987367267,0.0013379012632732667,WinProbability,16.75,0.9986945591739584,0.0013054408260415595,WinProbability,17,0.9987350398160414,0.0012649601839586078,WinProbability,17.25,0.9991114600303982,0.0008885399696018093,WinProbability,17.5,0.9991166182382624,0.0008833817617376338,WinProbability,17.75,0.9992246136524212,0.0007753863475787881,WinProbability,18,0.9995024797317821,0.0004975202682179214,WinProbability,18.25,0.9996680086417925,0.00033199135820749515,WinProbability,18.5,0.9998063441917427,0.0001936558082572537,WinProbability,18.75,0.999879599492112,0.0001204005078879744,WinProbability,19,0.99991667586862,8.332413138001371e-05,WinProbability,19.25,0.999936138888001,6.386111199896405e-05,WinProbability,19.5,0.9999504110356678,4.958896433215898e-05,WinProbability,19.75,0.9999551777894645,4.482221053547786e-05,WinProbability,20,0.999962801557798,3.719844220195778e-05,WinProbability,20.25,0.9999730267658336,2.69732341664497e-05,WinProbability,20.5,0.9999782914589646,2.1708541035447837e-05,WinProbability,20.75,0.99998309892427,1.6901075730046955e-05,WinProbability,21,0.9999881618204655,1.1838179534540139e-05,WinProbability,21.25,0.9999919811678923,8.01883210765908e-06,WinProbability,21.5,0.9999940233731477,5.976626852310929e-06,WinProbability,21.75,0.9999947678233523,5.232176647718134e-06,WinProbability,22,0.9999949908728283,5.009127171717864e-06,WinProbability,22.25,0.9999960020788452,3.997921154796913e-06,WinProbability,22.5,0.9999969642008896,3.0357991104290605e-06,WinProbability,22.75,0.9999975868561128,2.413143887158853e-06,WinProbability,23,0.9999980382328628,1.96176713718188e-06,WinProbability,23.25,0.9999984887469934,1.511253006625246e-06,WinProbability,23.5,0.9999986770784938,1.3229215062304789e-06,WinProbability,23.75,0.9999988904037662,1.109596233783705e-06,WinProbability,24,0.9999990523724459,9.476275540931667e-07,WinProbability,24.25,0.9999991155476657,8.844523342599331e-07,WinProbability,24.5,0.9999992733183266,7.266816733908499e-07,WinProbability,24.75,0.9999994435673515,5.564326485130167e-07,WinProbability,25,0.9999995236770014,4.7632299859934335e-07,WinProbability,25.25,0.9999996936561608,3.0634383918481944e-07,WinProbability,25.5,0.9999998188359553,1.811640446547358e-07,WinProbability,25.75,0.999999892785147,1.0721485299569622e-07,WinProbability,26,0.9999999285092599,7.149074010559531e-08,WinProbability,26.25,0.9999999559262925,4.40737074614006e-08,WinProbability,26.5,0.9999999759723519,2.4027648093394305e-08,WinProbability,26.75,0.9999999839570433,1.6042956740847103e-08,WinProbability,27,0.9999999899202343,1.0079765688786324e-08,WinProbability,27.25,0.99999999366688,6.33312002840114e-09,WinProbability,27.5,0.9999999957724789,4.227521110955479e-09,WinProbability,27.75,0.9999999972326026,2.7673974223318965e-09,WinProbability,28,0.9999999981526129,1.8473871321589286e-09,WinProbability,28.25,0.9999999987161791,1.2838209384469224e-09,WinProbability,28.5,0.9999999991934381,8.065619283570413e-10,WinProbability,28.75,0.9999999994828093,5.171907346834814e-10,WinProbability,29,0.9999999996619109,3.380891122617413e-10,WinProbability,29.25,0.9999999998115678,1.8843215876529484e-10,WinProbability,29.5,0.9999999998773121,1.2268785987146202e-10,WinProbability,29.75,0.9999999999224806,7.751943531530969e-11,WinProbability,30,0.999999999946154,5.384603873892502e-11,WinProbability,30.25,0.9999999999668565,3.31434879541348e-11,WinProbability,30.5,0.9999999999764917,2.3508306412622915e-11,WinProbability,30.75,0.9999999999888659,1.1134093647058307e-11,WinProbability,31,1,0,blue,X7,esports:team:46402c8a-912a-4398-a513-b20f2d905a4f,live:lol:riot:team:107423075317119707,1654875374,LiveGame,True,False,400,False,1,1,BEST_OF,TeamDetails,X7,esports:team:46402c8a-912a-4398-a513-b20f2d905a4f,live:lol:riot:team:107423075317119707,TeamDetails,VNR,esports:team:39e79734-bac4-4e74-8796-b99157c7f9a2,live:lol:riot:team:107423083507599175,live:lol:riot:map:esportstmnt02-2786389,esports:team:46402c8a-912a-4398-a513-b20f2d905a4f,2022-06-08T16:00:00Z,400,esports:match:a9b14f0b-1d75-4726-a9e3-b053793d3bc0,PrematchWinProbability,0.6992293880178927,0.3007706119821073,MatchScore,1,0,TeamDetails,X7,6,X7 Esports,0,0,PlayerHistory,PlayerDetails,90,Dong-hyeon Kim,,Chasy,esports:player:752cd5a5-c0fe-4f53-ba3b-d0e610c3aba6,esports:player:752cd5a5-c0fe-4f53-ba3b-d0e610c3aba6,top,esports:tournament:fad12a2c-5d11-4a39-a001-f9011b529a85,PlayerHistory,PlayerDetails,1609,Amadeu Carvalho,https://factorassets.global.ssl.fastly.net/player-headshots/esports:player:e9a50a68-e4d2-4581-8355-088ede1829bd/latest.png,Attila,esports:player:e9a50a68-e4d2-4581-8355-088ede1829bd,esports:player:e9a50a68-e4d2-4581-8355-088ede1829bd,bot,esports:tournament:fad12a2c-5d11-4a39-a001-f9011b529a85,PlayerHistory,PlayerDetails,2699,Raymond Tsang,https://factorassets.global.ssl.fastly.net/player-headshots/esports:player:fb10eb06-469f-4f77-9acc-242b9764adf2/latest.png,KaSing,esports:player:fb10eb06-469f-4f77-9acc-242b9764adf2,esports:player:fb10eb06-469f-4f77-9acc-242b9764adf2,sup,esports:tournament:fad12a2c-5d11-4a39-a001-f9011b529a85,PlayerHistory,PlayerDetails,1118,Myunggu Kang,https://factorassets.global.ssl.fastly.net/player-headshots/esports:player:2d514f8d-4f7c-4d5e-a43f-329664009336/latest.png,Tempt,esports:player:2d514f8d-4f7c-4d5e-a43f-329664009336,esports:player:2d514f8d-4f7c-4d5e-a43f-329664009336,mid,esports:tournament:fad12a2c-5d11-4a39-a001-f9011b529a85,PlayerHistory,PlayerDetails,3041,Anton Anderson,https://factorassets.global.ssl.fastly.net/player-headshots/esports:player:27837d92-d988-45af-93d5-bca236257651/latest.png,Viking,esports:player:27837d92-d988-45af-93d5-bca236257651,esports:player:27837d92-d988-45af-93d5-bca236257651,jng,esports:tournament:fad12a2c-5d11-4a39-a001-f9011b529a85,PlayerHistory,PlayerDetails,3041,Anton Anderson,https://factorassets.global.ssl.fastly.net/player-headshots/esports:player:27837d92-d988-45af-93d5-bca236257651/latest.png,Viking,esports:player:27837d92-d988-45af-93d5-bca236257651,esports:player:27837d92-d988-45af-93d5-bca236257651,jng,esports:tournament:15e305a7-c1c3-40ec-9007-b94f14e53b5e,PlayerHistory,PlayerDetails,1118,Myunggu Kang,https://factorassets.global.ssl.fastly.net/player-headshots/esports:player:2d514f8d-4f7c-4d5e-a43f-329664009336/latest.png,Tempt,esports:player:2d514f8d-4f7c-4d5e-a43f-329664009336,esports:player:2d514f8d-4f7c-4d5e-a43f-329664009336,mid,esports:tournament:15e305a7-c1c3-40ec-9007-b94f14e53b5e,PlayerHistory,PlayerDetails,90,Dong-hyeon Kim,,Chasy,esports:player:752cd5a5-c0fe-4f53-ba3b-d0e610c3aba6,esports:player:752cd5a5-c0fe-4f53-ba3b-d0e610c3aba6,top,esports:tournament:15e305a7-c1c3-40ec-9007-b94f14e53b5e,PlayerHistory,PlayerDetails,2675,Mohammed Chinoune,https://factorassets.global.ssl.fastly.net/player-headshots/default.png,MC,esports:player:e4793f55-3ecf-4b1a-b7bb-fdb5f4b30412,esports:player:e4793f55-3ecf-4b1a-b7bb-fdb5f4b30412,jng,esports:tournament:15e305a7-c1c3-40ec-9007-b94f14e53b5e,PlayerHistory,PlayerDetails,1609,Amadeu Carvalho,https://factorassets.global.ssl.fastly.net/player-headshots/esports:player:e9a50a68-e4d2-4581-8355-088ede1829bd/latest.png,Attila,esports:player:e9a50a68-e4d2-4581-8355-088ede1829bd,esports:player:e9a50a68-e4d2-4581-8355-088ede1829bd,bot,esports:tournament:15e305a7-c1c3-40ec-9007-b94f14e53b5e,PlayerHistory,PlayerDetails,2711,Yebit Seo,https://factorassets.global.ssl.fastly.net/player-headshots/default.png,SlowQ,esports:player:f00b943f-df18-4f45-9992-bab2295ab352,esports:player:f00b943f-df18-4f45-9992-bab2295ab352,mid,esports:tournament:15e305a7-c1c3-40ec-9007-b94f14e53b5e,PlayerHistory,PlayerDetails,2699,Raymond Tsang,https://factorassets.global.ssl.fastly.net/player-headshots/esports:player:fb10eb06-469f-4f77-9acc-242b9764adf2/latest.png,KaSing,esports:player:fb10eb06-469f-4f77-9acc-242b9764adf2,esports:player:fb10eb06-469f-4f77-9acc-242b9764adf2,sup,esports:tournament:15e305a7-c1c3-40ec-9007-b94f14e53b5e,PlayerHistory,PlayerDetails,1118,Myunggu Kang,https://factorassets.global.ssl.fastly.net/player-headshots/esports:player:2d514f8d-4f7c-4d5e-a43f-329664009336/latest.png,Tempt,esports:player:2d514f8d-4f7c-4d5e-a43f-329664009336,esports:player:2d514f8d-4f7c-4d5e-a43f-329664009336,mid,esports:tournament:a22edf8b-0313-4813-afe1-9cf81a571855,PlayerHistory,PlayerDetails,2699,Raymond Tsang,https://factorassets.global.ssl.fastly.net/player-headshots/esports:player:fb10eb06-469f-4f77-9acc-242b9764adf2/latest.png,KaSing,esports:player:fb10eb06-469f-4f77-9acc-242b9764adf2,esports:player:fb10eb06-469f-4f77-9acc-242b9764adf2,sup,esports:tournament:a22edf8b-0313-4813-afe1-9cf81a571855,PlayerHistory,PlayerDetails,1219,Nataniel Fikrisellasie Asrat,https://factorassets.global.ssl.fastly.net/player-headshots/esports:player:3366f0a6-227b-4a70-92f4-0b22604e6ab1/latest.png,Nata,esports:player:3366f0a6-227b-4a70-92f4-0b22604e6ab1,esports:player:3366f0a6-227b-4a70-92f4-0b22604e6ab1,bot,esports:tournament:a22edf8b-0313-4813-afe1-9cf81a571855,PlayerHistory,PlayerDetails,318,Lennart Warkus,https://factorassets.global.ssl.fastly.net/player-headshots/esports:player:164abcaa-d7db-4727-bb3b-faa889e215e0/latest.png,Jaeger,esports:player:164abcaa-d7db-4727-bb3b-faa889e215e0,esports:player:164abcaa-d7db-4727-bb3b-faa889e215e0,top,esports:tournament:a22edf8b-0313-4813-afe1-9cf81a571855,PlayerHistory,PlayerDetails,2512,Minseung Kang,https://factorassets.global.ssl.fastly.net/player-headshots/esports:player:f7b30122-0cf2-42ba-8cb9-0d283817a514/latest.png,Haru,esports:player:f7b30122-0cf2-42ba-8cb9-0d283817a514,esports:player:f7b30122-0cf2-42ba-8cb9-0d283817a514,jng,esports:tournament:a22edf8b-0313-4813-afe1-9cf81a571855,PlayerHistory,PlayerDetails,2699,Raymond Tsang,https://factorassets.global.ssl.fastly.net/player-headshots/esports:player:fb10eb06-469f-4f77-9acc-242b9764adf2/latest.png,KaSing,esports:player:fb10eb06-469f-4f77-9acc-242b9764adf2,esports:player:fb10eb06-469f-4f77-9acc-242b9764adf2,sup,esports:tournament:419e4c6f-fd3a-4997-8458-6c01e3f34ad6,PlayerHistory,PlayerDetails,1219,Nataniel Fikrisellasie Asrat,https://factorassets.global.ssl.fastly.net/player-headshots/esports:player:3366f0a6-227b-4a70-92f4-0b22604e6ab1/latest.png,Nata,esports:player:3366f0a6-227b-4a70-92f4-0b22604e6ab1,esports:player:3366f0a6-227b-4a70-92f4-0b22604e6ab1,bot,esports:tournament:419e4c6f-fd3a-4997-8458-6c01e3f34ad6,PlayerHistory,PlayerDetails,1118,Myunggu Kang,https://factorassets.global.ssl.fastly.net/player-headshots/esports:player:2d514f8d-4f7c-4d5e-a43f-329664009336/latest.png,Tempt,esports:player:2d514f8d-4f7c-4d5e-a43f-329664009336,esports:player:2d514f8d-4f7c-4d5e-a43f-329664009336,mid,esports:tournament:419e4c6f-fd3a-4997-8458-6c01e3f34ad6,PlayerHistory,PlayerDetails,2512,Minseung Kang,https://factorassets.global.ssl.fastly.net/player-headshots/esports:player:f7b30122-0cf2-42ba-8cb9-0d283817a514/latest.png,Haru,esports:player:f7b30122-0cf2-42ba-8cb9-0d283817a514,esports:player:f7b30122-0cf2-42ba-8cb9-0d283817a514,jng,esports:tournament:419e4c6f-fd3a-4997-8458-6c01e3f34ad6,PlayerHistory,PlayerDetails,318,Lennart Warkus,https://factorassets.global.ssl.fastly.net/player-headshots/esports:player:164abcaa-d7db-4727-bb3b-faa889e215e0/latest.png,Jaeger,esports:player:164abcaa-d7db-4727-bb3b-faa889e215e0,esports:player:164abcaa-d7db-4727-bb3b-faa889e215e0,top,esports:tournament:419e4c6f-fd3a-4997-8458-6c01e3f34ad6,TeamRank,,78,0.4990361774074958,,0.4990361774074958,X7,esports:team:46402c8a-912a-4398-a513-b20f2d905a4f,PlayerDetails,3041,Anton Anderson,https://factorassets.global.ssl.fastly.net/player-headshots/esports:player:27837d92-d988-45af-93d5-bca236257651/latest.png,Viking,esports:player:27837d92-d988-45af-93d5-bca236257651,Viking,esports:player:27837d92-d988-45af-93d5-bca236257651,jng,PlayerDetails,1118,Myunggu Kang,https://factorassets.global.ssl.fastly.net/player-headshots/esports:player:2d514f8d-4f7c-4d5e-a43f-329664009336/latest.png,Tempt,esports:player:2d514f8d-4f7c-4d5e-a43f-329664009336,Tempt,esports:player:2d514f8d-4f7c-4d5e-a43f-329664009336,mid,PlayerDetails,90,Dong-hyeon Kim,,Chasy,esports:player:752cd5a5-c0fe-4f53-ba3b-d0e610c3aba6,Chasy,esports:player:752cd5a5-c0fe-4f53-ba3b-d0e610c3aba6,top,PlayerDetails,2675,Mohammed Chinoune,https://factorassets.global.ssl.fastly.net/player-headshots/default.png,MC,esports:player:e4793f55-3ecf-4b1a-b7bb-fdb5f4b30412,MC,esports:player:e4793f55-3ecf-4b1a-b7bb-fdb5f4b30412,jng,PlayerDetails,1609,Amadeu Carvalho,https://factorassets.global.ssl.fastly.net/player-headshots/esports:player:e9a50a68-e4d2-4581-8355-088ede1829bd/latest.png,Attila,esports:player:e9a50a68-e4d2-4581-8355-088ede1829bd,Attila,esports:player:e9a50a68-e4d2-4581-8355-088ede1829bd,bot,PlayerDetails,2711,Yebit Seo,https://factorassets.global.ssl.fastly.net/player-headshots/default.png,SlowQ,esports:player:f00b943f-df18-4f45-9992-bab2295ab352,SlowQ,esports:player:f00b943f-df18-4f45-9992-bab2295ab352,mid,PlayerDetails,2699,Raymond Tsang,https://factorassets.global.ssl.fastly.net/player-headshots/esports:player:fb10eb06-469f-4f77-9acc-242b9764adf2/latest.png,KaSing,esports:player:fb10eb06-469f-4f77-9acc-242b9764adf2,KaSing,esports:player:fb10eb06-469f-4f77-9acc-242b9764adf2,sup,TeamLogo,False,False,https://factorassets.global.ssl.fastly.net/teamlogo/esports:team:46402c8a-912a-4398-a513-b20f2d905a4f/latest.png,esports:team:46402c8a-912a-4398-a513-b20f2d905a4f,Tournament,Series,European Masters,esports:series:e2a7097c-0c7a-4504-9bc4-5bad742a0d7f,esports:tournament:fad12a2c-5d11-4a39-a001-f9011b529a85,Tournament,Series,NLC,esports:series:9966efcc-d755-4a14-a977-837be2acf9c8,esports:tournament:15e305a7-c1c3-40ec-9007-b94f14e53b5e,Tournament,Series,European Masters,esports:series:e2a7097c-0c7a-4504-9bc4-5bad742a0d7f,esports:tournament:a22edf8b-0313-4813-afe1-9cf81a571855,TeamDetails,VNR,442,Vanir,0,0,PlayerHistory,PlayerDetails,188956,Maciej Zaremba,,Zaremba,esports:player:83bcd392-6e49-4c77-883f-a7478932107f,esports:player:83bcd392-6e49-4c77-883f-a7478932107f,sup,esports:tournament:15e305a7-c1c3-40ec-9007-b94f14e53b5e,PlayerHistory,PlayerDetails,2609,Leon Keddeinis,,Riziki,esports:player:42fcc696-95dc-459e-bffd-689fc7f38325,esports:player:42fcc696-95dc-459e-bffd-689fc7f38325,bot,esports:tournament:15e305a7-c1c3-40ec-9007-b94f14e53b5e,PlayerHistory,PlayerDetails,2181,Ilya Grom,https://factorassets.global.ssl.fastly.net/player-headshots/esports:player:55e7705d-0616-4ba2-ab31-0abe97b2384f/latest.png,Kreox,esports:player:55e7705d-0616-4ba2-ab31-0abe97b2384f,esports:player:55e7705d-0616-4ba2-ab31-0abe97b2384f,jng,esports:tournament:15e305a7-c1c3-40ec-9007-b94f14e53b5e,PlayerHistory,PlayerDetails,1051,Mark Leksin,https://factorassets.global.ssl.fastly.net/player-headshots/default.png,Dreampullka,esports:player:5610754f-c21f-4dfe-a40b-aaa4f84ba51c,esports:player:5610754f-c21f-4dfe-a40b-aaa4f84ba51c,top,esports:tournament:15e305a7-c1c3-40ec-9007-b94f14e53b5e,PlayerHistory,PlayerDetails,2313,Øyvind Saltrø Eriksen,https://factorassets.global.ssl.fastly.net/player-headshots/esports:player:5c690974-4ba9-4fdd-8db9-d93d95114052/latest.png,Erixen,esports:player:5c690974-4ba9-4fdd-8db9-d93d95114052,esports:player:5c690974-4ba9-4fdd-8db9-d93d95114052,mid,esports:tournament:15e305a7-c1c3-40ec-9007-b94f14e53b5e,PlayerHistory,PlayerDetails,1313,Paweł Karwot,https://factorassets.global.ssl.fastly.net/player-headshots/default.png,HeSSZero,esports:player:6726a9fe-34ae-40c5-8f05-a2b24b1dba66,esports:player:6726a9fe-34ae-40c5-8f05-a2b24b1dba66,top,esports:tournament:15e305a7-c1c3-40ec-9007-b94f14e53b5e,PlayerHistory,PlayerDetails,2543,Alex Holmin,https://factorassets.global.ssl.fastly.net/player-headshots/esports:player:8b4bad25-f94c-4dcb-b9a7-a054ad99d341/latest.png,mirbs,esports:player:8b4bad25-f94c-4dcb-b9a7-a054ad99d341,esports:player:8b4bad25-f94c-4dcb-b9a7-a054ad99d341,bot,esports:tournament:15e305a7-c1c3-40ec-9007-b94f14e53b5e,PlayerHistory,PlayerDetails,441,Juho  Janhunen,https://factorassets.global.ssl.fastly.net/player-headshots/esports:player:fec7dce8-0728-433a-b1b8-5633ff2b54a4/latest.png,Nille,esports:player:fec7dce8-0728-433a-b1b8-5633ff2b54a4,esports:player:fec7dce8-0728-433a-b1b8-5633ff2b54a4,top,esports:tournament:419e4c6f-fd3a-4997-8458-6c01e3f34ad6,PlayerHistory,PlayerDetails,2918,Aleksi Merta,https://factorassets.global.ssl.fastly.net/player-headshots/esports:player:79c30e69-874f-469f-a7f9-13be628e440e/latest.png,Kehvo,esports:player:79c30e69-874f-469f-a7f9-13be628e440e,esports:player:79c30e69-874f-469f-a7f9-13be628e440e,bot,esports:tournament:419e4c6f-fd3a-4997-8458-6c01e3f34ad6,PlayerHistory,PlayerDetails,1951,Kim  Kroon,https://factorassets.global.ssl.fastly.net/player-headshots/esports:player:82e11e66-86bd-4a17-8032-c06da021049b/latest.png,Noodle,esports:player:82e11e66-86bd-4a17-8032-c06da021049b,esports:player:82e11e66-86bd-4a17-8032-c06da021049b,jng,esports:tournament:419e4c6f-fd3a-4997-8458-6c01e3f34ad6,PlayerHistory,PlayerDetails,1535,August Skarsfjord Nyheim,https://factorassets.global.ssl.fastly.net/player-headshots/esports:player:b447e34d-4c58-4759-84ad-30242d3d96bb/latest.png,Quixeth,esports:player:b447e34d-4c58-4759-84ad-30242d3d96bb,esports:player:b447e34d-4c58-4759-84ad-30242d3d96bb,sup,esports:tournament:419e4c6f-fd3a-4997-8458-6c01e3f34ad6,PlayerHistory,PlayerDetails,2867,Enes Apelqvist,https://factorassets.global.ssl.fastly.net/player-headshots/default.png,Sahira,esports:player:38a5e474-7d1e-4c93-9a31-26b6a93d87a3,esports:player:38a5e474-7d1e-4c93-9a31-26b6a93d87a3,mid,esports:tournament:419e4c6f-fd3a-4997-8458-6c01e3f34ad6,TeamRank,,39,0.4164914063287036,,0.4164914063287036,VNR,esports:team:39e79734-bac4-4e74-8796-b99157c7f9a2,Roster,PlayerDetails,1921,Lars Christiansen,https://factorassets.global.ssl.fastly.net/player-headshots/default.png,Chrisberg,esports:player:2471c7ad-a984-4965-969e-2dfae2436376,Chrisberg,esports:player:2471c7ad-a984-4965-969e-2dfae2436376,bot,Roster,PlayerDetails,1342,Yusuf Oktay Gülbak,https://factorassets.global.ssl.fastly.net/player-headshots/esports:player:6e6c0559-9c67-45cf-bc91-0ad16ea3470e/latest.png,Luka,esports:player:6e6c0559-9c67-45cf-bc91-0ad16ea3470e,Luka,esports:player:6e6c0559-9c67-45cf-bc91-0ad16ea3470e,mid,Roster,PlayerDetails,1071,Omid Rosander,https://factorassets.global.ssl.fastly.net/player-headshots/esports:player:be49e63e-275d-4c7f-a3ea-45f19580f459/latest.png,Touch,esports:player:be49e63e-275d-4c7f-a3ea-45f19580f459,Touch,esports:player:be49e63e-275d-4c7f-a3ea-45f19580f459,sup,PlayerDetails,188956,Maciej Zaremba,,Zaremba,esports:player:83bcd392-6e49-4c77-883f-a7478932107f,Zaremba,esports:player:83bcd392-6e49-4c77-883f-a7478932107f,sup,PlayerDetails,2609,Leon Keddeinis,,Riziki,esports:player:42fcc696-95dc-459e-bffd-689fc7f38325,Riziki,esports:player:42fcc696-95dc-459e-bffd-689fc7f38325,bot,PlayerDetails,2181,Ilya Grom,https://factorassets.global.ssl.fastly.net/player-headshots/esports:player:55e7705d-0616-4ba2-ab31-0abe97b2384f/latest.png,Kreox,esports:player:55e7705d-0616-4ba2-ab31-0abe97b2384f,Kreox,esports:player:55e7705d-0616-4ba2-ab31-0abe97b2384f,jng,PlayerDetails,1051,Mark Leksin,https://factorassets.global.ssl.fastly.net/player-headshots/default.png,Dreampullka,esports:player:5610754f-c21f-4dfe-a40b-aaa4f84ba51c,Dreampullka,esports:player:5610754f-c21f-4dfe-a40b-aaa4f84ba51c,top,PlayerDetails,2313,Øyvind Saltrø Eriksen,https://factorassets.global.ssl.fastly.net/player-headshots/esports:player:5c690974-4ba9-4fdd-8db9-d93d95114052/latest.png,Erixen,esports:player:5c690974-4ba9-4fdd-8db9-d93d95114052,Erixen,esports:player:5c690974-4ba9-4fdd-8db9-d93d95114052,mid,PlayerDetails,1313,Paweł Karwot,https://factorassets.global.ssl.fastly.net/player-headshots/default.png,HeSSZero,esports:player:6726a9fe-34ae-40c5-8f05-a2b24b1dba66,HeSSZero,esports:player:6726a9fe-34ae-40c5-8f05-a2b24b1dba66,top,PlayerDetails,2543,Alex Holmin,https://factorassets.global.ssl.fastly.net/player-headshots/esports:player:8b4bad25-f94c-4dcb-b9a7-a054ad99d341/latest.png,mirbs,esports:player:8b4bad25-f94c-4dcb-b9a7-a054ad99d341,mirbs,esports:player:8b4bad25-f94c-4dcb-b9a7-a054ad99d341,bot,TeamLogo,False,False,https://factorassets.global.ssl.fastly.net/teamlogo/esports:team:39e79734-bac4-4e74-8796-b99157c7f9a2/latest.png,esports:team:39e79734-bac4-4e74-8796-b99157c7f9a2,Tournament,Series,NLC,esports:series:9966efcc-d755-4a14-a977-837be2acf9c8,esports:tournament:15e305a7-c1c3-40ec-9007-b94f14e53b5e,Tournament,Series,NLC,esports:series:9966efcc-d755-4a14-a977-837be2acf9c8,esports:tournament:419e4c6f-fd3a-4997-8458-6c01e3f34ad6,Tournament,2022-08-19,1673358942,Summer,Season,NLC 2022,2022,esports:season:8822699d-9c65-42bd-b46f-cb79f3d136c8,Series,NLC,esports:series:9966efcc-d755-4a14-a977-837be2acf9c8,2022-05-29,C-Tier,C-Tier,4,esports:tournament:15e305a7-c1c3-40ec-9007-b94f14e53b5e,1,False,362548,statistics,NLC,TeamDetails,X7,6,X7 Esports,PlayerHistory,PlayerDetails,90,Dong-hyeon Kim,,Chasy,esports:player:752cd5a5-c0fe-4f53-ba3b-d0e610c3aba6,esports:player:752cd5a5-c0fe-4f53-ba3b-d0e610c3aba6,top,esports:tournament:fad12a2c-5d11-4a39-a001-f9011b529a85,PlayerHistory,PlayerDetails,1609,Amadeu Carvalho,https://factorassets.global.ssl.fastly.net/player-headshots/esports:player:e9a50a68-e4d2-4581-8355-088ede1829bd/latest.png,Attila,esports:player:e9a50a68-e4d2-4581-8355-088ede1829bd,esports:player:e9a50a68-e4d2-4581-8355-088ede1829bd,bot,esports:tournament:fad12a2c-5d11-4a39-a001-f9011b529a85,PlayerHistory,PlayerDetails,2699,Raymond Tsang,https://factorassets.global.ssl.fastly.net/player-headshots/esports:player:fb10eb06-469f-4f77-9acc-242b9764adf2/latest.png,KaSing,esports:player:fb10eb06-469f-4f77-9acc-242b9764adf2,esports:player:fb10eb06-469f-4f77-9acc-242b9764adf2,sup,esports:tournament:fad12a2c-5d11-4a39-a001-f9011b529a85,PlayerHistory,PlayerDetails,1118,Myunggu Kang,https://factorassets.global.ssl.fastly.net/player-headshots/esports:player:2d514f8d-4f7c-4d5e-a43f-329664009336/latest.png,Tempt,esports:player:2d514f8d-4f7c-4d5e-a43f-329664009336,esports:player:2d514f8d-4f7c-4d5e-a43f-329664009336,mid,esports:tournament:fad12a2c-5d11-4a39-a001-f9011b529a85,PlayerHistory,PlayerDetails,3041,Anton Anderson,https://factorassets.global.ssl.fastly.net/player-headshots/esports:player:27837d92-d988-45af-93d5-bca236257651/latest.png,Viking,esports:player:27837d92-d988-45af-93d5-bca236257651,esports:player:27837d92-d988-45af-93d5-bca236257651,jng,esports:tournament:fad12a2c-5d11-4a39-a001-f9011b529a85,PlayerHistory,PlayerDetails,3041,Anton Anderson,https://factorassets.global.ssl.fastly.net/player-headshots/esports:player:27837d92-d988-45af-93d5-bca236257651/latest.png,Viking,esports:player:27837d92-d988-45af-93d5-bca236257651,esports:player:27837d92-d988-45af-93d5-bca236257651,jng,esports:tournament:15e305a7-c1c3-40ec-9007-b94f14e53b5e,PlayerHistory,PlayerDetails,1118,Myunggu Kang,https://factorassets.global.ssl.fastly.net/player-headshots/esports:player:2d514f8d-4f7c-4d5e-a43f-329664009336/latest.png,Tempt,esports:player:2d514f8d-4f7c-4d5e-a43f-329664009336,esports:player:2d514f8d-4f7c-4d5e-a43f-329664009336,mid,esports:tournament:15e305a7-c1c3-40ec-9007-b94f14e53b5e,PlayerHistory,PlayerDetails,90,Dong-hyeon Kim,,Chasy,esports:player:752cd5a5-c0fe-4f53-ba3b-d0e610c3aba6,esports:player:752cd5a5-c0fe-4f53-ba3b-d0e610c3aba6,top,esports:tournament:15e305a7-c1c3-40ec-9007-b94f14e53b5e,PlayerHistory,PlayerDetails,2675,Mohammed Chinoune,https://factorassets.global.ssl.fastly.net/player-headshots/default.png,MC,esports:player:e4793f55-3ecf-4b1a-b7bb-fdb5f4b30412,esports:player:e4793f55-3ecf-4b1a-b7bb-fdb5f4b30412,jng,esports:tournament:15e305a7-c1c3-40ec-9007-b94f14e53b5e,PlayerHistory,PlayerDetails,1609,Amadeu Carvalho,https://factorassets.global.ssl.fastly.net/player-headshots/esports:player:e9a50a68-e4d2-4581-8355-088ede1829bd/latest.png,Attila,esports:player:e9a50a68-e4d2-4581-8355-088ede1829bd,esports:player:e9a50a68-e4d2-4581-8355-088ede1829bd,bot,esports:tournament:15e305a7-c1c3-40ec-9007-b94f14e53b5e,PlayerHistory,PlayerDetails,2711,Yebit Seo,https://factorassets.global.ssl.fastly.net/player-headshots/default.png,SlowQ,esports:player:f00b943f-df18-4f45-9992-bab2295ab352,esports:player:f00b943f-df18-4f45-9992-bab2295ab352,mid,esports:tournament:15e305a7-c1c3-40ec-9007-b94f14e53b5e,PlayerHistory,PlayerDetails,2699,Raymond Tsang,https://factorassets.global.ssl.fastly.net/player-headshots/esports:player:fb10eb06-469f-4f77-9acc-242b9764adf2/latest.png,KaSing,esports:player:fb10eb06-469f-4f77-9acc-242b9764adf2,esports:player:fb10eb06-469f-4f77-9acc-242b9764adf2,sup,esports:tournament:15e305a7-c1c3-40ec-9007-b94f14e53b5e,PlayerHistory,PlayerDetails,1118,Myunggu Kang,https://factorassets.global.ssl.fastly.net/player-headshots/esports:player:2d514f8d-4f7c-4d5e-a43f-329664009336/latest.png,Tempt,esports:player:2d514f8d-4f7c-4d5e-a43f-329664009336,esports:player:2d514f8d-4f7c-4d5e-a43f-329664009336,mid,esports:tournament:a22edf8b-0313-4813-afe1-9cf81a571855,PlayerHistory,PlayerDetails,2699,Raymond Tsang,https://factorassets.global.ssl.fastly.net/player-headshots/esports:player:fb10eb06-469f-4f77-9acc-242b9764adf2/latest.png,KaSing,esports:player:fb10eb06-469f-4f77-9acc-242b9764adf2,esports:player:fb10eb06-469f-4f77-9acc-242b9764adf2,sup,esports:tournament:a22edf8b-0313-4813-afe1-9cf81a571855,PlayerHistory,PlayerDetails,1219,Nataniel Fikrisellasie Asrat,https://factorassets.global.ssl.fastly.net/player-headshots/esports:player:3366f0a6-227b-4a70-92f4-0b22604e6ab1/latest.png,Nata,esports:player:3366f0a6-227b-4a70-92f4-0b22604e6ab1,esports:player:3366f0a6-227b-4a70-92f4-0b22604e6ab1,bot,esports:tournament:a22edf8b-0313-4813-afe1-9cf81a571855,PlayerHistory,PlayerDetails,318,Lennart Warkus,https://factorassets.global.ssl.fastly.net/player-headshots/esports:player:164abcaa-d7db-4727-bb3b-faa889e215e0/latest.png,Jaeger,esports:player:164abcaa-d7db-4727-bb3b-faa889e215e0,esports:player:164abcaa-d7db-4727-bb3b-faa889e215e0,top,esports:tournament:a22edf8b-0313-4813-afe1-9cf81a571855,PlayerHistory,PlayerDetails,2512,Minseung Kang,https://factorassets.global.ssl.fastly.net/player-headshots/esports:player:f7b30122-0cf2-42ba-8cb9-0d283817a514/latest.png,Haru,esports:player:f7b30122-0cf2-42ba-8cb9-0d283817a514,esports:player:f7b30122-0cf2-42ba-8cb9-0d283817a514,jng,esports:tournament:a22edf8b-0313-4813-afe1-9cf81a571855,PlayerHistory,PlayerDetails,2699,Raymond Tsang,https://factorassets.global.ssl.fastly.net/player-headshots/esports:player:fb10eb06-469f-4f77-9acc-242b9764adf2/latest.png,KaSing,esports:player:fb10eb06-469f-4f77-9acc-242b9764adf2,esports:player:fb10eb06-469f-4f77-9acc-242b9764adf2,sup,esports:tournament:419e4c6f-fd3a-4997-8458-6c01e3f34ad6,PlayerHistory,PlayerDetails,1219,Nataniel Fikrisellasie Asrat,https://factorassets.global.ssl.fastly.net/player-headshots/esports:player:3366f0a6-227b-4a70-92f4-0b22604e6ab1/latest.png,Nata,esports:player:3366f0a6-227b-4a70-92f4-0b22604e6ab1,esports:player:3366f0a6-227b-4a70-92f4-0b22604e6ab1,bot,esports:tournament:419e4c6f-fd3a-4997-8458-6c01e3f34ad6,PlayerHistory,PlayerDetails,1118,Myunggu Kang,https://factorassets.global.ssl.fastly.net/player-headshots/esports:player:2d514f8d-4f7c-4d5e-a43f-329664009336/latest.png,Tempt,esports:player:2d514f8d-4f7c-4d5e-a43f-329664009336,esports:player:2d514f8d-4f7c-4d5e-a43f-329664009336,mid,esports:tournament:419e4c6f-fd3a-4997-8458-6c01e3f34ad6,PlayerHistory,PlayerDetails,2512,Minseung Kang,https://factorassets.global.ssl.fastly.net/player-headshots/esports:player:f7b30122-0cf2-42ba-8cb9-0d283817a514/latest.png,Haru,esports:player:f7b30122-0cf2-42ba-8cb9-0d283817a514,esports:player:f7b30122-0cf2-42ba-8cb9-0d283817a514,jng,esports:tournament:419e4c6f-fd3a-4997-8458-6c01e3f34ad6,PlayerHistory,PlayerDetails,318,Lennart Warkus,https://factorassets.global.ssl.fastly.net/player-headshots/esports:player:164abcaa-d7db-4727-bb3b-faa889e215e0/latest.png,Jaeger,esports:player:164abcaa-d7db-4727-bb3b-faa889e215e0,esports:player:164abcaa-d7db-4727-bb3b-faa889e215e0,top,esports:tournament:419e4c6f-fd3a-4997-8458-6c01e3f34ad6,TeamRank,,78,0.4990361774074958,,0.4990361774074958,X7,esports:team:46402c8a-912a-4398-a513-b20f2d905a4f,TeamLogo,False,False,https://factorassets.global.ssl.fastly.net/teamlogo/esports:team:46402c8a-912a-4398-a513-b20f2d905a4f/latest.png,esports:team:46402c8a-912a-4398-a513-b20f2d905a4f,Tournament,Series,European Masters,esports:series:e2a7097c-0c7a-4504-9bc4-5bad742a0d7f,esports:tournament:fad12a2c-5d11-4a39-a001-f9011b529a85,Tournament,Series,NLC,esports:series:9966efcc-d755-4a14-a977-837be2acf9c8,esports:tournament:15e305a7-c1c3-40ec-9007-b94f14e53b5e,Tournament,Series,European Masters,esports:series:e2a7097c-0c7a-4504-9bc4-5bad742a0d7f,esports:tournament:a22edf8b-0313-4813-afe1-9cf81a571855,TeamDetails,VNR,442,Vanir,PlayerHistory,PlayerDetails,188956,Maciej Zaremba,,Zaremba,esports:player:83bcd392-6e49-4c77-883f-a7478932107f,esports:player:83bcd392-6e49-4c77-883f-a7478932107f,sup,esports:tournament:15e305a7-c1c3-40ec-9007-b94f14e53b5e,PlayerHistory,PlayerDetails,2609,Leon Keddeinis,,Riziki,esports:player:42fcc696-95dc-459e-bffd-689fc7f38325,esports:player:42fcc696-95dc-459e-bffd-689fc7f38325,bot,esports:tournament:15e305a7-c1c3-40ec-9007-b94f14e53b5e,PlayerHistory,PlayerDetails,2181,Ilya Grom,https://factorassets.global.ssl.fastly.net/player-headshots/esports:player:55e7705d-0616-4ba2-ab31-0abe97b2384f/latest.png,Kreox,esports:player:55e7705d-0616-4ba2-ab31-0abe97b2384f,esports:player:55e7705d-0616-4ba2-ab31-0abe97b2384f,jng,esports:tournament:15e305a7-c1c3-40ec-9007-b94f14e53b5e,PlayerHistory,PlayerDetails,1051,Mark Leksin,https://factorassets.global.ssl.fastly.net/player-headshots/default.png,Dreampullka,esports:player:5610754f-c21f-4dfe-a40b-aaa4f84ba51c,esports:player:5610754f-c21f-4dfe-a40b-aaa4f84ba51c,top,esports:tournament:15e305a7-c1c3-40ec-9007-b94f14e53b5e,PlayerHistory,PlayerDetails,2313,Øyvind Saltrø Eriksen,https://factorassets.global.ssl.fastly.net/player-headshots/esports:player:5c690974-4ba9-4fdd-8db9-d93d95114052/latest.png,Erixen,esports:player:5c690974-4ba9-4fdd-8db9-d93d95114052,esports:player:5c690974-4ba9-4fdd-8db9-d93d95114052,mid,esports:tournament:15e305a7-c1c3-40ec-9007-b94f14e53b5e,PlayerHistory,PlayerDetails,1313,Paweł Karwot,https://factorassets.global.ssl.fastly.net/player-headshots/default.png,HeSSZero,esports:player:6726a9fe-34ae-40c5-8f05-a2b24b1dba66,esports:player:6726a9fe-34ae-40c5-8f05-a2b24b1dba66,top,esports:tournament:15e305a7-c1c3-40ec-9007-b94f14e53b5e,PlayerHistory,PlayerDetails,2543,Alex Holmin,https://factorassets.global.ssl.fastly.net/player-headshots/esports:player:8b4bad25-f94c-4dcb-b9a7-a054ad99d341/latest.png,mirbs,esports:player:8b4bad25-f94c-4dcb-b9a7-a054ad99d341,esports:player:8b4bad25-f94c-4dcb-b9a7-a054ad99d341,bot,esports:tournament:15e305a7-c1c3-40ec-9007-b94f14e53b5e,PlayerHistory,PlayerDetails,441,Juho  Janhunen,https://factorassets.global.ssl.fastly.net/player-headshots/esports:player:fec7dce8-0728-433a-b1b8-5633ff2b54a4/latest.png,Nille,esports:player:fec7dce8-0728-433a-b1b8-5633ff2b54a4,esports:player:fec7dce8-0728-433a-b1b8-5633ff2b54a4,top,esports:tournament:419e4c6f-fd3a-4997-8458-6c01e3f34ad6,PlayerHistory,PlayerDetails,2918,Aleksi Merta,https://factorassets.global.ssl.fastly.net/player-headshots/esports:player:79c30e69-874f-469f-a7f9-13be628e440e/latest.png,Kehvo,esports:player:79c30e69-874f-469f-a7f9-13be628e440e,esports:player:79c30e69-874f-469f-a7f9-13be628e440e,bot,esports:tournament:419e4c6f-fd3a-4997-8458-6c01e3f34ad6,PlayerHistory,PlayerDetails,1951,Kim  Kroon,https://factorassets.global.ssl.fastly.net/player-headshots/esports:player:82e11e66-86bd-4a17-8032-c06da021049b/latest.png,Noodle,esports:player:82e11e66-86bd-4a17-8032-c06da021049b,esports:player:82e11e66-86bd-4a17-8032-c06da021049b,jng,esports:tournament:419e4c6f-fd3a-4997-8458-6c01e3f34ad6,PlayerHistory,PlayerDetails,1535,August Skarsfjord Nyheim,https://factorassets.global.ssl.fastly.net/player-headshots/esports:player:b447e34d-4c58-4759-84ad-30242d3d96bb/latest.png,Quixeth,esports:player:b447e34d-4c58-4759-84ad-30242d3d96bb,esports:player:b447e34d-4c58-4759-84ad-30242d3d96bb,sup,esports:tournament:419e4c6f-fd3a-4997-8458-6c01e3f34ad6,PlayerHistory,PlayerDetails,2867,Enes Apelqvist,https://factorassets.global.ssl.fastly.net/player-headshots/default.png,Sahira,esports:player:38a5e474-7d1e-4c93-9a31-26b6a93d87a3,esports:player:38a5e474-7d1e-4c93-9a31-26b6a93d87a3,mid,esports:tournament:419e4c6f-fd3a-4997-8458-6c01e3f34ad6,TeamRank,,39,0.4164914063287036,,0.4164914063287036,VNR,esports:team:39e79734-bac4-4e74-8796-b99157c7f9a2,Roster,PlayerDetails,1921,Lars Christiansen,https://factorassets.global.ssl.fastly.net/player-headshots/default.png,Chrisberg,esports:player:2471c7ad-a984-4965-969e-2dfae2436376,Chrisberg,esports:player:2471c7ad-a984-4965-969e-2dfae2436376,bot,Roster,PlayerDetails,1342,Yusuf Oktay Gülbak,https://factorassets.global.ssl.fastly.net/player-headshots/esports:player:6e6c0559-9c67-45cf-bc91-0ad16ea3470e/latest.png,Luka,esports:player:6e6c0559-9c67-45cf-bc91-0ad16ea3470e,Luka,esports:player:6e6c0559-9c67-45cf-bc91-0ad16ea3470e,mid,Roster,PlayerDetails,1071,Omid Rosander,https://factorassets.global.ssl.fastly.net/player-headshots/esports:player:be49e63e-275d-4c7f-a3ea-45f19580f459/latest.png,Touch,esports:player:be49e63e-275d-4c7f-a3ea-45f19580f459,Touch,esports:player:be49e63e-275d-4c7f-a3ea-45f19580f459,sup,TeamLogo,False,False,https://factorassets.global.ssl.fastly.net/teamlogo/esports:team:39e79734-bac4-4e74-8796-b99157c7f9a2/latest.png,esports:team:39e79734-bac4-4e74-8796-b99157c7f9a2,Tournament,Series,NLC,esports:series:9966efcc-d755-4a14-a977-837be2acf9c8,esports:tournament:15e305a7-c1c3-40ec-9007-b94f14e53b5e,Tournament,Series,NLC,esports:series:9966efcc-d755-4a14-a977-837be2acf9c8,esports:tournament:419e4c6f-fd3a-4997-8458-6c01e3f34ad6,362548,X7-VNR,1,statistics,False
