,buildId,dynamicIds_0,dynamicIds_1,dynamicIds_2,dynamicIds_3,dynamicIds_4,gssp,isFallback,page,props___N_SSP,props_pageProps_match_isPreMatch,props_pageProps_match_matchInfo___typename,props_pageProps_match_matchInfo_factorId,props_pageProps_match_matchInfo_games_0___typename,props_pageProps_match_matchInfo_games_0_bb1,props_pageProps_match_matchInfo_games_0_bb2,props_pageProps_match_matchInfo_games_0_bb3,props_pageProps_match_matchInfo_games_0_bb4,props_pageProps_match_matchInfo_games_0_bb5,props_pageProps_match_matchInfo_games_0_bp1,props_pageProps_match_matchInfo_games_0_bp2,props_pageProps_match_matchInfo_games_0_bp3,props_pageProps_match_matchInfo_games_0_bp4,props_pageProps_match_matchInfo_games_0_bp5,props_pageProps_match_matchInfo_games_0_gameDurationMins,props_pageProps_match_matchInfo_games_0_gameGold_0___typename,props_pageProps_match_matchInfo_games_0_gameGold_0_gameTime,props_pageProps_match_matchInfo_games_0_gameGold_0_goldDifference,props_pageProps_match_matchInfo_games_0_gameGold_0_team1Perid,props_pageProps_match_matchInfo_games_0_gameGold_0_team1TotalGold,props_pageProps_match_matchInfo_games_0_gameGold_0_team2Perid,props_pageProps_match_matchInfo_games_0_gameGold_0_team2TotalGold,props_pageProps_match_matchInfo_games_0_gameGold_1___typename,props_pageProps_match_matchInfo_games_0_gameGold_1_gameTime,props_pageProps_match_matchInfo_games_0_gameGold_1_goldDifference,props_pageProps_match_matchInfo_games_0_gameGold_1_team1Perid,props_pageProps_match_matchInfo_games_0_gameGold_1_team1TotalGold,props_pageProps_match_matchInfo_games_0_gameGold_1_team2Perid,props_pageProps_match_matchInfo_games_0_gameGold_1_team2TotalGold,props_pageProps_match_matchInfo_games_0_gameGold_2___typename,props_pageProps_match_matchInfo_games_0_gameGold_2_gameTime,props_pageProps_match_matchInfo_games_0_gameGold_2_goldDifference,props_pageProps_match_matchInfo_games_0_gameGold_2_team1Perid,props_pageProps_match_matchInfo_games_0_gameGold_2_team1TotalGold,props_pageProps_match_matchInfo_games_0_gameGold_2_team2Perid,props_pageProps_match_matchInfo_games_0_gameGold_2_team2TotalGold,props_pageProps_match_matchInfo_games_0_gameGold_3___typename,props_pageProps_match_matchInfo_games_0_gameGold_3_gameTime,props_pageProps_match_matchInfo_games_0_gameGold_3_goldDifference,props_pageProps_match_matchInfo_games_0_gameGold_3_team1Perid,props_pageProps_match_matchInfo_games_0_gameGold_3_team1TotalGold,props_pageProps_match_matchInfo_games_0_gameGold_3_team2Perid,props_pageProps_match_matchInfo_games_0_gameGold_3_team2TotalGold,props_pageProps_match_matchInfo_games_0_gameGold_4___typename,props_pageProps_match_matchInfo_games_0_gameGold_4_gameTime,props_pageProps_match_matchInfo_games_0_gameGold_4_goldDifference,props_pageProps_match_matchInfo_games_0_gameGold_4_team1Perid,props_pageProps_match_matchInfo_games_0_gameGold_4_team1TotalGold,props_pageProps_match_matchInfo_games_0_gameGold_4_team2Perid,props_pageProps_match_matchInfo_games_0_gameGold_4_team2TotalGold,props_pageProps_match_matchInfo_games_0_gameGold_5___typename,props_pageProps_match_matchInfo_games_0_gameGold_5_gameTime,props_pageProps_match_matchInfo_games_0_gameGold_5_goldDifference,props_pageProps_match_matchInfo_games_0_gameGold_5_team1Perid,props_pageProps_match_matchInfo_games_0_gameGold_5_team1TotalGold,props_pageProps_match_matchInfo_games_0_gameGold_5_team2Perid,props_pageProps_match_matchInfo_games_0_gameGold_5_team2TotalGold,props_pageProps_match_matchInfo_games_0_gameGold_6___typename,props_pageProps_match_matchInfo_games_0_gameGold_6_gameTime,props_pageProps_match_matchInfo_games_0_gameGold_6_goldDifference,props_pageProps_match_matchInfo_games_0_gameGold_6_team1Perid,props_pageProps_match_matchInfo_games_0_gameGold_6_team1TotalGold,props_pageProps_match_matchInfo_games_0_gameGold_6_team2Perid,props_pageProps_match_matchInfo_games_0_gameGold_6_team2TotalGold,props_pageProps_match_matchInfo_games_0_gameGold_7___typename,props_pageProps_match_matchInfo_games_0_gameGold_7_gameTime,props_pageProps_match_matchInfo_games_0_gameGold_7_goldDifference,props_pageProps_match_matchInfo_games_0_gameGold_7_team1Perid,props_pageProps_match_matchInfo_games_0_gameGold_7_team1TotalGold,props_pageProps_match_matchInfo_games_0_gameGold_7_team2Perid,props_pageProps_match_matchInfo_games_0_gameGold_7_team2TotalGold,props_pageProps_match_matchInfo_games_0_gameGold_8___typename,props_pageProps_match_matchInfo_games_0_gameGold_8_gameTime,props_pageProps_match_matchInfo_games_0_gameGold_8_goldDifference,props_pageProps_match_matchInfo_games_0_gameGold_8_team1Perid,props_pageProps_match_matchInfo_games_0_gameGold_8_team1TotalGold,props_pageProps_match_matchInfo_games_0_gameGold_8_team2Perid,props_pageProps_match_matchInfo_games_0_gameGold_8_team2TotalGold,props_pageProps_match_matchInfo_games_0_gameGold_9___typename,props_pageProps_match_matchInfo_games_0_gameGold_9_gameTime,props_pageProps_match_matchInfo_games_0_gameGold_9_goldDifference,props_pageProps_match_matchInfo_games_0_gameGold_9_team1Perid,props_pageProps_match_matchInfo_games_0_gameGold_9_team1TotalGold,props_pageProps_match_matchInfo_games_0_gameGold_9_team2Perid,props_pageProps_match_matchInfo_games_0_gameGold_9_team2TotalGold,props_pageProps_match_matchInfo_games_0_gameGold_10___typename,props_pageProps_match_matchInfo_games_0_gameGold_10_gameTime,props_pageProps_match_matchInfo_games_0_gameGold_10_goldDifference,props_pageProps_match_matchInfo_games_0_gameGold_10_team1Perid,props_pageProps_match_matchInfo_games_0_gameGold_10_team1TotalGold,props_pageProps_match_matchInfo_games_0_gameGold_10_team2Perid,props_pageProps_match_matchInfo_games_0_gameGold_10_team2TotalGold,props_pageProps_match_matchInfo_games_0_gameGold_11___typename,props_pageProps_match_matchInfo_games_0_gameGold_11_gameTime,props_pageProps_match_matchInfo_games_0_gameGold_11_goldDifference,props_pageProps_match_matchInfo_games_0_gameGold_11_team1Perid,props_pageProps_match_matchInfo_games_0_gameGold_11_team1TotalGold,props_pageProps_match_matchInfo_games_0_gameGold_11_team2Perid,props_pageProps_match_matchInfo_games_0_gameGold_11_team2TotalGold,props_pageProps_match_matchInfo_games_0_gameGold_12___typename,props_pageProps_match_matchInfo_games_0_gameGold_12_gameTime,props_pageProps_match_matchInfo_games_0_gameGold_12_goldDifference,props_pageProps_match_matchInfo_games_0_gameGold_12_team1Perid,props_pageProps_match_matchInfo_games_0_gameGold_12_team1TotalGold,props_pageProps_match_matchInfo_games_0_gameGold_12_team2Perid,props_pageProps_match_matchInfo_games_0_gameGold_12_team2TotalGold,props_pageProps_match_matchInfo_games_0_gameGold_13___typename,props_pageProps_match_matchInfo_games_0_gameGold_13_gameTime,props_pageProps_match_matchInfo_games_0_gameGold_13_goldDifference,props_pageProps_match_matchInfo_games_0_gameGold_13_team1Perid,props_pageProps_match_matchInfo_games_0_gameGold_13_team1TotalGold,props_pageProps_match_matchInfo_games_0_gameGold_13_team2Perid,props_pageProps_match_matchInfo_games_0_gameGold_13_team2TotalGold,props_pageProps_match_matchInfo_games_0_gameGold_14___typename,props_pageProps_match_matchInfo_games_0_gameGold_14_gameTime,props_pageProps_match_matchInfo_games_0_gameGold_14_goldDifference,props_pageProps_match_matchInfo_games_0_gameGold_14_team1Perid,props_pageProps_match_matchInfo_games_0_gameGold_14_team1TotalGold,props_pageProps_match_matchInfo_games_0_gameGold_14_team2Perid,props_pageProps_match_matchInfo_games_0_gameGold_14_team2TotalGold,props_pageProps_match_matchInfo_games_0_gameGold_15___typename,props_pageProps_match_matchInfo_games_0_gameGold_15_gameTime,props_pageProps_match_matchInfo_games_0_gameGold_15_goldDifference,props_pageProps_match_matchInfo_games_0_gameGold_15_team1Perid,props_pageProps_match_matchInfo_games_0_gameGold_15_team1TotalGold,props_pageProps_match_matchInfo_games_0_gameGold_15_team2Perid,props_pageProps_match_matchInfo_games_0_gameGold_15_team2TotalGold,props_pageProps_match_matchInfo_games_0_gameGold_16___typename,props_pageProps_match_matchInfo_games_0_gameGold_16_gameTime,props_pageProps_match_matchInfo_games_0_gameGold_16_goldDifference,props_pageProps_match_matchInfo_games_0_gameGold_16_team1Perid,props_pageProps_match_matchInfo_games_0_gameGold_16_team1TotalGold,props_pageProps_match_matchInfo_games_0_gameGold_16_team2Perid,props_pageProps_match_matchInfo_games_0_gameGold_16_team2TotalGold,props_pageProps_match_matchInfo_games_0_gameGold_17___typename,props_pageProps_match_matchInfo_games_0_gameGold_17_gameTime,props_pageProps_match_matchInfo_games_0_gameGold_17_goldDifference,props_pageProps_match_matchInfo_games_0_gameGold_17_team1Perid,props_pageProps_match_matchInfo_games_0_gameGold_17_team1TotalGold,props_pageProps_match_matchInfo_games_0_gameGold_17_team2Perid,props_pageProps_match_matchInfo_games_0_gameGold_17_team2TotalGold,props_pageProps_match_matchInfo_games_0_gameGold_18___typename,props_pageProps_match_matchInfo_games_0_gameGold_18_gameTime,props_pageProps_match_matchInfo_games_0_gameGold_18_goldDifference,props_pageProps_match_matchInfo_games_0_gameGold_18_team1Perid,props_pageProps_match_matchInfo_games_0_gameGold_18_team1TotalGold,props_pageProps_match_matchInfo_games_0_gameGold_18_team2Perid,props_pageProps_match_matchInfo_games_0_gameGold_18_team2TotalGold,props_pageProps_match_matchInfo_games_0_gameGold_19___typename,props_pageProps_match_matchInfo_games_0_gameGold_19_gameTime,props_pageProps_match_matchInfo_games_0_gameGold_19_goldDifference,props_pageProps_match_matchInfo_games_0_gameGold_19_team1Perid,props_pageProps_match_matchInfo_games_0_gameGold_19_team1TotalGold,props_pageProps_match_matchInfo_games_0_gameGold_19_team2Perid,props_pageProps_match_matchInfo_games_0_gameGold_19_team2TotalGold,props_pageProps_match_matchInfo_games_0_gameGold_20___typename,props_pageProps_match_matchInfo_games_0_gameGold_20_gameTime,props_pageProps_match_matchInfo_games_0_gameGold_20_goldDifference,props_pageProps_match_matchInfo_games_0_gameGold_20_team1Perid,props_pageProps_match_matchInfo_games_0_gameGold_20_team1TotalGold,props_pageProps_match_matchInfo_games_0_gameGold_20_team2Perid,props_pageProps_match_matchInfo_games_0_gameGold_20_team2TotalGold,props_pageProps_match_matchInfo_games_0_gameGold_21___typename,props_pageProps_match_matchInfo_games_0_gameGold_21_gameTime,props_pageProps_match_matchInfo_games_0_gameGold_21_goldDifference,props_pageProps_match_matchInfo_games_0_gameGold_21_team1Perid,props_pageProps_match_matchInfo_games_0_gameGold_21_team1TotalGold,props_pageProps_match_matchInfo_games_0_gameGold_21_team2Perid,props_pageProps_match_matchInfo_games_0_gameGold_21_team2TotalGold,props_pageProps_match_matchInfo_games_0_gameGold_22___typename,props_pageProps_match_matchInfo_games_0_gameGold_22_gameTime,props_pageProps_match_matchInfo_games_0_gameGold_22_goldDifference,props_pageProps_match_matchInfo_games_0_gameGold_22_team1Perid,props_pageProps_match_matchInfo_games_0_gameGold_22_team1TotalGold,props_pageProps_match_matchInfo_games_0_gameGold_22_team2Perid,props_pageProps_match_matchInfo_games_0_gameGold_22_team2TotalGold,props_pageProps_match_matchInfo_games_0_gameGold_23___typename,props_pageProps_match_matchInfo_games_0_gameGold_23_gameTime,props_pageProps_match_matchInfo_games_0_gameGold_23_goldDifference,props_pageProps_match_matchInfo_games_0_gameGold_23_team1Perid,props_pageProps_match_matchInfo_games_0_gameGold_23_team1TotalGold,props_pageProps_match_matchInfo_games_0_gameGold_23_team2Perid,props_pageProps_match_matchInfo_games_0_gameGold_23_team2TotalGold,props_pageProps_match_matchInfo_games_0_gameGold_24___typename,props_pageProps_match_matchInfo_games_0_gameGold_24_gameTime,props_pageProps_match_matchInfo_games_0_gameGold_24_goldDifference,props_pageProps_match_matchInfo_games_0_gameGold_24_team1Perid,props_pageProps_match_matchInfo_games_0_gameGold_24_team1TotalGold,props_pageProps_match_matchInfo_games_0_gameGold_24_team2Perid,props_pageProps_match_matchInfo_games_0_gameGold_24_team2TotalGold,props_pageProps_match_matchInfo_games_0_gameGold_25___typename,props_pageProps_match_matchInfo_games_0_gameGold_25_gameTime,props_pageProps_match_matchInfo_games_0_gameGold_25_goldDifference,props_pageProps_match_matchInfo_games_0_gameGold_25_team1Perid,props_pageProps_match_matchInfo_games_0_gameGold_25_team1TotalGold,props_pageProps_match_matchInfo_games_0_gameGold_25_team2Perid,props_pageProps_match_matchInfo_games_0_gameGold_25_team2TotalGold,props_pageProps_match_matchInfo_games_0_gameGold_26___typename,props_pageProps_match_matchInfo_games_0_gameGold_26_gameTime,props_pageProps_match_matchInfo_games_0_gameGold_26_goldDifference,props_pageProps_match_matchInfo_games_0_gameGold_26_team1Perid,props_pageProps_match_matchInfo_games_0_gameGold_26_team1TotalGold,props_pageProps_match_matchInfo_games_0_gameGold_26_team2Perid,props_pageProps_match_matchInfo_games_0_gameGold_26_team2TotalGold,props_pageProps_match_matchInfo_games_0_gameGold_27___typename,props_pageProps_match_matchInfo_games_0_gameGold_27_gameTime,props_pageProps_match_matchInfo_games_0_gameGold_27_goldDifference,props_pageProps_match_matchInfo_games_0_gameGold_27_team1Perid,props_pageProps_match_matchInfo_games_0_gameGold_27_team1TotalGold,props_pageProps_match_matchInfo_games_0_gameGold_27_team2Perid,props_pageProps_match_matchInfo_games_0_gameGold_27_team2TotalGold,props_pageProps_match_matchInfo_games_0_gameGold_28___typename,props_pageProps_match_matchInfo_games_0_gameGold_28_gameTime,props_pageProps_match_matchInfo_games_0_gameGold_28_goldDifference,props_pageProps_match_matchInfo_games_0_gameGold_28_team1Perid,props_pageProps_match_matchInfo_games_0_gameGold_28_team1TotalGold,props_pageProps_match_matchInfo_games_0_gameGold_28_team2Perid,props_pageProps_match_matchInfo_games_0_gameGold_28_team2TotalGold,props_pageProps_match_matchInfo_games_0_gameGold_29___typename,props_pageProps_match_matchInfo_games_0_gameGold_29_gameTime,props_pageProps_match_matchInfo_games_0_gameGold_29_goldDifference,props_pageProps_match_matchInfo_games_0_gameGold_29_team1Perid,props_pageProps_match_matchInfo_games_0_gameGold_29_team1TotalGold,props_pageProps_match_matchInfo_games_0_gameGold_29_team2Perid,props_pageProps_match_matchInfo_games_0_gameGold_29_team2TotalGold,props_pageProps_match_matchInfo_games_0_gameGold_30___typename,props_pageProps_match_matchInfo_games_0_gameGold_30_gameTime,props_pageProps_match_matchInfo_games_0_gameGold_30_goldDifference,props_pageProps_match_matchInfo_games_0_gameGold_30_team1Perid,props_pageProps_match_matchInfo_games_0_gameGold_30_team1TotalGold,props_pageProps_match_matchInfo_games_0_gameGold_30_team2Perid,props_pageProps_match_matchInfo_games_0_gameGold_30_team2TotalGold,props_pageProps_match_matchInfo_games_0_gameGold_31___typename,props_pageProps_match_matchInfo_games_0_gameGold_31_gameTime,props_pageProps_match_matchInfo_games_0_gameGold_31_goldDifference,props_pageProps_match_matchInfo_games_0_gameGold_31_team1Perid,props_pageProps_match_matchInfo_games_0_gameGold_31_team1TotalGold,props_pageProps_match_matchInfo_games_0_gameGold_31_team2Perid,props_pageProps_match_matchInfo_games_0_gameGold_31_team2TotalGold,props_pageProps_match_matchInfo_games_0_gameGold_32___typename,props_pageProps_match_matchInfo_games_0_gameGold_32_gameTime,props_pageProps_match_matchInfo_games_0_gameGold_32_goldDifference,props_pageProps_match_matchInfo_games_0_gameGold_32_team1Perid,props_pageProps_match_matchInfo_games_0_gameGold_32_team1TotalGold,props_pageProps_match_matchInfo_games_0_gameGold_32_team2Perid,props_pageProps_match_matchInfo_games_0_gameGold_32_team2TotalGold,props_pageProps_match_matchInfo_games_0_gameGold_33___typename,props_pageProps_match_matchInfo_games_0_gameGold_33_gameTime,props_pageProps_match_matchInfo_games_0_gameGold_33_goldDifference,props_pageProps_match_matchInfo_games_0_gameGold_33_team1Perid,props_pageProps_match_matchInfo_games_0_gameGold_33_team1TotalGold,props_pageProps_match_matchInfo_games_0_gameGold_33_team2Perid,props_pageProps_match_matchInfo_games_0_gameGold_33_team2TotalGold,props_pageProps_match_matchInfo_games_0_gameGold_34___typename,props_pageProps_match_matchInfo_games_0_gameGold_34_gameTime,props_pageProps_match_matchInfo_games_0_gameGold_34_goldDifference,props_pageProps_match_matchInfo_games_0_gameGold_34_team1Perid,props_pageProps_match_matchInfo_games_0_gameGold_34_team1TotalGold,props_pageProps_match_matchInfo_games_0_gameGold_34_team2Perid,props_pageProps_match_matchInfo_games_0_gameGold_34_team2TotalGold,props_pageProps_match_matchInfo_games_0_gameGold_35___typename,props_pageProps_match_matchInfo_games_0_gameGold_35_gameTime,props_pageProps_match_matchInfo_games_0_gameGold_35_goldDifference,props_pageProps_match_matchInfo_games_0_gameGold_35_team1Perid,props_pageProps_match_matchInfo_games_0_gameGold_35_team1TotalGold,props_pageProps_match_matchInfo_games_0_gameGold_35_team2Perid,props_pageProps_match_matchInfo_games_0_gameGold_35_team2TotalGold,props_pageProps_match_matchInfo_games_0_gameGold_36___typename,props_pageProps_match_matchInfo_games_0_gameGold_36_gameTime,props_pageProps_match_matchInfo_games_0_gameGold_36_goldDifference,props_pageProps_match_matchInfo_games_0_gameGold_36_team1Perid,props_pageProps_match_matchInfo_games_0_gameGold_36_team1TotalGold,props_pageProps_match_matchInfo_games_0_gameGold_36_team2Perid,props_pageProps_match_matchInfo_games_0_gameGold_36_team2TotalGold,props_pageProps_match_matchInfo_games_0_gameGold_37___typename,props_pageProps_match_matchInfo_games_0_gameGold_37_gameTime,props_pageProps_match_matchInfo_games_0_gameGold_37_goldDifference,props_pageProps_match_matchInfo_games_0_gameGold_37_team1Perid,props_pageProps_match_matchInfo_games_0_gameGold_37_team1TotalGold,props_pageProps_match_matchInfo_games_0_gameGold_37_team2Perid,props_pageProps_match_matchInfo_games_0_gameGold_37_team2TotalGold,props_pageProps_match_matchInfo_games_0_gameGold_38___typename,props_pageProps_match_matchInfo_games_0_gameGold_38_gameTime,props_pageProps_match_matchInfo_games_0_gameGold_38_goldDifference,props_pageProps_match_matchInfo_games_0_gameGold_38_team1Perid,props_pageProps_match_matchInfo_games_0_gameGold_38_team1TotalGold,props_pageProps_match_matchInfo_games_0_gameGold_38_team2Perid,props_pageProps_match_matchInfo_games_0_gameGold_38_team2TotalGold,props_pageProps_match_matchInfo_games_0_gameGold_39___typename,props_pageProps_match_matchInfo_games_0_gameGold_39_gameTime,props_pageProps_match_matchInfo_games_0_gameGold_39_goldDifference,props_pageProps_match_matchInfo_games_0_gameGold_39_team1Perid,props_pageProps_match_matchInfo_games_0_gameGold_39_team1TotalGold,props_pageProps_match_matchInfo_games_0_gameGold_39_team2Perid,props_pageProps_match_matchInfo_games_0_gameGold_39_team2TotalGold,props_pageProps_match_matchInfo_games_0_gameGold_40___typename,props_pageProps_match_matchInfo_games_0_gameGold_40_gameTime,props_pageProps_match_matchInfo_games_0_gameGold_40_goldDifference,props_pageProps_match_matchInfo_games_0_gameGold_40_team1Perid,props_pageProps_match_matchInfo_games_0_gameGold_40_team1TotalGold,props_pageProps_match_matchInfo_games_0_gameGold_40_team2Perid,props_pageProps_match_matchInfo_games_0_gameGold_40_team2TotalGold,props_pageProps_match_matchInfo_games_0_gameGold_41___typename,props_pageProps_match_matchInfo_games_0_gameGold_41_gameTime,props_pageProps_match_matchInfo_games_0_gameGold_41_goldDifference,props_pageProps_match_matchInfo_games_0_gameGold_41_team1Perid,props_pageProps_match_matchInfo_games_0_gameGold_41_team1TotalGold,props_pageProps_match_matchInfo_games_0_gameGold_41_team2Perid,props_pageProps_match_matchInfo_games_0_gameGold_41_team2TotalGold,props_pageProps_match_matchInfo_games_0_gameGold_42___typename,props_pageProps_match_matchInfo_games_0_gameGold_42_gameTime,props_pageProps_match_matchInfo_games_0_gameGold_42_goldDifference,props_pageProps_match_matchInfo_games_0_gameGold_42_team1Perid,props_pageProps_match_matchInfo_games_0_gameGold_42_team1TotalGold,props_pageProps_match_matchInfo_games_0_gameGold_42_team2Perid,props_pageProps_match_matchInfo_games_0_gameGold_42_team2TotalGold,props_pageProps_match_matchInfo_games_0_gameGold_43___typename,props_pageProps_match_matchInfo_games_0_gameGold_43_gameTime,props_pageProps_match_matchInfo_games_0_gameGold_43_goldDifference,props_pageProps_match_matchInfo_games_0_gameGold_43_team1Perid,props_pageProps_match_matchInfo_games_0_gameGold_43_team1TotalGold,props_pageProps_match_matchInfo_games_0_gameGold_43_team2Perid,props_pageProps_match_matchInfo_games_0_gameGold_43_team2TotalGold,props_pageProps_match_matchInfo_games_0_gameGold_44___typename,props_pageProps_match_matchInfo_games_0_gameGold_44_gameTime,props_pageProps_match_matchInfo_games_0_gameGold_44_goldDifference,props_pageProps_match_matchInfo_games_0_gameGold_44_team1Perid,props_pageProps_match_matchInfo_games_0_gameGold_44_team1TotalGold,props_pageProps_match_matchInfo_games_0_gameGold_44_team2Perid,props_pageProps_match_matchInfo_games_0_gameGold_44_team2TotalGold,props_pageProps_match_matchInfo_games_0_gameGold_45___typename,props_pageProps_match_matchInfo_games_0_gameGold_45_gameTime,props_pageProps_match_matchInfo_games_0_gameGold_45_goldDifference,props_pageProps_match_matchInfo_games_0_gameGold_45_team1Perid,props_pageProps_match_matchInfo_games_0_gameGold_45_team1TotalGold,props_pageProps_match_matchInfo_games_0_gameGold_45_team2Perid,props_pageProps_match_matchInfo_games_0_gameGold_45_team2TotalGold,props_pageProps_match_matchInfo_games_0_gameGold_46___typename,props_pageProps_match_matchInfo_games_0_gameGold_46_gameTime,props_pageProps_match_matchInfo_games_0_gameGold_46_goldDifference,props_pageProps_match_matchInfo_games_0_gameGold_46_team1Perid,props_pageProps_match_matchInfo_games_0_gameGold_46_team1TotalGold,props_pageProps_match_matchInfo_games_0_gameGold_46_team2Perid,props_pageProps_match_matchInfo_games_0_gameGold_46_team2TotalGold,props_pageProps_match_matchInfo_games_0_gameGold_47___typename,props_pageProps_match_matchInfo_games_0_gameGold_47_gameTime,props_pageProps_match_matchInfo_games_0_gameGold_47_goldDifference,props_pageProps_match_matchInfo_games_0_gameGold_47_team1Perid,props_pageProps_match_matchInfo_games_0_gameGold_47_team1TotalGold,props_pageProps_match_matchInfo_games_0_gameGold_47_team2Perid,props_pageProps_match_matchInfo_games_0_gameGold_47_team2TotalGold,props_pageProps_match_matchInfo_games_0_gameGold_48___typename,props_pageProps_match_matchInfo_games_0_gameGold_48_gameTime,props_pageProps_match_matchInfo_games_0_gameGold_48_goldDifference,props_pageProps_match_matchInfo_games_0_gameGold_48_team1Perid,props_pageProps_match_matchInfo_games_0_gameGold_48_team1TotalGold,props_pageProps_match_matchInfo_games_0_gameGold_48_team2Perid,props_pageProps_match_matchInfo_games_0_gameGold_48_team2TotalGold,props_pageProps_match_matchInfo_games_0_gameGold_49___typename,props_pageProps_match_matchInfo_games_0_gameGold_49_gameTime,props_pageProps_match_matchInfo_games_0_gameGold_49_goldDifference,props_pageProps_match_matchInfo_games_0_gameGold_49_team1Perid,props_pageProps_match_matchInfo_games_0_gameGold_49_team1TotalGold,props_pageProps_match_matchInfo_games_0_gameGold_49_team2Perid,props_pageProps_match_matchInfo_games_0_gameGold_49_team2TotalGold,props_pageProps_match_matchInfo_games_0_gameGold_50___typename,props_pageProps_match_matchInfo_games_0_gameGold_50_gameTime,props_pageProps_match_matchInfo_games_0_gameGold_50_goldDifference,props_pageProps_match_matchInfo_games_0_gameGold_50_team1Perid,props_pageProps_match_matchInfo_games_0_gameGold_50_team1TotalGold,props_pageProps_match_matchInfo_games_0_gameGold_50_team2Perid,props_pageProps_match_matchInfo_games_0_gameGold_50_team2TotalGold,props_pageProps_match_matchInfo_games_0_gameGold_51___typename,props_pageProps_match_matchInfo_games_0_gameGold_51_gameTime,props_pageProps_match_matchInfo_games_0_gameGold_51_goldDifference,props_pageProps_match_matchInfo_games_0_gameGold_51_team1Perid,props_pageProps_match_matchInfo_games_0_gameGold_51_team1TotalGold,props_pageProps_match_matchInfo_games_0_gameGold_51_team2Perid,props_pageProps_match_matchInfo_games_0_gameGold_51_team2TotalGold,props_pageProps_match_matchInfo_games_0_gameGold_52___typename,props_pageProps_match_matchInfo_games_0_gameGold_52_gameTime,props_pageProps_match_matchInfo_games_0_gameGold_52_goldDifference,props_pageProps_match_matchInfo_games_0_gameGold_52_team1Perid,props_pageProps_match_matchInfo_games_0_gameGold_52_team1TotalGold,props_pageProps_match_matchInfo_games_0_gameGold_52_team2Perid,props_pageProps_match_matchInfo_games_0_gameGold_52_team2TotalGold,props_pageProps_match_matchInfo_games_0_gameGold_53___typename,props_pageProps_match_matchInfo_games_0_gameGold_53_gameTime,props_pageProps_match_matchInfo_games_0_gameGold_53_goldDifference,props_pageProps_match_matchInfo_games_0_gameGold_53_team1Perid,props_pageProps_match_matchInfo_games_0_gameGold_53_team1TotalGold,props_pageProps_match_matchInfo_games_0_gameGold_53_team2Perid,props_pageProps_match_matchInfo_games_0_gameGold_53_team2TotalGold,props_pageProps_match_matchInfo_games_0_gameGold_54___typename,props_pageProps_match_matchInfo_games_0_gameGold_54_gameTime,props_pageProps_match_matchInfo_games_0_gameGold_54_goldDifference,props_pageProps_match_matchInfo_games_0_gameGold_54_team1Perid,props_pageProps_match_matchInfo_games_0_gameGold_54_team1TotalGold,props_pageProps_match_matchInfo_games_0_gameGold_54_team2Perid,props_pageProps_match_matchInfo_games_0_gameGold_54_team2TotalGold,props_pageProps_match_matchInfo_games_0_gameGold_55___typename,props_pageProps_match_matchInfo_games_0_gameGold_55_gameTime,props_pageProps_match_matchInfo_games_0_gameGold_55_goldDifference,props_pageProps_match_matchInfo_games_0_gameGold_55_team1Perid,props_pageProps_match_matchInfo_games_0_gameGold_55_team1TotalGold,props_pageProps_match_matchInfo_games_0_gameGold_55_team2Perid,props_pageProps_match_matchInfo_games_0_gameGold_55_team2TotalGold,props_pageProps_match_matchInfo_games_0_gameGold_56___typename,props_pageProps_match_matchInfo_games_0_gameGold_56_gameTime,props_pageProps_match_matchInfo_games_0_gameGold_56_goldDifference,props_pageProps_match_matchInfo_games_0_gameGold_56_team1Perid,props_pageProps_match_matchInfo_games_0_gameGold_56_team1TotalGold,props_pageProps_match_matchInfo_games_0_gameGold_56_team2Perid,props_pageProps_match_matchInfo_games_0_gameGold_56_team2TotalGold,props_pageProps_match_matchInfo_games_0_gameGold_57___typename,props_pageProps_match_matchInfo_games_0_gameGold_57_gameTime,props_pageProps_match_matchInfo_games_0_gameGold_57_goldDifference,props_pageProps_match_matchInfo_games_0_gameGold_57_team1Perid,props_pageProps_match_matchInfo_games_0_gameGold_57_team1TotalGold,props_pageProps_match_matchInfo_games_0_gameGold_57_team2Perid,props_pageProps_match_matchInfo_games_0_gameGold_57_team2TotalGold,props_pageProps_match_matchInfo_games_0_gameGold_58___typename,props_pageProps_match_matchInfo_games_0_gameGold_58_gameTime,props_pageProps_match_matchInfo_games_0_gameGold_58_goldDifference,props_pageProps_match_matchInfo_games_0_gameGold_58_team1Perid,props_pageProps_match_matchInfo_games_0_gameGold_58_team1TotalGold,props_pageProps_match_matchInfo_games_0_gameGold_58_team2Perid,props_pageProps_match_matchInfo_games_0_gameGold_58_team2TotalGold,props_pageProps_match_matchInfo_games_0_gameGold_59___typename,props_pageProps_match_matchInfo_games_0_gameGold_59_gameTime,props_pageProps_match_matchInfo_games_0_gameGold_59_goldDifference,props_pageProps_match_matchInfo_games_0_gameGold_59_team1Perid,props_pageProps_match_matchInfo_games_0_gameGold_59_team1TotalGold,props_pageProps_match_matchInfo_games_0_gameGold_59_team2Perid,props_pageProps_match_matchInfo_games_0_gameGold_59_team2TotalGold,props_pageProps_match_matchInfo_games_0_gameGold_60___typename,props_pageProps_match_matchInfo_games_0_gameGold_60_gameTime,props_pageProps_match_matchInfo_games_0_gameGold_60_goldDifference,props_pageProps_match_matchInfo_games_0_gameGold_60_team1Perid,props_pageProps_match_matchInfo_games_0_gameGold_60_team1TotalGold,props_pageProps_match_matchInfo_games_0_gameGold_60_team2Perid,props_pageProps_match_matchInfo_games_0_gameGold_60_team2TotalGold,props_pageProps_match_matchInfo_games_0_gameGold_61___typename,props_pageProps_match_matchInfo_games_0_gameGold_61_gameTime,props_pageProps_match_matchInfo_games_0_gameGold_61_goldDifference,props_pageProps_match_matchInfo_games_0_gameGold_61_team1Perid,props_pageProps_match_matchInfo_games_0_gameGold_61_team1TotalGold,props_pageProps_match_matchInfo_games_0_gameGold_61_team2Perid,props_pageProps_match_matchInfo_games_0_gameGold_61_team2TotalGold,props_pageProps_match_matchInfo_games_0_gameGold_62___typename,props_pageProps_match_matchInfo_games_0_gameGold_62_gameTime,props_pageProps_match_matchInfo_games_0_gameGold_62_goldDifference,props_pageProps_match_matchInfo_games_0_gameGold_62_team1Perid,props_pageProps_match_matchInfo_games_0_gameGold_62_team1TotalGold,props_pageProps_match_matchInfo_games_0_gameGold_62_team2Perid,props_pageProps_match_matchInfo_games_0_gameGold_62_team2TotalGold,props_pageProps_match_matchInfo_games_0_gameGold_63___typename,props_pageProps_match_matchInfo_games_0_gameGold_63_gameTime,props_pageProps_match_matchInfo_games_0_gameGold_63_goldDifference,props_pageProps_match_matchInfo_games_0_gameGold_63_team1Perid,props_pageProps_match_matchInfo_games_0_gameGold_63_team1TotalGold,props_pageProps_match_matchInfo_games_0_gameGold_63_team2Perid,props_pageProps_match_matchInfo_games_0_gameGold_63_team2TotalGold,props_pageProps_match_matchInfo_games_0_gameGold_64___typename,props_pageProps_match_matchInfo_games_0_gameGold_64_gameTime,props_pageProps_match_matchInfo_games_0_gameGold_64_goldDifference,props_pageProps_match_matchInfo_games_0_gameGold_64_team1Perid,props_pageProps_match_matchInfo_games_0_gameGold_64_team1TotalGold,props_pageProps_match_matchInfo_games_0_gameGold_64_team2Perid,props_pageProps_match_matchInfo_games_0_gameGold_64_team2TotalGold,props_pageProps_match_matchInfo_games_0_gameGold_65___typename,props_pageProps_match_matchInfo_games_0_gameGold_65_gameTime,props_pageProps_match_matchInfo_games_0_gameGold_65_goldDifference,props_pageProps_match_matchInfo_games_0_gameGold_65_team1Perid,props_pageProps_match_matchInfo_games_0_gameGold_65_team1TotalGold,props_pageProps_match_matchInfo_games_0_gameGold_65_team2Perid,props_pageProps_match_matchInfo_games_0_gameGold_65_team2TotalGold,props_pageProps_match_matchInfo_games_0_gameGold_66___typename,props_pageProps_match_matchInfo_games_0_gameGold_66_gameTime,props_pageProps_match_matchInfo_games_0_gameGold_66_goldDifference,props_pageProps_match_matchInfo_games_0_gameGold_66_team1Perid,props_pageProps_match_matchInfo_games_0_gameGold_66_team1TotalGold,props_pageProps_match_matchInfo_games_0_gameGold_66_team2Perid,props_pageProps_match_matchInfo_games_0_gameGold_66_team2TotalGold,props_pageProps_match_matchInfo_games_0_gameGold_67___typename,props_pageProps_match_matchInfo_games_0_gameGold_67_gameTime,props_pageProps_match_matchInfo_games_0_gameGold_67_goldDifference,props_pageProps_match_matchInfo_games_0_gameGold_67_team1Perid,props_pageProps_match_matchInfo_games_0_gameGold_67_team1TotalGold,props_pageProps_match_matchInfo_games_0_gameGold_67_team2Perid,props_pageProps_match_matchInfo_games_0_gameGold_67_team2TotalGold,props_pageProps_match_matchInfo_games_0_gameGold_68___typename,props_pageProps_match_matchInfo_games_0_gameGold_68_gameTime,props_pageProps_match_matchInfo_games_0_gameGold_68_goldDifference,props_pageProps_match_matchInfo_games_0_gameGold_68_team1Perid,props_pageProps_match_matchInfo_games_0_gameGold_68_team1TotalGold,props_pageProps_match_matchInfo_games_0_gameGold_68_team2Perid,props_pageProps_match_matchInfo_games_0_gameGold_68_team2TotalGold,props_pageProps_match_matchInfo_games_0_gameGold_69___typename,props_pageProps_match_matchInfo_games_0_gameGold_69_gameTime,props_pageProps_match_matchInfo_games_0_gameGold_69_goldDifference,props_pageProps_match_matchInfo_games_0_gameGold_69_team1Perid,props_pageProps_match_matchInfo_games_0_gameGold_69_team1TotalGold,props_pageProps_match_matchInfo_games_0_gameGold_69_team2Perid,props_pageProps_match_matchInfo_games_0_gameGold_69_team2TotalGold,props_pageProps_match_matchInfo_games_0_gameGold_70___typename,props_pageProps_match_matchInfo_games_0_gameGold_70_gameTime,props_pageProps_match_matchInfo_games_0_gameGold_70_goldDifference,props_pageProps_match_matchInfo_games_0_gameGold_70_team1Perid,props_pageProps_match_matchInfo_games_0_gameGold_70_team1TotalGold,props_pageProps_match_matchInfo_games_0_gameGold_70_team2Perid,props_pageProps_match_matchInfo_games_0_gameGold_70_team2TotalGold,props_pageProps_match_matchInfo_games_0_gameGold_71___typename,props_pageProps_match_matchInfo_games_0_gameGold_71_gameTime,props_pageProps_match_matchInfo_games_0_gameGold_71_goldDifference,props_pageProps_match_matchInfo_games_0_gameGold_71_team1Perid,props_pageProps_match_matchInfo_games_0_gameGold_71_team1TotalGold,props_pageProps_match_matchInfo_games_0_gameGold_71_team2Perid,props_pageProps_match_matchInfo_games_0_gameGold_71_team2TotalGold,props_pageProps_match_matchInfo_games_0_gameGold_72___typename,props_pageProps_match_matchInfo_games_0_gameGold_72_gameTime,props_pageProps_match_matchInfo_games_0_gameGold_72_goldDifference,props_pageProps_match_matchInfo_games_0_gameGold_72_team1Perid,props_pageProps_match_matchInfo_games_0_gameGold_72_team1TotalGold,props_pageProps_match_matchInfo_games_0_gameGold_72_team2Perid,props_pageProps_match_matchInfo_games_0_gameGold_72_team2TotalGold,props_pageProps_match_matchInfo_games_0_gameGold_73___typename,props_pageProps_match_matchInfo_games_0_gameGold_73_gameTime,props_pageProps_match_matchInfo_games_0_gameGold_73_goldDifference,props_pageProps_match_matchInfo_games_0_gameGold_73_team1Perid,props_pageProps_match_matchInfo_games_0_gameGold_73_team1TotalGold,props_pageProps_match_matchInfo_games_0_gameGold_73_team2Perid,props_pageProps_match_matchInfo_games_0_gameGold_73_team2TotalGold,props_pageProps_match_matchInfo_games_0_gameGold_74___typename,props_pageProps_match_matchInfo_games_0_gameGold_74_gameTime,props_pageProps_match_matchInfo_games_0_gameGold_74_goldDifference,props_pageProps_match_matchInfo_games_0_gameGold_74_team1Perid,props_pageProps_match_matchInfo_games_0_gameGold_74_team1TotalGold,props_pageProps_match_matchInfo_games_0_gameGold_74_team2Perid,props_pageProps_match_matchInfo_games_0_gameGold_74_team2TotalGold,props_pageProps_match_matchInfo_games_0_gameGold_75___typename,props_pageProps_match_matchInfo_games_0_gameGold_75_gameTime,props_pageProps_match_matchInfo_games_0_gameGold_75_goldDifference,props_pageProps_match_matchInfo_games_0_gameGold_75_team1Perid,props_pageProps_match_matchInfo_games_0_gameGold_75_team1TotalGold,props_pageProps_match_matchInfo_games_0_gameGold_75_team2Perid,props_pageProps_match_matchInfo_games_0_gameGold_75_team2TotalGold,props_pageProps_match_matchInfo_games_0_gameGold_76___typename,props_pageProps_match_matchInfo_games_0_gameGold_76_gameTime,props_pageProps_match_matchInfo_games_0_gameGold_76_goldDifference,props_pageProps_match_matchInfo_games_0_gameGold_76_team1Perid,props_pageProps_match_matchInfo_games_0_gameGold_76_team1TotalGold,props_pageProps_match_matchInfo_games_0_gameGold_76_team2Perid,props_pageProps_match_matchInfo_games_0_gameGold_76_team2TotalGold,props_pageProps_match_matchInfo_games_0_gameGold_77___typename,props_pageProps_match_matchInfo_games_0_gameGold_77_gameTime,props_pageProps_match_matchInfo_games_0_gameGold_77_goldDifference,props_pageProps_match_matchInfo_games_0_gameGold_77_team1Perid,props_pageProps_match_matchInfo_games_0_gameGold_77_team1TotalGold,props_pageProps_match_matchInfo_games_0_gameGold_77_team2Perid,props_pageProps_match_matchInfo_games_0_gameGold_77_team2TotalGold,props_pageProps_match_matchInfo_games_0_gameGold_78___typename,props_pageProps_match_matchInfo_games_0_gameGold_78_gameTime,props_pageProps_match_matchInfo_games_0_gameGold_78_goldDifference,props_pageProps_match_matchInfo_games_0_gameGold_78_team1Perid,props_pageProps_match_matchInfo_games_0_gameGold_78_team1TotalGold,props_pageProps_match_matchInfo_games_0_gameGold_78_team2Perid,props_pageProps_match_matchInfo_games_0_gameGold_78_team2TotalGold,props_pageProps_match_matchInfo_games_0_gameGold_79___typename,props_pageProps_match_matchInfo_games_0_gameGold_79_gameTime,props_pageProps_match_matchInfo_games_0_gameGold_79_goldDifference,props_pageProps_match_matchInfo_games_0_gameGold_79_team1Perid,props_pageProps_match_matchInfo_games_0_gameGold_79_team1TotalGold,props_pageProps_match_matchInfo_games_0_gameGold_79_team2Perid,props_pageProps_match_matchInfo_games_0_gameGold_79_team2TotalGold,props_pageProps_match_matchInfo_games_0_gameGold_80___typename,props_pageProps_match_matchInfo_games_0_gameGold_80_gameTime,props_pageProps_match_matchInfo_games_0_gameGold_80_goldDifference,props_pageProps_match_matchInfo_games_0_gameGold_80_team1Perid,props_pageProps_match_matchInfo_games_0_gameGold_80_team1TotalGold,props_pageProps_match_matchInfo_games_0_gameGold_80_team2Perid,props_pageProps_match_matchInfo_games_0_gameGold_80_team2TotalGold,props_pageProps_match_matchInfo_games_0_gameGold_81___typename,props_pageProps_match_matchInfo_games_0_gameGold_81_gameTime,props_pageProps_match_matchInfo_games_0_gameGold_81_goldDifference,props_pageProps_match_matchInfo_games_0_gameGold_81_team1Perid,props_pageProps_match_matchInfo_games_0_gameGold_81_team1TotalGold,props_pageProps_match_matchInfo_games_0_gameGold_81_team2Perid,props_pageProps_match_matchInfo_games_0_gameGold_81_team2TotalGold,props_pageProps_match_matchInfo_games_0_gameGold_82___typename,props_pageProps_match_matchInfo_games_0_gameGold_82_gameTime,props_pageProps_match_matchInfo_games_0_gameGold_82_goldDifference,props_pageProps_match_matchInfo_games_0_gameGold_82_team1Perid,props_pageProps_match_matchInfo_games_0_gameGold_82_team1TotalGold,props_pageProps_match_matchInfo_games_0_gameGold_82_team2Perid,props_pageProps_match_matchInfo_games_0_gameGold_82_team2TotalGold,props_pageProps_match_matchInfo_games_0_gameGold_83___typename,props_pageProps_match_matchInfo_games_0_gameGold_83_gameTime,props_pageProps_match_matchInfo_games_0_gameGold_83_goldDifference,props_pageProps_match_matchInfo_games_0_gameGold_83_team1Perid,props_pageProps_match_matchInfo_games_0_gameGold_83_team1TotalGold,props_pageProps_match_matchInfo_games_0_gameGold_83_team2Perid,props_pageProps_match_matchInfo_games_0_gameGold_83_team2TotalGold,props_pageProps_match_matchInfo_games_0_gameGold_84___typename,props_pageProps_match_matchInfo_games_0_gameGold_84_gameTime,props_pageProps_match_matchInfo_games_0_gameGold_84_goldDifference,props_pageProps_match_matchInfo_games_0_gameGold_84_team1Perid,props_pageProps_match_matchInfo_games_0_gameGold_84_team1TotalGold,props_pageProps_match_matchInfo_games_0_gameGold_84_team2Perid,props_pageProps_match_matchInfo_games_0_gameGold_84_team2TotalGold,props_pageProps_match_matchInfo_games_0_gameGold_85___typename,props_pageProps_match_matchInfo_games_0_gameGold_85_gameTime,props_pageProps_match_matchInfo_games_0_gameGold_85_goldDifference,props_pageProps_match_matchInfo_games_0_gameGold_85_team1Perid,props_pageProps_match_matchInfo_games_0_gameGold_85_team1TotalGold,props_pageProps_match_matchInfo_games_0_gameGold_85_team2Perid,props_pageProps_match_matchInfo_games_0_gameGold_85_team2TotalGold,props_pageProps_match_matchInfo_games_0_gameGold_86___typename,props_pageProps_match_matchInfo_games_0_gameGold_86_gameTime,props_pageProps_match_matchInfo_games_0_gameGold_86_goldDifference,props_pageProps_match_matchInfo_games_0_gameGold_86_team1Perid,props_pageProps_match_matchInfo_games_0_gameGold_86_team1TotalGold,props_pageProps_match_matchInfo_games_0_gameGold_86_team2Perid,props_pageProps_match_matchInfo_games_0_gameGold_86_team2TotalGold,props_pageProps_match_matchInfo_games_0_gameGold_87___typename,props_pageProps_match_matchInfo_games_0_gameGold_87_gameTime,props_pageProps_match_matchInfo_games_0_gameGold_87_goldDifference,props_pageProps_match_matchInfo_games_0_gameGold_87_team1Perid,props_pageProps_match_matchInfo_games_0_gameGold_87_team1TotalGold,props_pageProps_match_matchInfo_games_0_gameGold_87_team2Perid,props_pageProps_match_matchInfo_games_0_gameGold_87_team2TotalGold,props_pageProps_match_matchInfo_games_0_gameGold_88___typename,props_pageProps_match_matchInfo_games_0_gameGold_88_gameTime,props_pageProps_match_matchInfo_games_0_gameGold_88_goldDifference,props_pageProps_match_matchInfo_games_0_gameGold_88_team1Perid,props_pageProps_match_matchInfo_games_0_gameGold_88_team1TotalGold,props_pageProps_match_matchInfo_games_0_gameGold_88_team2Perid,props_pageProps_match_matchInfo_games_0_gameGold_88_team2TotalGold,props_pageProps_match_matchInfo_games_0_gameGold_89___typename,props_pageProps_match_matchInfo_games_0_gameGold_89_gameTime,props_pageProps_match_matchInfo_games_0_gameGold_89_goldDifference,props_pageProps_match_matchInfo_games_0_gameGold_89_team1Perid,props_pageProps_match_matchInfo_games_0_gameGold_89_team1TotalGold,props_pageProps_match_matchInfo_games_0_gameGold_89_team2Perid,props_pageProps_match_matchInfo_games_0_gameGold_89_team2TotalGold,props_pageProps_match_matchInfo_games_0_gameGold_90___typename,props_pageProps_match_matchInfo_games_0_gameGold_90_gameTime,props_pageProps_match_matchInfo_games_0_gameGold_90_goldDifference,props_pageProps_match_matchInfo_games_0_gameGold_90_team1Perid,props_pageProps_match_matchInfo_games_0_gameGold_90_team1TotalGold,props_pageProps_match_matchInfo_games_0_gameGold_90_team2Perid,props_pageProps_match_matchInfo_games_0_gameGold_90_team2TotalGold,props_pageProps_match_matchInfo_games_0_gameGold_91___typename,props_pageProps_match_matchInfo_games_0_gameGold_91_gameTime,props_pageProps_match_matchInfo_games_0_gameGold_91_goldDifference,props_pageProps_match_matchInfo_games_0_gameGold_91_team1Perid,props_pageProps_match_matchInfo_games_0_gameGold_91_team1TotalGold,props_pageProps_match_matchInfo_games_0_gameGold_91_team2Perid,props_pageProps_match_matchInfo_games_0_gameGold_91_team2TotalGold,props_pageProps_match_matchInfo_games_0_gameGold_92___typename,props_pageProps_match_matchInfo_games_0_gameGold_92_gameTime,props_pageProps_match_matchInfo_games_0_gameGold_92_goldDifference,props_pageProps_match_matchInfo_games_0_gameGold_92_team1Perid,props_pageProps_match_matchInfo_games_0_gameGold_92_team1TotalGold,props_pageProps_match_matchInfo_games_0_gameGold_92_team2Perid,props_pageProps_match_matchInfo_games_0_gameGold_92_team2TotalGold,props_pageProps_match_matchInfo_games_0_gameGold_93___typename,props_pageProps_match_matchInfo_games_0_gameGold_93_gameTime,props_pageProps_match_matchInfo_games_0_gameGold_93_goldDifference,props_pageProps_match_matchInfo_games_0_gameGold_93_team1Perid,props_pageProps_match_matchInfo_games_0_gameGold_93_team1TotalGold,props_pageProps_match_matchInfo_games_0_gameGold_93_team2Perid,props_pageProps_match_matchInfo_games_0_gameGold_93_team2TotalGold,props_pageProps_match_matchInfo_games_0_gameGold_94___typename,props_pageProps_match_matchInfo_games_0_gameGold_94_gameTime,props_pageProps_match_matchInfo_games_0_gameGold_94_goldDifference,props_pageProps_match_matchInfo_games_0_gameGold_94_team1Perid,props_pageProps_match_matchInfo_games_0_gameGold_94_team1TotalGold,props_pageProps_match_matchInfo_games_0_gameGold_94_team2Perid,props_pageProps_match_matchInfo_games_0_gameGold_94_team2TotalGold,props_pageProps_match_matchInfo_games_0_gameGold_95___typename,props_pageProps_match_matchInfo_games_0_gameGold_95_gameTime,props_pageProps_match_matchInfo_games_0_gameGold_95_goldDifference,props_pageProps_match_matchInfo_games_0_gameGold_95_team1Perid,props_pageProps_match_matchInfo_games_0_gameGold_95_team1TotalGold,props_pageProps_match_matchInfo_games_0_gameGold_95_team2Perid,props_pageProps_match_matchInfo_games_0_gameGold_95_team2TotalGold,props_pageProps_match_matchInfo_games_0_gameGold_96___typename,props_pageProps_match_matchInfo_games_0_gameGold_96_gameTime,props_pageProps_match_matchInfo_games_0_gameGold_96_goldDifference,props_pageProps_match_matchInfo_games_0_gameGold_96_team1Perid,props_pageProps_match_matchInfo_games_0_gameGold_96_team1TotalGold,props_pageProps_match_matchInfo_games_0_gameGold_96_team2Perid,props_pageProps_match_matchInfo_games_0_gameGold_96_team2TotalGold,props_pageProps_match_matchInfo_games_0_gameGold_97___typename,props_pageProps_match_matchInfo_games_0_gameGold_97_gameTime,props_pageProps_match_matchInfo_games_0_gameGold_97_goldDifference,props_pageProps_match_matchInfo_games_0_gameGold_97_team1Perid,props_pageProps_match_matchInfo_games_0_gameGold_97_team1TotalGold,props_pageProps_match_matchInfo_games_0_gameGold_97_team2Perid,props_pageProps_match_matchInfo_games_0_gameGold_97_team2TotalGold,props_pageProps_match_matchInfo_games_0_gameGold_98___typename,props_pageProps_match_matchInfo_games_0_gameGold_98_gameTime,props_pageProps_match_matchInfo_games_0_gameGold_98_goldDifference,props_pageProps_match_matchInfo_games_0_gameGold_98_team1Perid,props_pageProps_match_matchInfo_games_0_gameGold_98_team1TotalGold,props_pageProps_match_matchInfo_games_0_gameGold_98_team2Perid,props_pageProps_match_matchInfo_games_0_gameGold_98_team2TotalGold,props_pageProps_match_matchInfo_games_0_gameGold_99___typename,props_pageProps_match_matchInfo_games_0_gameGold_99_gameTime,props_pageProps_match_matchInfo_games_0_gameGold_99_goldDifference,props_pageProps_match_matchInfo_games_0_gameGold_99_team1Perid,props_pageProps_match_matchInfo_games_0_gameGold_99_team1TotalGold,props_pageProps_match_matchInfo_games_0_gameGold_99_team2Perid,props_pageProps_match_matchInfo_games_0_gameGold_99_team2TotalGold,props_pageProps_match_matchInfo_games_0_gameGold_100___typename,props_pageProps_match_matchInfo_games_0_gameGold_100_gameTime,props_pageProps_match_matchInfo_games_0_gameGold_100_goldDifference,props_pageProps_match_matchInfo_games_0_gameGold_100_team1Perid,props_pageProps_match_matchInfo_games_0_gameGold_100_team1TotalGold,props_pageProps_match_matchInfo_games_0_gameGold_100_team2Perid,props_pageProps_match_matchInfo_games_0_gameGold_100_team2TotalGold,props_pageProps_match_matchInfo_games_0_gameGold_101___typename,props_pageProps_match_matchInfo_games_0_gameGold_101_gameTime,props_pageProps_match_matchInfo_games_0_gameGold_101_goldDifference,props_pageProps_match_matchInfo_games_0_gameGold_101_team1Perid,props_pageProps_match_matchInfo_games_0_gameGold_101_team1TotalGold,props_pageProps_match_matchInfo_games_0_gameGold_101_team2Perid,props_pageProps_match_matchInfo_games_0_gameGold_101_team2TotalGold,props_pageProps_match_matchInfo_games_0_gameGold_102___typename,props_pageProps_match_matchInfo_games_0_gameGold_102_gameTime,props_pageProps_match_matchInfo_games_0_gameGold_102_goldDifference,props_pageProps_match_matchInfo_games_0_gameGold_102_team1Perid,props_pageProps_match_matchInfo_games_0_gameGold_102_team1TotalGold,props_pageProps_match_matchInfo_games_0_gameGold_102_team2Perid,props_pageProps_match_matchInfo_games_0_gameGold_102_team2TotalGold,props_pageProps_match_matchInfo_games_0_gameGold_103___typename,props_pageProps_match_matchInfo_games_0_gameGold_103_gameTime,props_pageProps_match_matchInfo_games_0_gameGold_103_goldDifference,props_pageProps_match_matchInfo_games_0_gameGold_103_team1Perid,props_pageProps_match_matchInfo_games_0_gameGold_103_team1TotalGold,props_pageProps_match_matchInfo_games_0_gameGold_103_team2Perid,props_pageProps_match_matchInfo_games_0_gameGold_103_team2TotalGold,props_pageProps_match_matchInfo_games_0_gameGold_104___typename,props_pageProps_match_matchInfo_games_0_gameGold_104_gameTime,props_pageProps_match_matchInfo_games_0_gameGold_104_goldDifference,props_pageProps_match_matchInfo_games_0_gameGold_104_team1Perid,props_pageProps_match_matchInfo_games_0_gameGold_104_team1TotalGold,props_pageProps_match_matchInfo_games_0_gameGold_104_team2Perid,props_pageProps_match_matchInfo_games_0_gameGold_104_team2TotalGold,props_pageProps_match_matchInfo_games_0_gameGold_105___typename,props_pageProps_match_matchInfo_games_0_gameGold_105_gameTime,props_pageProps_match_matchInfo_games_0_gameGold_105_goldDifference,props_pageProps_match_matchInfo_games_0_gameGold_105_team1Perid,props_pageProps_match_matchInfo_games_0_gameGold_105_team1TotalGold,props_pageProps_match_matchInfo_games_0_gameGold_105_team2Perid,props_pageProps_match_matchInfo_games_0_gameGold_105_team2TotalGold,props_pageProps_match_matchInfo_games_0_gameGold_106___typename,props_pageProps_match_matchInfo_games_0_gameGold_106_gameTime,props_pageProps_match_matchInfo_games_0_gameGold_106_goldDifference,props_pageProps_match_matchInfo_games_0_gameGold_106_team1Perid,props_pageProps_match_matchInfo_games_0_gameGold_106_team1TotalGold,props_pageProps_match_matchInfo_games_0_gameGold_106_team2Perid,props_pageProps_match_matchInfo_games_0_gameGold_106_team2TotalGold,props_pageProps_match_matchInfo_games_0_gameGold_107___typename,props_pageProps_match_matchInfo_games_0_gameGold_107_gameTime,props_pageProps_match_matchInfo_games_0_gameGold_107_goldDifference,props_pageProps_match_matchInfo_games_0_gameGold_107_team1Perid,props_pageProps_match_matchInfo_games_0_gameGold_107_team1TotalGold,props_pageProps_match_matchInfo_games_0_gameGold_107_team2Perid,props_pageProps_match_matchInfo_games_0_gameGold_107_team2TotalGold,props_pageProps_match_matchInfo_games_0_gameGold_108___typename,props_pageProps_match_matchInfo_games_0_gameGold_108_gameTime,props_pageProps_match_matchInfo_games_0_gameGold_108_goldDifference,props_pageProps_match_matchInfo_games_0_gameGold_108_team1Perid,props_pageProps_match_matchInfo_games_0_gameGold_108_team1TotalGold,props_pageProps_match_matchInfo_games_0_gameGold_108_team2Perid,props_pageProps_match_matchInfo_games_0_gameGold_108_team2TotalGold,props_pageProps_match_matchInfo_games_0_gameGold_109___typename,props_pageProps_match_matchInfo_games_0_gameGold_109_gameTime,props_pageProps_match_matchInfo_games_0_gameGold_109_goldDifference,props_pageProps_match_matchInfo_games_0_gameGold_109_team1Perid,props_pageProps_match_matchInfo_games_0_gameGold_109_team1TotalGold,props_pageProps_match_matchInfo_games_0_gameGold_109_team2Perid,props_pageProps_match_matchInfo_games_0_gameGold_109_team2TotalGold,props_pageProps_match_matchInfo_games_0_gameGold_110___typename,props_pageProps_match_matchInfo_games_0_gameGold_110_gameTime,props_pageProps_match_matchInfo_games_0_gameGold_110_goldDifference,props_pageProps_match_matchInfo_games_0_gameGold_110_team1Perid,props_pageProps_match_matchInfo_games_0_gameGold_110_team1TotalGold,props_pageProps_match_matchInfo_games_0_gameGold_110_team2Perid,props_pageProps_match_matchInfo_games_0_gameGold_110_team2TotalGold,props_pageProps_match_matchInfo_games_0_gameGold_111___typename,props_pageProps_match_matchInfo_games_0_gameGold_111_gameTime,props_pageProps_match_matchInfo_games_0_gameGold_111_goldDifference,props_pageProps_match_matchInfo_games_0_gameGold_111_team1Perid,props_pageProps_match_matchInfo_games_0_gameGold_111_team1TotalGold,props_pageProps_match_matchInfo_games_0_gameGold_111_team2Perid,props_pageProps_match_matchInfo_games_0_gameGold_111_team2TotalGold,props_pageProps_match_matchInfo_games_0_gameGold_112___typename,props_pageProps_match_matchInfo_games_0_gameGold_112_gameTime,props_pageProps_match_matchInfo_games_0_gameGold_112_goldDifference,props_pageProps_match_matchInfo_games_0_gameGold_112_team1Perid,props_pageProps_match_matchInfo_games_0_gameGold_112_team1TotalGold,props_pageProps_match_matchInfo_games_0_gameGold_112_team2Perid,props_pageProps_match_matchInfo_games_0_gameGold_112_team2TotalGold,props_pageProps_match_matchInfo_games_0_gameGold_113___typename,props_pageProps_match_matchInfo_games_0_gameGold_113_gameTime,props_pageProps_match_matchInfo_games_0_gameGold_113_goldDifference,props_pageProps_match_matchInfo_games_0_gameGold_113_team1Perid,props_pageProps_match_matchInfo_games_0_gameGold_113_team1TotalGold,props_pageProps_match_matchInfo_games_0_gameGold_113_team2Perid,props_pageProps_match_matchInfo_games_0_gameGold_113_team2TotalGold,props_pageProps_match_matchInfo_games_0_gameGold_114___typename,props_pageProps_match_matchInfo_games_0_gameGold_114_gameTime,props_pageProps_match_matchInfo_games_0_gameGold_114_goldDifference,props_pageProps_match_matchInfo_games_0_gameGold_114_team1Perid,props_pageProps_match_matchInfo_games_0_gameGold_114_team1TotalGold,props_pageProps_match_matchInfo_games_0_gameGold_114_team2Perid,props_pageProps_match_matchInfo_games_0_gameGold_114_team2TotalGold,props_pageProps_match_matchInfo_games_0_gameGold_115___typename,props_pageProps_match_matchInfo_games_0_gameGold_115_gameTime,props_pageProps_match_matchInfo_games_0_gameGold_115_goldDifference,props_pageProps_match_matchInfo_games_0_gameGold_115_team1Perid,props_pageProps_match_matchInfo_games_0_gameGold_115_team1TotalGold,props_pageProps_match_matchInfo_games_0_gameGold_115_team2Perid,props_pageProps_match_matchInfo_games_0_gameGold_115_team2TotalGold,props_pageProps_match_matchInfo_games_0_gameGold_116___typename,props_pageProps_match_matchInfo_games_0_gameGold_116_gameTime,props_pageProps_match_matchInfo_games_0_gameGold_116_goldDifference,props_pageProps_match_matchInfo_games_0_gameGold_116_team1Perid,props_pageProps_match_matchInfo_games_0_gameGold_116_team1TotalGold,props_pageProps_match_matchInfo_games_0_gameGold_116_team2Perid,props_pageProps_match_matchInfo_games_0_gameGold_116_team2TotalGold,props_pageProps_match_matchInfo_games_0_gameGold_117___typename,props_pageProps_match_matchInfo_games_0_gameGold_117_gameTime,props_pageProps_match_matchInfo_games_0_gameGold_117_goldDifference,props_pageProps_match_matchInfo_games_0_gameGold_117_team1Perid,props_pageProps_match_matchInfo_games_0_gameGold_117_team1TotalGold,props_pageProps_match_matchInfo_games_0_gameGold_117_team2Perid,props_pageProps_match_matchInfo_games_0_gameGold_117_team2TotalGold,props_pageProps_match_matchInfo_games_0_gameGold_118___typename,props_pageProps_match_matchInfo_games_0_gameGold_118_gameTime,props_pageProps_match_matchInfo_games_0_gameGold_118_goldDifference,props_pageProps_match_matchInfo_games_0_gameGold_118_team1Perid,props_pageProps_match_matchInfo_games_0_gameGold_118_team1TotalGold,props_pageProps_match_matchInfo_games_0_gameGold_118_team2Perid,props_pageProps_match_matchInfo_games_0_gameGold_118_team2TotalGold,props_pageProps_match_matchInfo_games_0_gameGold_119___typename,props_pageProps_match_matchInfo_games_0_gameGold_119_gameTime,props_pageProps_match_matchInfo_games_0_gameGold_119_goldDifference,props_pageProps_match_matchInfo_games_0_gameGold_119_team1Perid,props_pageProps_match_matchInfo_games_0_gameGold_119_team1TotalGold,props_pageProps_match_matchInfo_games_0_gameGold_119_team2Perid,props_pageProps_match_matchInfo_games_0_gameGold_119_team2TotalGold,props_pageProps_match_matchInfo_games_0_gameGold_120___typename,props_pageProps_match_matchInfo_games_0_gameGold_120_gameTime,props_pageProps_match_matchInfo_games_0_gameGold_120_goldDifference,props_pageProps_match_matchInfo_games_0_gameGold_120_team1Perid,props_pageProps_match_matchInfo_games_0_gameGold_120_team1TotalGold,props_pageProps_match_matchInfo_games_0_gameGold_120_team2Perid,props_pageProps_match_matchInfo_games_0_gameGold_120_team2TotalGold,props_pageProps_match_matchInfo_games_0_gameGold_121___typename,props_pageProps_match_matchInfo_games_0_gameGold_121_gameTime,props_pageProps_match_matchInfo_games_0_gameGold_121_goldDifference,props_pageProps_match_matchInfo_games_0_gameGold_121_team1Perid,props_pageProps_match_matchInfo_games_0_gameGold_121_team1TotalGold,props_pageProps_match_matchInfo_games_0_gameGold_121_team2Perid,props_pageProps_match_matchInfo_games_0_gameGold_121_team2TotalGold,props_pageProps_match_matchInfo_games_0_gameGold_122___typename,props_pageProps_match_matchInfo_games_0_gameGold_122_gameTime,props_pageProps_match_matchInfo_games_0_gameGold_122_goldDifference,props_pageProps_match_matchInfo_games_0_gameGold_122_team1Perid,props_pageProps_match_matchInfo_games_0_gameGold_122_team1TotalGold,props_pageProps_match_matchInfo_games_0_gameGold_122_team2Perid,props_pageProps_match_matchInfo_games_0_gameGold_122_team2TotalGold,props_pageProps_match_matchInfo_games_0_gameGold_123___typename,props_pageProps_match_matchInfo_games_0_gameGold_123_gameTime,props_pageProps_match_matchInfo_games_0_gameGold_123_goldDifference,props_pageProps_match_matchInfo_games_0_gameGold_123_team1Perid,props_pageProps_match_matchInfo_games_0_gameGold_123_team1TotalGold,props_pageProps_match_matchInfo_games_0_gameGold_123_team2Perid,props_pageProps_match_matchInfo_games_0_gameGold_123_team2TotalGold,props_pageProps_match_matchInfo_games_0_gameGold_124___typename,props_pageProps_match_matchInfo_games_0_gameGold_124_gameTime,props_pageProps_match_matchInfo_games_0_gameGold_124_goldDifference,props_pageProps_match_matchInfo_games_0_gameGold_124_team1Perid,props_pageProps_match_matchInfo_games_0_gameGold_124_team1TotalGold,props_pageProps_match_matchInfo_games_0_gameGold_124_team2Perid,props_pageProps_match_matchInfo_games_0_gameGold_124_team2TotalGold,props_pageProps_match_matchInfo_games_0_gameGold_125___typename,props_pageProps_match_matchInfo_games_0_gameGold_125_gameTime,props_pageProps_match_matchInfo_games_0_gameGold_125_goldDifference,props_pageProps_match_matchInfo_games_0_gameGold_125_team1Perid,props_pageProps_match_matchInfo_games_0_gameGold_125_team1TotalGold,props_pageProps_match_matchInfo_games_0_gameGold_125_team2Perid,props_pageProps_match_matchInfo_games_0_gameGold_125_team2TotalGold,props_pageProps_match_matchInfo_games_0_gameGold_126___typename,props_pageProps_match_matchInfo_games_0_gameGold_126_gameTime,props_pageProps_match_matchInfo_games_0_gameGold_126_goldDifference,props_pageProps_match_matchInfo_games_0_gameGold_126_team1Perid,props_pageProps_match_matchInfo_games_0_gameGold_126_team1TotalGold,props_pageProps_match_matchInfo_games_0_gameGold_126_team2Perid,props_pageProps_match_matchInfo_games_0_gameGold_126_team2TotalGold,props_pageProps_match_matchInfo_games_0_gameGold_127___typename,props_pageProps_match_matchInfo_games_0_gameGold_127_gameTime,props_pageProps_match_matchInfo_games_0_gameGold_127_goldDifference,props_pageProps_match_matchInfo_games_0_gameGold_127_team1Perid,props_pageProps_match_matchInfo_games_0_gameGold_127_team1TotalGold,props_pageProps_match_matchInfo_games_0_gameGold_127_team2Perid,props_pageProps_match_matchInfo_games_0_gameGold_127_team2TotalGold,props_pageProps_match_matchInfo_games_0_gameGold_128___typename,props_pageProps_match_matchInfo_games_0_gameGold_128_gameTime,props_pageProps_match_matchInfo_games_0_gameGold_128_goldDifference,props_pageProps_match_matchInfo_games_0_gameGold_128_team1Perid,props_pageProps_match_matchInfo_games_0_gameGold_128_team1TotalGold,props_pageProps_match_matchInfo_games_0_gameGold_128_team2Perid,props_pageProps_match_matchInfo_games_0_gameGold_128_team2TotalGold,props_pageProps_match_matchInfo_games_0_gameGold_129___typename,props_pageProps_match_matchInfo_games_0_gameGold_129_gameTime,props_pageProps_match_matchInfo_games_0_gameGold_129_goldDifference,props_pageProps_match_matchInfo_games_0_gameGold_129_team1Perid,props_pageProps_match_matchInfo_games_0_gameGold_129_team1TotalGold,props_pageProps_match_matchInfo_games_0_gameGold_129_team2Perid,props_pageProps_match_matchInfo_games_0_gameGold_129_team2TotalGold,props_pageProps_match_matchInfo_games_0_gameGold_130___typename,props_pageProps_match_matchInfo_games_0_gameGold_130_gameTime,props_pageProps_match_matchInfo_games_0_gameGold_130_goldDifference,props_pageProps_match_matchInfo_games_0_gameGold_130_team1Perid,props_pageProps_match_matchInfo_games_0_gameGold_130_team1TotalGold,props_pageProps_match_matchInfo_games_0_gameGold_130_team2Perid,props_pageProps_match_matchInfo_games_0_gameGold_130_team2TotalGold,props_pageProps_match_matchInfo_games_0_gameGold_131___typename,props_pageProps_match_matchInfo_games_0_gameGold_131_gameTime,props_pageProps_match_matchInfo_games_0_gameGold_131_goldDifference,props_pageProps_match_matchInfo_games_0_gameGold_131_team1Perid,props_pageProps_match_matchInfo_games_0_gameGold_131_team1TotalGold,props_pageProps_match_matchInfo_games_0_gameGold_131_team2Perid,props_pageProps_match_matchInfo_games_0_gameGold_131_team2TotalGold,props_pageProps_match_matchInfo_games_0_gameGold_132___typename,props_pageProps_match_matchInfo_games_0_gameGold_132_gameTime,props_pageProps_match_matchInfo_games_0_gameGold_132_goldDifference,props_pageProps_match_matchInfo_games_0_gameGold_132_team1Perid,props_pageProps_match_matchInfo_games_0_gameGold_132_team1TotalGold,props_pageProps_match_matchInfo_games_0_gameGold_132_team2Perid,props_pageProps_match_matchInfo_games_0_gameGold_132_team2TotalGold,props_pageProps_match_matchInfo_games_0_gameGold_133___typename,props_pageProps_match_matchInfo_games_0_gameGold_133_gameTime,props_pageProps_match_matchInfo_games_0_gameGold_133_goldDifference,props_pageProps_match_matchInfo_games_0_gameGold_133_team1Perid,props_pageProps_match_matchInfo_games_0_gameGold_133_team1TotalGold,props_pageProps_match_matchInfo_games_0_gameGold_133_team2Perid,props_pageProps_match_matchInfo_games_0_gameGold_133_team2TotalGold,props_pageProps_match_matchInfo_games_0_gameStartDateTime,props_pageProps_match_matchInfo_games_0_gameState,props_pageProps_match_matchInfo_games_0_gameUrn,props_pageProps_match_matchInfo_games_0_matchPerid,props_pageProps_match_matchInfo_games_0_playerChampGame_0___typename,props_pageProps_match_matchInfo_games_0_playerChampGame_0_champion,props_pageProps_match_matchInfo_games_0_playerChampGame_0_item1Id,props_pageProps_match_matchInfo_games_0_playerChampGame_0_item2Id,props_pageProps_match_matchInfo_games_0_playerChampGame_0_item3Id,props_pageProps_match_matchInfo_games_0_playerChampGame_0_item4Id,props_pageProps_match_matchInfo_games_0_playerChampGame_0_item5Id,props_pageProps_match_matchInfo_games_0_playerChampGame_0_item6Id,props_pageProps_match_matchInfo_games_0_playerChampGame_0_item7Id,props_pageProps_match_matchInfo_games_0_playerChampGame_0_item8Id,props_pageProps_match_matchInfo_games_0_playerChampGame_0_playerName,props_pageProps_match_matchInfo_games_0_playerChampGame_0_playerPerid,props_pageProps_match_matchInfo_games_0_playerChampGame_0_role,props_pageProps_match_matchInfo_games_0_playerChampGame_0_teamPerid,props_pageProps_match_matchInfo_games_0_playerChampGame_1___typename,props_pageProps_match_matchInfo_games_0_playerChampGame_1_champion,props_pageProps_match_matchInfo_games_0_playerChampGame_1_item1Id,props_pageProps_match_matchInfo_games_0_playerChampGame_1_item2Id,props_pageProps_match_matchInfo_games_0_playerChampGame_1_item3Id,props_pageProps_match_matchInfo_games_0_playerChampGame_1_item4Id,props_pageProps_match_matchInfo_games_0_playerChampGame_1_item5Id,props_pageProps_match_matchInfo_games_0_playerChampGame_1_item6Id,props_pageProps_match_matchInfo_games_0_playerChampGame_1_item7Id,props_pageProps_match_matchInfo_games_0_playerChampGame_1_item8Id,props_pageProps_match_matchInfo_games_0_playerChampGame_1_playerName,props_pageProps_match_matchInfo_games_0_playerChampGame_1_playerPerid,props_pageProps_match_matchInfo_games_0_playerChampGame_1_role,props_pageProps_match_matchInfo_games_0_playerChampGame_1_teamPerid,props_pageProps_match_matchInfo_games_0_playerChampGame_2___typename,props_pageProps_match_matchInfo_games_0_playerChampGame_2_champion,props_pageProps_match_matchInfo_games_0_playerChampGame_2_item1Id,props_pageProps_match_matchInfo_games_0_playerChampGame_2_item2Id,props_pageProps_match_matchInfo_games_0_playerChampGame_2_item3Id,props_pageProps_match_matchInfo_games_0_playerChampGame_2_item4Id,props_pageProps_match_matchInfo_games_0_playerChampGame_2_item5Id,props_pageProps_match_matchInfo_games_0_playerChampGame_2_item6Id,props_pageProps_match_matchInfo_games_0_playerChampGame_2_item7Id,props_pageProps_match_matchInfo_games_0_playerChampGame_2_item8Id,props_pageProps_match_matchInfo_games_0_playerChampGame_2_playerName,props_pageProps_match_matchInfo_games_0_playerChampGame_2_playerPerid,props_pageProps_match_matchInfo_games_0_playerChampGame_2_role,props_pageProps_match_matchInfo_games_0_playerChampGame_2_teamPerid,props_pageProps_match_matchInfo_games_0_playerChampGame_3___typename,props_pageProps_match_matchInfo_games_0_playerChampGame_3_champion,props_pageProps_match_matchInfo_games_0_playerChampGame_3_item1Id,props_pageProps_match_matchInfo_games_0_playerChampGame_3_item2Id,props_pageProps_match_matchInfo_games_0_playerChampGame_3_item3Id,props_pageProps_match_matchInfo_games_0_playerChampGame_3_item4Id,props_pageProps_match_matchInfo_games_0_playerChampGame_3_item5Id,props_pageProps_match_matchInfo_games_0_playerChampGame_3_item6Id,props_pageProps_match_matchInfo_games_0_playerChampGame_3_item7Id,props_pageProps_match_matchInfo_games_0_playerChampGame_3_item8Id,props_pageProps_match_matchInfo_games_0_playerChampGame_3_playerName,props_pageProps_match_matchInfo_games_0_playerChampGame_3_playerPerid,props_pageProps_match_matchInfo_games_0_playerChampGame_3_role,props_pageProps_match_matchInfo_games_0_playerChampGame_3_teamPerid,props_pageProps_match_matchInfo_games_0_playerChampGame_4___typename,props_pageProps_match_matchInfo_games_0_playerChampGame_4_champion,props_pageProps_match_matchInfo_games_0_playerChampGame_4_item1Id,props_pageProps_match_matchInfo_games_0_playerChampGame_4_item2Id,props_pageProps_match_matchInfo_games_0_playerChampGame_4_item3Id,props_pageProps_match_matchInfo_games_0_playerChampGame_4_item4Id,props_pageProps_match_matchInfo_games_0_playerChampGame_4_item5Id,props_pageProps_match_matchInfo_games_0_playerChampGame_4_item6Id,props_pageProps_match_matchInfo_games_0_playerChampGame_4_item7Id,props_pageProps_match_matchInfo_games_0_playerChampGame_4_item8Id,props_pageProps_match_matchInfo_games_0_playerChampGame_4_playerName,props_pageProps_match_matchInfo_games_0_playerChampGame_4_playerPerid,props_pageProps_match_matchInfo_games_0_playerChampGame_4_role,props_pageProps_match_matchInfo_games_0_playerChampGame_4_teamPerid,props_pageProps_match_matchInfo_games_0_playerChampGame_5___typename,props_pageProps_match_matchInfo_games_0_playerChampGame_5_champion,props_pageProps_match_matchInfo_games_0_playerChampGame_5_item1Id,props_pageProps_match_matchInfo_games_0_playerChampGame_5_item2Id,props_pageProps_match_matchInfo_games_0_playerChampGame_5_item3Id,props_pageProps_match_matchInfo_games_0_playerChampGame_5_item4Id,props_pageProps_match_matchInfo_games_0_playerChampGame_5_item5Id,props_pageProps_match_matchInfo_games_0_playerChampGame_5_item6Id,props_pageProps_match_matchInfo_games_0_playerChampGame_5_item7Id,props_pageProps_match_matchInfo_games_0_playerChampGame_5_item8Id,props_pageProps_match_matchInfo_games_0_playerChampGame_5_playerName,props_pageProps_match_matchInfo_games_0_playerChampGame_5_playerPerid,props_pageProps_match_matchInfo_games_0_playerChampGame_5_role,props_pageProps_match_matchInfo_games_0_playerChampGame_5_teamPerid,props_pageProps_match_matchInfo_games_0_playerChampGame_6___typename,props_pageProps_match_matchInfo_games_0_playerChampGame_6_champion,props_pageProps_match_matchInfo_games_0_playerChampGame_6_item1Id,props_pageProps_match_matchInfo_games_0_playerChampGame_6_item2Id,props_pageProps_match_matchInfo_games_0_playerChampGame_6_item3Id,props_pageProps_match_matchInfo_games_0_playerChampGame_6_item4Id,props_pageProps_match_matchInfo_games_0_playerChampGame_6_item5Id,props_pageProps_match_matchInfo_games_0_playerChampGame_6_item6Id,props_pageProps_match_matchInfo_games_0_playerChampGame_6_item7Id,props_pageProps_match_matchInfo_games_0_playerChampGame_6_item8Id,props_pageProps_match_matchInfo_games_0_playerChampGame_6_playerName,props_pageProps_match_matchInfo_games_0_playerChampGame_6_playerPerid,props_pageProps_match_matchInfo_games_0_playerChampGame_6_role,props_pageProps_match_matchInfo_games_0_playerChampGame_6_teamPerid,props_pageProps_match_matchInfo_games_0_playerChampGame_7___typename,props_pageProps_match_matchInfo_games_0_playerChampGame_7_champion,props_pageProps_match_matchInfo_games_0_playerChampGame_7_item1Id,props_pageProps_match_matchInfo_games_0_playerChampGame_7_item2Id,props_pageProps_match_matchInfo_games_0_playerChampGame_7_item3Id,props_pageProps_match_matchInfo_games_0_playerChampGame_7_item4Id,props_pageProps_match_matchInfo_games_0_playerChampGame_7_item5Id,props_pageProps_match_matchInfo_games_0_playerChampGame_7_item6Id,props_pageProps_match_matchInfo_games_0_playerChampGame_7_item7Id,props_pageProps_match_matchInfo_games_0_playerChampGame_7_item8Id,props_pageProps_match_matchInfo_games_0_playerChampGame_7_playerName,props_pageProps_match_matchInfo_games_0_playerChampGame_7_playerPerid,props_pageProps_match_matchInfo_games_0_playerChampGame_7_role,props_pageProps_match_matchInfo_games_0_playerChampGame_7_teamPerid,props_pageProps_match_matchInfo_games_0_playerChampGame_8___typename,props_pageProps_match_matchInfo_games_0_playerChampGame_8_champion,props_pageProps_match_matchInfo_games_0_playerChampGame_8_item1Id,props_pageProps_match_matchInfo_games_0_playerChampGame_8_item2Id,props_pageProps_match_matchInfo_games_0_playerChampGame_8_item3Id,props_pageProps_match_matchInfo_games_0_playerChampGame_8_item4Id,props_pageProps_match_matchInfo_games_0_playerChampGame_8_item5Id,props_pageProps_match_matchInfo_games_0_playerChampGame_8_item6Id,props_pageProps_match_matchInfo_games_0_playerChampGame_8_item7Id,props_pageProps_match_matchInfo_games_0_playerChampGame_8_item8Id,props_pageProps_match_matchInfo_games_0_playerChampGame_8_playerName,props_pageProps_match_matchInfo_games_0_playerChampGame_8_playerPerid,props_pageProps_match_matchInfo_games_0_playerChampGame_8_role,props_pageProps_match_matchInfo_games_0_playerChampGame_8_teamPerid,props_pageProps_match_matchInfo_games_0_playerChampGame_9___typename,props_pageProps_match_matchInfo_games_0_playerChampGame_9_champion,props_pageProps_match_matchInfo_games_0_playerChampGame_9_item1Id,props_pageProps_match_matchInfo_games_0_playerChampGame_9_item2Id,props_pageProps_match_matchInfo_games_0_playerChampGame_9_item3Id,props_pageProps_match_matchInfo_games_0_playerChampGame_9_item4Id,props_pageProps_match_matchInfo_games_0_playerChampGame_9_item5Id,props_pageProps_match_matchInfo_games_0_playerChampGame_9_item6Id,props_pageProps_match_matchInfo_games_0_playerChampGame_9_item7Id,props_pageProps_match_matchInfo_games_0_playerChampGame_9_item8Id,props_pageProps_match_matchInfo_games_0_playerChampGame_9_playerName,props_pageProps_match_matchInfo_games_0_playerChampGame_9_playerPerid,props_pageProps_match_matchInfo_games_0_playerChampGame_9_role,props_pageProps_match_matchInfo_games_0_playerChampGame_9_teamPerid,props_pageProps_match_matchInfo_games_0_playerGameStats_0___typename,props_pageProps_match_matchInfo_games_0_playerGameStats_0_assists,props_pageProps_match_matchInfo_games_0_playerGameStats_0_avgDamagePerTeamfight,props_pageProps_match_matchInfo_games_0_playerGameStats_0_avgMinsBetweenDeaths,props_pageProps_match_matchInfo_games_0_playerGameStats_0_avgMinsBetweenKills,props_pageProps_match_matchInfo_games_0_playerGameStats_0_bestOf,props_pageProps_match_matchInfo_games_0_playerGameStats_0_champion,props_pageProps_match_matchInfo_games_0_playerGameStats_0_currGame,props_pageProps_match_matchInfo_games_0_playerGameStats_0_deaths,props_pageProps_match_matchInfo_games_0_playerGameStats_0_dmgHealedOnTeamPerMin,props_pageProps_match_matchInfo_games_0_playerGameStats_0_dmgShieldedOnTeamPerMin,props_pageProps_match_matchInfo_games_0_playerGameStats_0_dmgToChampsPerMin,props_pageProps_match_matchInfo_games_0_playerGameStats_0_doubleKills,props_pageProps_match_matchInfo_games_0_playerGameStats_0_duoProx,props_pageProps_match_matchInfo_games_0_playerGameStats_0_firstBlood,props_pageProps_match_matchInfo_games_0_playerGameStats_0_gameUrn,props_pageProps_match_matchInfo_games_0_playerGameStats_0_goldAt15m,props_pageProps_match_matchInfo_games_0_playerGameStats_0_goldDiffAt15m,props_pageProps_match_matchInfo_games_0_playerGameStats_0_isoDeaths,props_pageProps_match_matchInfo_games_0_playerGameStats_0_jungleProx,props_pageProps_match_matchInfo_games_0_playerGameStats_0_kills,props_pageProps_match_matchInfo_games_0_playerGameStats_0_minionKills,props_pageProps_match_matchInfo_games_0_playerGameStats_0_neutralMinionKills,props_pageProps_match_matchInfo_games_0_playerGameStats_0_neutralMinionKillsEnemyJungle,props_pageProps_match_matchInfo_games_0_playerGameStats_0_neutralMinionKillsTeamJungle,props_pageProps_match_matchInfo_games_0_playerGameStats_0_numRecalls,props_pageProps_match_matchInfo_games_0_playerGameStats_0_pentaKills,props_pageProps_match_matchInfo_games_0_playerGameStats_0_percInMidLane,props_pageProps_match_matchInfo_games_0_playerGameStats_0_player,props_pageProps_match_matchInfo_games_0_playerGameStats_0_playerPerid,props_pageProps_match_matchInfo_games_0_playerGameStats_0_playerUrn,props_pageProps_match_matchInfo_games_0_playerGameStats_0_quadKills,props_pageProps_match_matchInfo_games_0_playerGameStats_0_role,props_pageProps_match_matchInfo_games_0_playerGameStats_0_side,props_pageProps_match_matchInfo_games_0_playerGameStats_0_soloKills,props_pageProps_match_matchInfo_games_0_playerGameStats_0_team,props_pageProps_match_matchInfo_games_0_playerGameStats_0_teamPerid,props_pageProps_match_matchInfo_games_0_playerGameStats_0_totalDamageTeamfights,props_pageProps_match_matchInfo_games_0_playerGameStats_0_totalGold,props_pageProps_match_matchInfo_games_0_playerGameStats_0_tripleKills,props_pageProps_match_matchInfo_games_0_playerGameStats_0_visionScore,props_pageProps_match_matchInfo_games_0_playerGameStats_0_wardsKilled,props_pageProps_match_matchInfo_games_0_playerGameStats_0_wardsPlaced,props_pageProps_match_matchInfo_games_0_playerGameStats_1___typename,props_pageProps_match_matchInfo_games_0_playerGameStats_1_assists,props_pageProps_match_matchInfo_games_0_playerGameStats_1_avgDamagePerTeamfight,props_pageProps_match_matchInfo_games_0_playerGameStats_1_avgMinsBetweenDeaths,props_pageProps_match_matchInfo_games_0_playerGameStats_1_avgMinsBetweenKills,props_pageProps_match_matchInfo_games_0_playerGameStats_1_bestOf,props_pageProps_match_matchInfo_games_0_playerGameStats_1_champion,props_pageProps_match_matchInfo_games_0_playerGameStats_1_currGame,props_pageProps_match_matchInfo_games_0_playerGameStats_1_deaths,props_pageProps_match_matchInfo_games_0_playerGameStats_1_dmgHealedOnTeamPerMin,props_pageProps_match_matchInfo_games_0_playerGameStats_1_dmgShieldedOnTeamPerMin,props_pageProps_match_matchInfo_games_0_playerGameStats_1_dmgToChampsPerMin,props_pageProps_match_matchInfo_games_0_playerGameStats_1_doubleKills,props_pageProps_match_matchInfo_games_0_playerGameStats_1_duoProx,props_pageProps_match_matchInfo_games_0_playerGameStats_1_firstBlood,props_pageProps_match_matchInfo_games_0_playerGameStats_1_gameUrn,props_pageProps_match_matchInfo_games_0_playerGameStats_1_goldAt15m,props_pageProps_match_matchInfo_games_0_playerGameStats_1_goldDiffAt15m,props_pageProps_match_matchInfo_games_0_playerGameStats_1_isoDeaths,props_pageProps_match_matchInfo_games_0_playerGameStats_1_jungleProx,props_pageProps_match_matchInfo_games_0_playerGameStats_1_kills,props_pageProps_match_matchInfo_games_0_playerGameStats_1_minionKills,props_pageProps_match_matchInfo_games_0_playerGameStats_1_neutralMinionKills,props_pageProps_match_matchInfo_games_0_playerGameStats_1_neutralMinionKillsEnemyJungle,props_pageProps_match_matchInfo_games_0_playerGameStats_1_neutralMinionKillsTeamJungle,props_pageProps_match_matchInfo_games_0_playerGameStats_1_numRecalls,props_pageProps_match_matchInfo_games_0_playerGameStats_1_pentaKills,props_pageProps_match_matchInfo_games_0_playerGameStats_1_percInMidLane,props_pageProps_match_matchInfo_games_0_playerGameStats_1_player,props_pageProps_match_matchInfo_games_0_playerGameStats_1_playerPerid,props_pageProps_match_matchInfo_games_0_playerGameStats_1_playerUrn,props_pageProps_match_matchInfo_games_0_playerGameStats_1_quadKills,props_pageProps_match_matchInfo_games_0_playerGameStats_1_role,props_pageProps_match_matchInfo_games_0_playerGameStats_1_side,props_pageProps_match_matchInfo_games_0_playerGameStats_1_soloKills,props_pageProps_match_matchInfo_games_0_playerGameStats_1_team,props_pageProps_match_matchInfo_games_0_playerGameStats_1_teamPerid,props_pageProps_match_matchInfo_games_0_playerGameStats_1_totalDamageTeamfights,props_pageProps_match_matchInfo_games_0_playerGameStats_1_totalGold,props_pageProps_match_matchInfo_games_0_playerGameStats_1_tripleKills,props_pageProps_match_matchInfo_games_0_playerGameStats_1_visionScore,props_pageProps_match_matchInfo_games_0_playerGameStats_1_wardsKilled,props_pageProps_match_matchInfo_games_0_playerGameStats_1_wardsPlaced,props_pageProps_match_matchInfo_games_0_playerGameStats_2___typename,props_pageProps_match_matchInfo_games_0_playerGameStats_2_assists,props_pageProps_match_matchInfo_games_0_playerGameStats_2_avgDamagePerTeamfight,props_pageProps_match_matchInfo_games_0_playerGameStats_2_avgMinsBetweenDeaths,props_pageProps_match_matchInfo_games_0_playerGameStats_2_avgMinsBetweenKills,props_pageProps_match_matchInfo_games_0_playerGameStats_2_bestOf,props_pageProps_match_matchInfo_games_0_playerGameStats_2_champion,props_pageProps_match_matchInfo_games_0_playerGameStats_2_currGame,props_pageProps_match_matchInfo_games_0_playerGameStats_2_deaths,props_pageProps_match_matchInfo_games_0_playerGameStats_2_dmgHealedOnTeamPerMin,props_pageProps_match_matchInfo_games_0_playerGameStats_2_dmgShieldedOnTeamPerMin,props_pageProps_match_matchInfo_games_0_playerGameStats_2_dmgToChampsPerMin,props_pageProps_match_matchInfo_games_0_playerGameStats_2_doubleKills,props_pageProps_match_matchInfo_games_0_playerGameStats_2_duoProx,props_pageProps_match_matchInfo_games_0_playerGameStats_2_firstBlood,props_pageProps_match_matchInfo_games_0_playerGameStats_2_gameUrn,props_pageProps_match_matchInfo_games_0_playerGameStats_2_goldAt15m,props_pageProps_match_matchInfo_games_0_playerGameStats_2_goldDiffAt15m,props_pageProps_match_matchInfo_games_0_playerGameStats_2_isoDeaths,props_pageProps_match_matchInfo_games_0_playerGameStats_2_jungleProx,props_pageProps_match_matchInfo_games_0_playerGameStats_2_kills,props_pageProps_match_matchInfo_games_0_playerGameStats_2_minionKills,props_pageProps_match_matchInfo_games_0_playerGameStats_2_neutralMinionKills,props_pageProps_match_matchInfo_games_0_playerGameStats_2_neutralMinionKillsEnemyJungle,props_pageProps_match_matchInfo_games_0_playerGameStats_2_neutralMinionKillsTeamJungle,props_pageProps_match_matchInfo_games_0_playerGameStats_2_numRecalls,props_pageProps_match_matchInfo_games_0_playerGameStats_2_pentaKills,props_pageProps_match_matchInfo_games_0_playerGameStats_2_percInMidLane,props_pageProps_match_matchInfo_games_0_playerGameStats_2_player,props_pageProps_match_matchInfo_games_0_playerGameStats_2_playerPerid,props_pageProps_match_matchInfo_games_0_playerGameStats_2_playerUrn,props_pageProps_match_matchInfo_games_0_playerGameStats_2_quadKills,props_pageProps_match_matchInfo_games_0_playerGameStats_2_role,props_pageProps_match_matchInfo_games_0_playerGameStats_2_side,props_pageProps_match_matchInfo_games_0_playerGameStats_2_soloKills,props_pageProps_match_matchInfo_games_0_playerGameStats_2_team,props_pageProps_match_matchInfo_games_0_playerGameStats_2_teamPerid,props_pageProps_match_matchInfo_games_0_playerGameStats_2_totalDamageTeamfights,props_pageProps_match_matchInfo_games_0_playerGameStats_2_totalGold,props_pageProps_match_matchInfo_games_0_playerGameStats_2_tripleKills,props_pageProps_match_matchInfo_games_0_playerGameStats_2_visionScore,props_pageProps_match_matchInfo_games_0_playerGameStats_2_wardsKilled,props_pageProps_match_matchInfo_games_0_playerGameStats_2_wardsPlaced,props_pageProps_match_matchInfo_games_0_playerGameStats_3___typename,props_pageProps_match_matchInfo_games_0_playerGameStats_3_assists,props_pageProps_match_matchInfo_games_0_playerGameStats_3_avgDamagePerTeamfight,props_pageProps_match_matchInfo_games_0_playerGameStats_3_avgMinsBetweenDeaths,props_pageProps_match_matchInfo_games_0_playerGameStats_3_avgMinsBetweenKills,props_pageProps_match_matchInfo_games_0_playerGameStats_3_bestOf,props_pageProps_match_matchInfo_games_0_playerGameStats_3_champion,props_pageProps_match_matchInfo_games_0_playerGameStats_3_currGame,props_pageProps_match_matchInfo_games_0_playerGameStats_3_deaths,props_pageProps_match_matchInfo_games_0_playerGameStats_3_dmgHealedOnTeamPerMin,props_pageProps_match_matchInfo_games_0_playerGameStats_3_dmgShieldedOnTeamPerMin,props_pageProps_match_matchInfo_games_0_playerGameStats_3_dmgToChampsPerMin,props_pageProps_match_matchInfo_games_0_playerGameStats_3_doubleKills,props_pageProps_match_matchInfo_games_0_playerGameStats_3_duoProx,props_pageProps_match_matchInfo_games_0_playerGameStats_3_firstBlood,props_pageProps_match_matchInfo_games_0_playerGameStats_3_gameUrn,props_pageProps_match_matchInfo_games_0_playerGameStats_3_goldAt15m,props_pageProps_match_matchInfo_games_0_playerGameStats_3_goldDiffAt15m,props_pageProps_match_matchInfo_games_0_playerGameStats_3_isoDeaths,props_pageProps_match_matchInfo_games_0_playerGameStats_3_jungleProx,props_pageProps_match_matchInfo_games_0_playerGameStats_3_kills,props_pageProps_match_matchInfo_games_0_playerGameStats_3_minionKills,props_pageProps_match_matchInfo_games_0_playerGameStats_3_neutralMinionKills,props_pageProps_match_matchInfo_games_0_playerGameStats_3_neutralMinionKillsEnemyJungle,props_pageProps_match_matchInfo_games_0_playerGameStats_3_neutralMinionKillsTeamJungle,props_pageProps_match_matchInfo_games_0_playerGameStats_3_numRecalls,props_pageProps_match_matchInfo_games_0_playerGameStats_3_pentaKills,props_pageProps_match_matchInfo_games_0_playerGameStats_3_percInMidLane,props_pageProps_match_matchInfo_games_0_playerGameStats_3_player,props_pageProps_match_matchInfo_games_0_playerGameStats_3_playerPerid,props_pageProps_match_matchInfo_games_0_playerGameStats_3_playerUrn,props_pageProps_match_matchInfo_games_0_playerGameStats_3_quadKills,props_pageProps_match_matchInfo_games_0_playerGameStats_3_role,props_pageProps_match_matchInfo_games_0_playerGameStats_3_side,props_pageProps_match_matchInfo_games_0_playerGameStats_3_soloKills,props_pageProps_match_matchInfo_games_0_playerGameStats_3_team,props_pageProps_match_matchInfo_games_0_playerGameStats_3_teamPerid,props_pageProps_match_matchInfo_games_0_playerGameStats_3_totalDamageTeamfights,props_pageProps_match_matchInfo_games_0_playerGameStats_3_totalGold,props_pageProps_match_matchInfo_games_0_playerGameStats_3_tripleKills,props_pageProps_match_matchInfo_games_0_playerGameStats_3_visionScore,props_pageProps_match_matchInfo_games_0_playerGameStats_3_wardsKilled,props_pageProps_match_matchInfo_games_0_playerGameStats_3_wardsPlaced,props_pageProps_match_matchInfo_games_0_playerGameStats_4___typename,props_pageProps_match_matchInfo_games_0_playerGameStats_4_assists,props_pageProps_match_matchInfo_games_0_playerGameStats_4_avgDamagePerTeamfight,props_pageProps_match_matchInfo_games_0_playerGameStats_4_avgMinsBetweenDeaths,props_pageProps_match_matchInfo_games_0_playerGameStats_4_avgMinsBetweenKills,props_pageProps_match_matchInfo_games_0_playerGameStats_4_bestOf,props_pageProps_match_matchInfo_games_0_playerGameStats_4_champion,props_pageProps_match_matchInfo_games_0_playerGameStats_4_currGame,props_pageProps_match_matchInfo_games_0_playerGameStats_4_deaths,props_pageProps_match_matchInfo_games_0_playerGameStats_4_dmgHealedOnTeamPerMin,props_pageProps_match_matchInfo_games_0_playerGameStats_4_dmgShieldedOnTeamPerMin,props_pageProps_match_matchInfo_games_0_playerGameStats_4_dmgToChampsPerMin,props_pageProps_match_matchInfo_games_0_playerGameStats_4_doubleKills,props_pageProps_match_matchInfo_games_0_playerGameStats_4_duoProx,props_pageProps_match_matchInfo_games_0_playerGameStats_4_firstBlood,props_pageProps_match_matchInfo_games_0_playerGameStats_4_gameUrn,props_pageProps_match_matchInfo_games_0_playerGameStats_4_goldAt15m,props_pageProps_match_matchInfo_games_0_playerGameStats_4_goldDiffAt15m,props_pageProps_match_matchInfo_games_0_playerGameStats_4_isoDeaths,props_pageProps_match_matchInfo_games_0_playerGameStats_4_jungleProx,props_pageProps_match_matchInfo_games_0_playerGameStats_4_kills,props_pageProps_match_matchInfo_games_0_playerGameStats_4_minionKills,props_pageProps_match_matchInfo_games_0_playerGameStats_4_neutralMinionKills,props_pageProps_match_matchInfo_games_0_playerGameStats_4_neutralMinionKillsEnemyJungle,props_pageProps_match_matchInfo_games_0_playerGameStats_4_neutralMinionKillsTeamJungle,props_pageProps_match_matchInfo_games_0_playerGameStats_4_numRecalls,props_pageProps_match_matchInfo_games_0_playerGameStats_4_pentaKills,props_pageProps_match_matchInfo_games_0_playerGameStats_4_percInMidLane,props_pageProps_match_matchInfo_games_0_playerGameStats_4_player,props_pageProps_match_matchInfo_games_0_playerGameStats_4_playerPerid,props_pageProps_match_matchInfo_games_0_playerGameStats_4_playerUrn,props_pageProps_match_matchInfo_games_0_playerGameStats_4_quadKills,props_pageProps_match_matchInfo_games_0_playerGameStats_4_role,props_pageProps_match_matchInfo_games_0_playerGameStats_4_side,props_pageProps_match_matchInfo_games_0_playerGameStats_4_soloKills,props_pageProps_match_matchInfo_games_0_playerGameStats_4_team,props_pageProps_match_matchInfo_games_0_playerGameStats_4_teamPerid,props_pageProps_match_matchInfo_games_0_playerGameStats_4_totalDamageTeamfights,props_pageProps_match_matchInfo_games_0_playerGameStats_4_totalGold,props_pageProps_match_matchInfo_games_0_playerGameStats_4_tripleKills,props_pageProps_match_matchInfo_games_0_playerGameStats_4_visionScore,props_pageProps_match_matchInfo_games_0_playerGameStats_4_wardsKilled,props_pageProps_match_matchInfo_games_0_playerGameStats_4_wardsPlaced,props_pageProps_match_matchInfo_games_0_playerGameStats_5___typename,props_pageProps_match_matchInfo_games_0_playerGameStats_5_assists,props_pageProps_match_matchInfo_games_0_playerGameStats_5_avgDamagePerTeamfight,props_pageProps_match_matchInfo_games_0_playerGameStats_5_avgMinsBetweenDeaths,props_pageProps_match_matchInfo_games_0_playerGameStats_5_avgMinsBetweenKills,props_pageProps_match_matchInfo_games_0_playerGameStats_5_bestOf,props_pageProps_match_matchInfo_games_0_playerGameStats_5_champion,props_pageProps_match_matchInfo_games_0_playerGameStats_5_currGame,props_pageProps_match_matchInfo_games_0_playerGameStats_5_deaths,props_pageProps_match_matchInfo_games_0_playerGameStats_5_dmgHealedOnTeamPerMin,props_pageProps_match_matchInfo_games_0_playerGameStats_5_dmgShieldedOnTeamPerMin,props_pageProps_match_matchInfo_games_0_playerGameStats_5_dmgToChampsPerMin,props_pageProps_match_matchInfo_games_0_playerGameStats_5_doubleKills,props_pageProps_match_matchInfo_games_0_playerGameStats_5_duoProx,props_pageProps_match_matchInfo_games_0_playerGameStats_5_firstBlood,props_pageProps_match_matchInfo_games_0_playerGameStats_5_gameUrn,props_pageProps_match_matchInfo_games_0_playerGameStats_5_goldAt15m,props_pageProps_match_matchInfo_games_0_playerGameStats_5_goldDiffAt15m,props_pageProps_match_matchInfo_games_0_playerGameStats_5_isoDeaths,props_pageProps_match_matchInfo_games_0_playerGameStats_5_jungleProx,props_pageProps_match_matchInfo_games_0_playerGameStats_5_kills,props_pageProps_match_matchInfo_games_0_playerGameStats_5_minionKills,props_pageProps_match_matchInfo_games_0_playerGameStats_5_neutralMinionKills,props_pageProps_match_matchInfo_games_0_playerGameStats_5_neutralMinionKillsEnemyJungle,props_pageProps_match_matchInfo_games_0_playerGameStats_5_neutralMinionKillsTeamJungle,props_pageProps_match_matchInfo_games_0_playerGameStats_5_numRecalls,props_pageProps_match_matchInfo_games_0_playerGameStats_5_pentaKills,props_pageProps_match_matchInfo_games_0_playerGameStats_5_percInMidLane,props_pageProps_match_matchInfo_games_0_playerGameStats_5_player,props_pageProps_match_matchInfo_games_0_playerGameStats_5_playerPerid,props_pageProps_match_matchInfo_games_0_playerGameStats_5_playerUrn,props_pageProps_match_matchInfo_games_0_playerGameStats_5_quadKills,props_pageProps_match_matchInfo_games_0_playerGameStats_5_role,props_pageProps_match_matchInfo_games_0_playerGameStats_5_side,props_pageProps_match_matchInfo_games_0_playerGameStats_5_soloKills,props_pageProps_match_matchInfo_games_0_playerGameStats_5_team,props_pageProps_match_matchInfo_games_0_playerGameStats_5_teamPerid,props_pageProps_match_matchInfo_games_0_playerGameStats_5_totalDamageTeamfights,props_pageProps_match_matchInfo_games_0_playerGameStats_5_totalGold,props_pageProps_match_matchInfo_games_0_playerGameStats_5_tripleKills,props_pageProps_match_matchInfo_games_0_playerGameStats_5_visionScore,props_pageProps_match_matchInfo_games_0_playerGameStats_5_wardsKilled,props_pageProps_match_matchInfo_games_0_playerGameStats_5_wardsPlaced,props_pageProps_match_matchInfo_games_0_playerGameStats_6___typename,props_pageProps_match_matchInfo_games_0_playerGameStats_6_assists,props_pageProps_match_matchInfo_games_0_playerGameStats_6_avgDamagePerTeamfight,props_pageProps_match_matchInfo_games_0_playerGameStats_6_avgMinsBetweenDeaths,props_pageProps_match_matchInfo_games_0_playerGameStats_6_avgMinsBetweenKills,props_pageProps_match_matchInfo_games_0_playerGameStats_6_bestOf,props_pageProps_match_matchInfo_games_0_playerGameStats_6_champion,props_pageProps_match_matchInfo_games_0_playerGameStats_6_currGame,props_pageProps_match_matchInfo_games_0_playerGameStats_6_deaths,props_pageProps_match_matchInfo_games_0_playerGameStats_6_dmgHealedOnTeamPerMin,props_pageProps_match_matchInfo_games_0_playerGameStats_6_dmgShieldedOnTeamPerMin,props_pageProps_match_matchInfo_games_0_playerGameStats_6_dmgToChampsPerMin,props_pageProps_match_matchInfo_games_0_playerGameStats_6_doubleKills,props_pageProps_match_matchInfo_games_0_playerGameStats_6_duoProx,props_pageProps_match_matchInfo_games_0_playerGameStats_6_firstBlood,props_pageProps_match_matchInfo_games_0_playerGameStats_6_gameUrn,props_pageProps_match_matchInfo_games_0_playerGameStats_6_goldAt15m,props_pageProps_match_matchInfo_games_0_playerGameStats_6_goldDiffAt15m,props_pageProps_match_matchInfo_games_0_playerGameStats_6_isoDeaths,props_pageProps_match_matchInfo_games_0_playerGameStats_6_jungleProx,props_pageProps_match_matchInfo_games_0_playerGameStats_6_kills,props_pageProps_match_matchInfo_games_0_playerGameStats_6_minionKills,props_pageProps_match_matchInfo_games_0_playerGameStats_6_neutralMinionKills,props_pageProps_match_matchInfo_games_0_playerGameStats_6_neutralMinionKillsEnemyJungle,props_pageProps_match_matchInfo_games_0_playerGameStats_6_neutralMinionKillsTeamJungle,props_pageProps_match_matchInfo_games_0_playerGameStats_6_numRecalls,props_pageProps_match_matchInfo_games_0_playerGameStats_6_pentaKills,props_pageProps_match_matchInfo_games_0_playerGameStats_6_percInMidLane,props_pageProps_match_matchInfo_games_0_playerGameStats_6_player,props_pageProps_match_matchInfo_games_0_playerGameStats_6_playerPerid,props_pageProps_match_matchInfo_games_0_playerGameStats_6_playerUrn,props_pageProps_match_matchInfo_games_0_playerGameStats_6_quadKills,props_pageProps_match_matchInfo_games_0_playerGameStats_6_role,props_pageProps_match_matchInfo_games_0_playerGameStats_6_side,props_pageProps_match_matchInfo_games_0_playerGameStats_6_soloKills,props_pageProps_match_matchInfo_games_0_playerGameStats_6_team,props_pageProps_match_matchInfo_games_0_playerGameStats_6_teamPerid,props_pageProps_match_matchInfo_games_0_playerGameStats_6_totalDamageTeamfights,props_pageProps_match_matchInfo_games_0_playerGameStats_6_totalGold,props_pageProps_match_matchInfo_games_0_playerGameStats_6_tripleKills,props_pageProps_match_matchInfo_games_0_playerGameStats_6_visionScore,props_pageProps_match_matchInfo_games_0_playerGameStats_6_wardsKilled,props_pageProps_match_matchInfo_games_0_playerGameStats_6_wardsPlaced,props_pageProps_match_matchInfo_games_0_playerGameStats_7___typename,props_pageProps_match_matchInfo_games_0_playerGameStats_7_assists,props_pageProps_match_matchInfo_games_0_playerGameStats_7_avgDamagePerTeamfight,props_pageProps_match_matchInfo_games_0_playerGameStats_7_avgMinsBetweenDeaths,props_pageProps_match_matchInfo_games_0_playerGameStats_7_avgMinsBetweenKills,props_pageProps_match_matchInfo_games_0_playerGameStats_7_bestOf,props_pageProps_match_matchInfo_games_0_playerGameStats_7_champion,props_pageProps_match_matchInfo_games_0_playerGameStats_7_currGame,props_pageProps_match_matchInfo_games_0_playerGameStats_7_deaths,props_pageProps_match_matchInfo_games_0_playerGameStats_7_dmgHealedOnTeamPerMin,props_pageProps_match_matchInfo_games_0_playerGameStats_7_dmgShieldedOnTeamPerMin,props_pageProps_match_matchInfo_games_0_playerGameStats_7_dmgToChampsPerMin,props_pageProps_match_matchInfo_games_0_playerGameStats_7_doubleKills,props_pageProps_match_matchInfo_games_0_playerGameStats_7_duoProx,props_pageProps_match_matchInfo_games_0_playerGameStats_7_firstBlood,props_pageProps_match_matchInfo_games_0_playerGameStats_7_gameUrn,props_pageProps_match_matchInfo_games_0_playerGameStats_7_goldAt15m,props_pageProps_match_matchInfo_games_0_playerGameStats_7_goldDiffAt15m,props_pageProps_match_matchInfo_games_0_playerGameStats_7_isoDeaths,props_pageProps_match_matchInfo_games_0_playerGameStats_7_jungleProx,props_pageProps_match_matchInfo_games_0_playerGameStats_7_kills,props_pageProps_match_matchInfo_games_0_playerGameStats_7_minionKills,props_pageProps_match_matchInfo_games_0_playerGameStats_7_neutralMinionKills,props_pageProps_match_matchInfo_games_0_playerGameStats_7_neutralMinionKillsEnemyJungle,props_pageProps_match_matchInfo_games_0_playerGameStats_7_neutralMinionKillsTeamJungle,props_pageProps_match_matchInfo_games_0_playerGameStats_7_numRecalls,props_pageProps_match_matchInfo_games_0_playerGameStats_7_pentaKills,props_pageProps_match_matchInfo_games_0_playerGameStats_7_percInMidLane,props_pageProps_match_matchInfo_games_0_playerGameStats_7_player,props_pageProps_match_matchInfo_games_0_playerGameStats_7_playerPerid,props_pageProps_match_matchInfo_games_0_playerGameStats_7_playerUrn,props_pageProps_match_matchInfo_games_0_playerGameStats_7_quadKills,props_pageProps_match_matchInfo_games_0_playerGameStats_7_role,props_pageProps_match_matchInfo_games_0_playerGameStats_7_side,props_pageProps_match_matchInfo_games_0_playerGameStats_7_soloKills,props_pageProps_match_matchInfo_games_0_playerGameStats_7_team,props_pageProps_match_matchInfo_games_0_playerGameStats_7_teamPerid,props_pageProps_match_matchInfo_games_0_playerGameStats_7_totalDamageTeamfights,props_pageProps_match_matchInfo_games_0_playerGameStats_7_totalGold,props_pageProps_match_matchInfo_games_0_playerGameStats_7_tripleKills,props_pageProps_match_matchInfo_games_0_playerGameStats_7_visionScore,props_pageProps_match_matchInfo_games_0_playerGameStats_7_wardsKilled,props_pageProps_match_matchInfo_games_0_playerGameStats_7_wardsPlaced,props_pageProps_match_matchInfo_games_0_playerGameStats_8___typename,props_pageProps_match_matchInfo_games_0_playerGameStats_8_assists,props_pageProps_match_matchInfo_games_0_playerGameStats_8_avgDamagePerTeamfight,props_pageProps_match_matchInfo_games_0_playerGameStats_8_avgMinsBetweenDeaths,props_pageProps_match_matchInfo_games_0_playerGameStats_8_avgMinsBetweenKills,props_pageProps_match_matchInfo_games_0_playerGameStats_8_bestOf,props_pageProps_match_matchInfo_games_0_playerGameStats_8_champion,props_pageProps_match_matchInfo_games_0_playerGameStats_8_currGame,props_pageProps_match_matchInfo_games_0_playerGameStats_8_deaths,props_pageProps_match_matchInfo_games_0_playerGameStats_8_dmgHealedOnTeamPerMin,props_pageProps_match_matchInfo_games_0_playerGameStats_8_dmgShieldedOnTeamPerMin,props_pageProps_match_matchInfo_games_0_playerGameStats_8_dmgToChampsPerMin,props_pageProps_match_matchInfo_games_0_playerGameStats_8_doubleKills,props_pageProps_match_matchInfo_games_0_playerGameStats_8_duoProx,props_pageProps_match_matchInfo_games_0_playerGameStats_8_firstBlood,props_pageProps_match_matchInfo_games_0_playerGameStats_8_gameUrn,props_pageProps_match_matchInfo_games_0_playerGameStats_8_goldAt15m,props_pageProps_match_matchInfo_games_0_playerGameStats_8_goldDiffAt15m,props_pageProps_match_matchInfo_games_0_playerGameStats_8_isoDeaths,props_pageProps_match_matchInfo_games_0_playerGameStats_8_jungleProx,props_pageProps_match_matchInfo_games_0_playerGameStats_8_kills,props_pageProps_match_matchInfo_games_0_playerGameStats_8_minionKills,props_pageProps_match_matchInfo_games_0_playerGameStats_8_neutralMinionKills,props_pageProps_match_matchInfo_games_0_playerGameStats_8_neutralMinionKillsEnemyJungle,props_pageProps_match_matchInfo_games_0_playerGameStats_8_neutralMinionKillsTeamJungle,props_pageProps_match_matchInfo_games_0_playerGameStats_8_numRecalls,props_pageProps_match_matchInfo_games_0_playerGameStats_8_pentaKills,props_pageProps_match_matchInfo_games_0_playerGameStats_8_percInMidLane,props_pageProps_match_matchInfo_games_0_playerGameStats_8_player,props_pageProps_match_matchInfo_games_0_playerGameStats_8_playerPerid,props_pageProps_match_matchInfo_games_0_playerGameStats_8_playerUrn,props_pageProps_match_matchInfo_games_0_playerGameStats_8_quadKills,props_pageProps_match_matchInfo_games_0_playerGameStats_8_role,props_pageProps_match_matchInfo_games_0_playerGameStats_8_side,props_pageProps_match_matchInfo_games_0_playerGameStats_8_soloKills,props_pageProps_match_matchInfo_games_0_playerGameStats_8_team,props_pageProps_match_matchInfo_games_0_playerGameStats_8_teamPerid,props_pageProps_match_matchInfo_games_0_playerGameStats_8_totalDamageTeamfights,props_pageProps_match_matchInfo_games_0_playerGameStats_8_totalGold,props_pageProps_match_matchInfo_games_0_playerGameStats_8_tripleKills,props_pageProps_match_matchInfo_games_0_playerGameStats_8_visionScore,props_pageProps_match_matchInfo_games_0_playerGameStats_8_wardsKilled,props_pageProps_match_matchInfo_games_0_playerGameStats_8_wardsPlaced,props_pageProps_match_matchInfo_games_0_playerGameStats_9___typename,props_pageProps_match_matchInfo_games_0_playerGameStats_9_assists,props_pageProps_match_matchInfo_games_0_playerGameStats_9_avgDamagePerTeamfight,props_pageProps_match_matchInfo_games_0_playerGameStats_9_avgMinsBetweenDeaths,props_pageProps_match_matchInfo_games_0_playerGameStats_9_avgMinsBetweenKills,props_pageProps_match_matchInfo_games_0_playerGameStats_9_bestOf,props_pageProps_match_matchInfo_games_0_playerGameStats_9_champion,props_pageProps_match_matchInfo_games_0_playerGameStats_9_currGame,props_pageProps_match_matchInfo_games_0_playerGameStats_9_deaths,props_pageProps_match_matchInfo_games_0_playerGameStats_9_dmgHealedOnTeamPerMin,props_pageProps_match_matchInfo_games_0_playerGameStats_9_dmgShieldedOnTeamPerMin,props_pageProps_match_matchInfo_games_0_playerGameStats_9_dmgToChampsPerMin,props_pageProps_match_matchInfo_games_0_playerGameStats_9_doubleKills,props_pageProps_match_matchInfo_games_0_playerGameStats_9_duoProx,props_pageProps_match_matchInfo_games_0_playerGameStats_9_firstBlood,props_pageProps_match_matchInfo_games_0_playerGameStats_9_gameUrn,props_pageProps_match_matchInfo_games_0_playerGameStats_9_goldAt15m,props_pageProps_match_matchInfo_games_0_playerGameStats_9_goldDiffAt15m,props_pageProps_match_matchInfo_games_0_playerGameStats_9_isoDeaths,props_pageProps_match_matchInfo_games_0_playerGameStats_9_jungleProx,props_pageProps_match_matchInfo_games_0_playerGameStats_9_kills,props_pageProps_match_matchInfo_games_0_playerGameStats_9_minionKills,props_pageProps_match_matchInfo_games_0_playerGameStats_9_neutralMinionKills,props_pageProps_match_matchInfo_games_0_playerGameStats_9_neutralMinionKillsEnemyJungle,props_pageProps_match_matchInfo_games_0_playerGameStats_9_neutralMinionKillsTeamJungle,props_pageProps_match_matchInfo_games_0_playerGameStats_9_numRecalls,props_pageProps_match_matchInfo_games_0_playerGameStats_9_pentaKills,props_pageProps_match_matchInfo_games_0_playerGameStats_9_percInMidLane,props_pageProps_match_matchInfo_games_0_playerGameStats_9_player,props_pageProps_match_matchInfo_games_0_playerGameStats_9_playerPerid,props_pageProps_match_matchInfo_games_0_playerGameStats_9_playerUrn,props_pageProps_match_matchInfo_games_0_playerGameStats_9_quadKills,props_pageProps_match_matchInfo_games_0_playerGameStats_9_role,props_pageProps_match_matchInfo_games_0_playerGameStats_9_side,props_pageProps_match_matchInfo_games_0_playerGameStats_9_soloKills,props_pageProps_match_matchInfo_games_0_playerGameStats_9_team,props_pageProps_match_matchInfo_games_0_playerGameStats_9_teamPerid,props_pageProps_match_matchInfo_games_0_playerGameStats_9_totalDamageTeamfights,props_pageProps_match_matchInfo_games_0_playerGameStats_9_totalGold,props_pageProps_match_matchInfo_games_0_playerGameStats_9_tripleKills,props_pageProps_match_matchInfo_games_0_playerGameStats_9_visionScore,props_pageProps_match_matchInfo_games_0_playerGameStats_9_wardsKilled,props_pageProps_match_matchInfo_games_0_playerGameStats_9_wardsPlaced,props_pageProps_match_matchInfo_games_0_rb1,props_pageProps_match_matchInfo_games_0_rb2,props_pageProps_match_matchInfo_games_0_rb3,props_pageProps_match_matchInfo_games_0_rb4,props_pageProps_match_matchInfo_games_0_rb5,props_pageProps_match_matchInfo_games_0_region,props_pageProps_match_matchInfo_games_0_rp1,props_pageProps_match_matchInfo_games_0_rp2,props_pageProps_match_matchInfo_games_0_rp3,props_pageProps_match_matchInfo_games_0_rp4,props_pageProps_match_matchInfo_games_0_rp5,props_pageProps_match_matchInfo_games_0_seriesCurr,props_pageProps_match_matchInfo_games_0_seriesMax,props_pageProps_match_matchInfo_games_0_seriesType,props_pageProps_match_matchInfo_games_0_snapshotPlayerStats_0___typename,props_pageProps_match_matchInfo_games_0_snapshotPlayerStats_0_alive,props_pageProps_match_matchInfo_games_0_snapshotPlayerStats_0_assists,props_pageProps_match_matchInfo_games_0_snapshotPlayerStats_0_ccReduction,props_pageProps_match_matchInfo_games_0_snapshotPlayerStats_0_champion,props_pageProps_match_matchInfo_games_0_snapshotPlayerStats_0_champsKilled,props_pageProps_match_matchInfo_games_0_snapshotPlayerStats_0_cooldownReduction,props_pageProps_match_matchInfo_games_0_snapshotPlayerStats_0_currentGold,props_pageProps_match_matchInfo_games_0_snapshotPlayerStats_0_deaths,props_pageProps_match_matchInfo_games_0_snapshotPlayerStats_0_eventDateTime,props_pageProps_match_matchInfo_games_0_snapshotPlayerStats_0_gameOver,props_pageProps_match_matchInfo_games_0_snapshotPlayerStats_0_gameTime,props_pageProps_match_matchInfo_games_0_snapshotPlayerStats_0_goldPerSecond,props_pageProps_match_matchInfo_games_0_snapshotPlayerStats_0_health,props_pageProps_match_matchInfo_games_0_snapshotPlayerStats_0_healthMax,props_pageProps_match_matchInfo_games_0_snapshotPlayerStats_0_item10Id,props_pageProps_match_matchInfo_games_0_snapshotPlayerStats_0_item11Id,props_pageProps_match_matchInfo_games_0_snapshotPlayerStats_0_item1Id,props_pageProps_match_matchInfo_games_0_snapshotPlayerStats_0_item2Id,props_pageProps_match_matchInfo_games_0_snapshotPlayerStats_0_item3Id,props_pageProps_match_matchInfo_games_0_snapshotPlayerStats_0_item4Id,props_pageProps_match_matchInfo_games_0_snapshotPlayerStats_0_item5Id,props_pageProps_match_matchInfo_games_0_snapshotPlayerStats_0_item6Id,props_pageProps_match_matchInfo_games_0_snapshotPlayerStats_0_item7Id,props_pageProps_match_matchInfo_games_0_snapshotPlayerStats_0_item8Id,props_pageProps_match_matchInfo_games_0_snapshotPlayerStats_0_item9Id,props_pageProps_match_matchInfo_games_0_snapshotPlayerStats_0_level,props_pageProps_match_matchInfo_games_0_snapshotPlayerStats_0_lifeSteal,props_pageProps_match_matchInfo_games_0_snapshotPlayerStats_0_minionsKilled,props_pageProps_match_matchInfo_games_0_snapshotPlayerStats_0_neutralMinionsKilled,props_pageProps_match_matchInfo_games_0_snapshotPlayerStats_0_neutralMinionsKilledEnemyJungle,props_pageProps_match_matchInfo_games_0_snapshotPlayerStats_0_neutralMinionsKilledYourJungle,props_pageProps_match_matchInfo_games_0_snapshotPlayerStats_0_paused,props_pageProps_match_matchInfo_games_0_snapshotPlayerStats_0_player,props_pageProps_match_matchInfo_games_0_snapshotPlayerStats_0_playerPerid,props_pageProps_match_matchInfo_games_0_snapshotPlayerStats_0_playerUrn,props_pageProps_match_matchInfo_games_0_snapshotPlayerStats_0_posX,props_pageProps_match_matchInfo_games_0_snapshotPlayerStats_0_posY,props_pageProps_match_matchInfo_games_0_snapshotPlayerStats_0_respawnTimer,props_pageProps_match_matchInfo_games_0_snapshotPlayerStats_0_rune1Id,props_pageProps_match_matchInfo_games_0_snapshotPlayerStats_0_rune2Id,props_pageProps_match_matchInfo_games_0_snapshotPlayerStats_0_rune3Id,props_pageProps_match_matchInfo_games_0_snapshotPlayerStats_0_rune4Id,props_pageProps_match_matchInfo_games_0_snapshotPlayerStats_0_rune5Id,props_pageProps_match_matchInfo_games_0_snapshotPlayerStats_0_rune6Id,props_pageProps_match_matchInfo_games_0_snapshotPlayerStats_0_spellVamp,props_pageProps_match_matchInfo_games_0_snapshotPlayerStats_0_summonerLevel,props_pageProps_match_matchInfo_games_0_snapshotPlayerStats_0_team,props_pageProps_match_matchInfo_games_0_snapshotPlayerStats_0_teamPerid,props_pageProps_match_matchInfo_games_0_snapshotPlayerStats_0_teamUrn,props_pageProps_match_matchInfo_games_0_snapshotPlayerStats_0_totalGold,props_pageProps_match_matchInfo_games_0_snapshotPlayerStats_0_trinket1Id,props_pageProps_match_matchInfo_games_0_snapshotPlayerStats_0_trinket2Id,props_pageProps_match_matchInfo_games_0_snapshotPlayerStats_0_trinket3Id,props_pageProps_match_matchInfo_games_0_snapshotPlayerStats_0_trinket4Id,props_pageProps_match_matchInfo_games_0_snapshotPlayerStats_0_trinket5Id,props_pageProps_match_matchInfo_games_0_snapshotPlayerStats_0_upsertAt,props_pageProps_match_matchInfo_games_0_snapshotPlayerStats_0_visionScore,props_pageProps_match_matchInfo_games_0_snapshotPlayerStats_0_wardsKilled,props_pageProps_match_matchInfo_games_0_snapshotPlayerStats_0_wardsPlaced,props_pageProps_match_matchInfo_games_0_snapshotPlayerStats_0_winningTeam,props_pageProps_match_matchInfo_games_0_snapshotPlayerStats_0_xp,props_pageProps_match_matchInfo_games_0_snapshotPlayerStats_1___typename,props_pageProps_match_matchInfo_games_0_snapshotPlayerStats_1_alive,props_pageProps_match_matchInfo_games_0_snapshotPlayerStats_1_assists,props_pageProps_match_matchInfo_games_0_snapshotPlayerStats_1_ccReduction,props_pageProps_match_matchInfo_games_0_snapshotPlayerStats_1_champion,props_pageProps_match_matchInfo_games_0_snapshotPlayerStats_1_champsKilled,props_pageProps_match_matchInfo_games_0_snapshotPlayerStats_1_cooldownReduction,props_pageProps_match_matchInfo_games_0_snapshotPlayerStats_1_currentGold,props_pageProps_match_matchInfo_games_0_snapshotPlayerStats_1_deaths,props_pageProps_match_matchInfo_games_0_snapshotPlayerStats_1_eventDateTime,props_pageProps_match_matchInfo_games_0_snapshotPlayerStats_1_gameOver,props_pageProps_match_matchInfo_games_0_snapshotPlayerStats_1_gameTime,props_pageProps_match_matchInfo_games_0_snapshotPlayerStats_1_goldPerSecond,props_pageProps_match_matchInfo_games_0_snapshotPlayerStats_1_health,props_pageProps_match_matchInfo_games_0_snapshotPlayerStats_1_healthMax,props_pageProps_match_matchInfo_games_0_snapshotPlayerStats_1_item10Id,props_pageProps_match_matchInfo_games_0_snapshotPlayerStats_1_item11Id,props_pageProps_match_matchInfo_games_0_snapshotPlayerStats_1_item1Id,props_pageProps_match_matchInfo_games_0_snapshotPlayerStats_1_item2Id,props_pageProps_match_matchInfo_games_0_snapshotPlayerStats_1_item3Id,props_pageProps_match_matchInfo_games_0_snapshotPlayerStats_1_item4Id,props_pageProps_match_matchInfo_games_0_snapshotPlayerStats_1_item5Id,props_pageProps_match_matchInfo_games_0_snapshotPlayerStats_1_item6Id,props_pageProps_match_matchInfo_games_0_snapshotPlayerStats_1_item7Id,props_pageProps_match_matchInfo_games_0_snapshotPlayerStats_1_item8Id,props_pageProps_match_matchInfo_games_0_snapshotPlayerStats_1_item9Id,props_pageProps_match_matchInfo_games_0_snapshotPlayerStats_1_level,props_pageProps_match_matchInfo_games_0_snapshotPlayerStats_1_lifeSteal,props_pageProps_match_matchInfo_games_0_snapshotPlayerStats_1_minionsKilled,props_pageProps_match_matchInfo_games_0_snapshotPlayerStats_1_neutralMinionsKilled,props_pageProps_match_matchInfo_games_0_snapshotPlayerStats_1_neutralMinionsKilledEnemyJungle,props_pageProps_match_matchInfo_games_0_snapshotPlayerStats_1_neutralMinionsKilledYourJungle,props_pageProps_match_matchInfo_games_0_snapshotPlayerStats_1_paused,props_pageProps_match_matchInfo_games_0_snapshotPlayerStats_1_player,props_pageProps_match_matchInfo_games_0_snapshotPlayerStats_1_playerPerid,props_pageProps_match_matchInfo_games_0_snapshotPlayerStats_1_playerUrn,props_pageProps_match_matchInfo_games_0_snapshotPlayerStats_1_posX,props_pageProps_match_matchInfo_games_0_snapshotPlayerStats_1_posY,props_pageProps_match_matchInfo_games_0_snapshotPlayerStats_1_respawnTimer,props_pageProps_match_matchInfo_games_0_snapshotPlayerStats_1_rune1Id,props_pageProps_match_matchInfo_games_0_snapshotPlayerStats_1_rune2Id,props_pageProps_match_matchInfo_games_0_snapshotPlayerStats_1_rune3Id,props_pageProps_match_matchInfo_games_0_snapshotPlayerStats_1_rune4Id,props_pageProps_match_matchInfo_games_0_snapshotPlayerStats_1_rune5Id,props_pageProps_match_matchInfo_games_0_snapshotPlayerStats_1_rune6Id,props_pageProps_match_matchInfo_games_0_snapshotPlayerStats_1_spellVamp,props_pageProps_match_matchInfo_games_0_snapshotPlayerStats_1_summonerLevel,props_pageProps_match_matchInfo_games_0_snapshotPlayerStats_1_team,props_pageProps_match_matchInfo_games_0_snapshotPlayerStats_1_teamPerid,props_pageProps_match_matchInfo_games_0_snapshotPlayerStats_1_teamUrn,props_pageProps_match_matchInfo_games_0_snapshotPlayerStats_1_totalGold,props_pageProps_match_matchInfo_games_0_snapshotPlayerStats_1_trinket1Id,props_pageProps_match_matchInfo_games_0_snapshotPlayerStats_1_trinket2Id,props_pageProps_match_matchInfo_games_0_snapshotPlayerStats_1_trinket3Id,props_pageProps_match_matchInfo_games_0_snapshotPlayerStats_1_trinket4Id,props_pageProps_match_matchInfo_games_0_snapshotPlayerStats_1_trinket5Id,props_pageProps_match_matchInfo_games_0_snapshotPlayerStats_1_upsertAt,props_pageProps_match_matchInfo_games_0_snapshotPlayerStats_1_visionScore,props_pageProps_match_matchInfo_games_0_snapshotPlayerStats_1_wardsKilled,props_pageProps_match_matchInfo_games_0_snapshotPlayerStats_1_wardsPlaced,props_pageProps_match_matchInfo_games_0_snapshotPlayerStats_1_winningTeam,props_pageProps_match_matchInfo_games_0_snapshotPlayerStats_1_xp,props_pageProps_match_matchInfo_games_0_snapshotPlayerStats_2___typename,props_pageProps_match_matchInfo_games_0_snapshotPlayerStats_2_alive,props_pageProps_match_matchInfo_games_0_snapshotPlayerStats_2_assists,props_pageProps_match_matchInfo_games_0_snapshotPlayerStats_2_ccReduction,props_pageProps_match_matchInfo_games_0_snapshotPlayerStats_2_champion,props_pageProps_match_matchInfo_games_0_snapshotPlayerStats_2_champsKilled,props_pageProps_match_matchInfo_games_0_snapshotPlayerStats_2_cooldownReduction,props_pageProps_match_matchInfo_games_0_snapshotPlayerStats_2_currentGold,props_pageProps_match_matchInfo_games_0_snapshotPlayerStats_2_deaths,props_pageProps_match_matchInfo_games_0_snapshotPlayerStats_2_eventDateTime,props_pageProps_match_matchInfo_games_0_snapshotPlayerStats_2_gameOver,props_pageProps_match_matchInfo_games_0_snapshotPlayerStats_2_gameTime,props_pageProps_match_matchInfo_games_0_snapshotPlayerStats_2_goldPerSecond,props_pageProps_match_matchInfo_games_0_snapshotPlayerStats_2_health,props_pageProps_match_matchInfo_games_0_snapshotPlayerStats_2_healthMax,props_pageProps_match_matchInfo_games_0_snapshotPlayerStats_2_item10Id,props_pageProps_match_matchInfo_games_0_snapshotPlayerStats_2_item11Id,props_pageProps_match_matchInfo_games_0_snapshotPlayerStats_2_item1Id,props_pageProps_match_matchInfo_games_0_snapshotPlayerStats_2_item2Id,props_pageProps_match_matchInfo_games_0_snapshotPlayerStats_2_item3Id,props_pageProps_match_matchInfo_games_0_snapshotPlayerStats_2_item4Id,props_pageProps_match_matchInfo_games_0_snapshotPlayerStats_2_item5Id,props_pageProps_match_matchInfo_games_0_snapshotPlayerStats_2_item6Id,props_pageProps_match_matchInfo_games_0_snapshotPlayerStats_2_item7Id,props_pageProps_match_matchInfo_games_0_snapshotPlayerStats_2_item8Id,props_pageProps_match_matchInfo_games_0_snapshotPlayerStats_2_item9Id,props_pageProps_match_matchInfo_games_0_snapshotPlayerStats_2_level,props_pageProps_match_matchInfo_games_0_snapshotPlayerStats_2_lifeSteal,props_pageProps_match_matchInfo_games_0_snapshotPlayerStats_2_minionsKilled,props_pageProps_match_matchInfo_games_0_snapshotPlayerStats_2_neutralMinionsKilled,props_pageProps_match_matchInfo_games_0_snapshotPlayerStats_2_neutralMinionsKilledEnemyJungle,props_pageProps_match_matchInfo_games_0_snapshotPlayerStats_2_neutralMinionsKilledYourJungle,props_pageProps_match_matchInfo_games_0_snapshotPlayerStats_2_paused,props_pageProps_match_matchInfo_games_0_snapshotPlayerStats_2_player,props_pageProps_match_matchInfo_games_0_snapshotPlayerStats_2_playerPerid,props_pageProps_match_matchInfo_games_0_snapshotPlayerStats_2_playerUrn,props_pageProps_match_matchInfo_games_0_snapshotPlayerStats_2_posX,props_pageProps_match_matchInfo_games_0_snapshotPlayerStats_2_posY,props_pageProps_match_matchInfo_games_0_snapshotPlayerStats_2_respawnTimer,props_pageProps_match_matchInfo_games_0_snapshotPlayerStats_2_rune1Id,props_pageProps_match_matchInfo_games_0_snapshotPlayerStats_2_rune2Id,props_pageProps_match_matchInfo_games_0_snapshotPlayerStats_2_rune3Id,props_pageProps_match_matchInfo_games_0_snapshotPlayerStats_2_rune4Id,props_pageProps_match_matchInfo_games_0_snapshotPlayerStats_2_rune5Id,props_pageProps_match_matchInfo_games_0_snapshotPlayerStats_2_rune6Id,props_pageProps_match_matchInfo_games_0_snapshotPlayerStats_2_spellVamp,props_pageProps_match_matchInfo_games_0_snapshotPlayerStats_2_summonerLevel,props_pageProps_match_matchInfo_games_0_snapshotPlayerStats_2_team,props_pageProps_match_matchInfo_games_0_snapshotPlayerStats_2_teamPerid,props_pageProps_match_matchInfo_games_0_snapshotPlayerStats_2_teamUrn,props_pageProps_match_matchInfo_games_0_snapshotPlayerStats_2_totalGold,props_pageProps_match_matchInfo_games_0_snapshotPlayerStats_2_trinket1Id,props_pageProps_match_matchInfo_games_0_snapshotPlayerStats_2_trinket2Id,props_pageProps_match_matchInfo_games_0_snapshotPlayerStats_2_trinket3Id,props_pageProps_match_matchInfo_games_0_snapshotPlayerStats_2_trinket4Id,props_pageProps_match_matchInfo_games_0_snapshotPlayerStats_2_trinket5Id,props_pageProps_match_matchInfo_games_0_snapshotPlayerStats_2_upsertAt,props_pageProps_match_matchInfo_games_0_snapshotPlayerStats_2_visionScore,props_pageProps_match_matchInfo_games_0_snapshotPlayerStats_2_wardsKilled,props_pageProps_match_matchInfo_games_0_snapshotPlayerStats_2_wardsPlaced,props_pageProps_match_matchInfo_games_0_snapshotPlayerStats_2_winningTeam,props_pageProps_match_matchInfo_games_0_snapshotPlayerStats_2_xp,props_pageProps_match_matchInfo_games_0_snapshotPlayerStats_3___typename,props_pageProps_match_matchInfo_games_0_snapshotPlayerStats_3_alive,props_pageProps_match_matchInfo_games_0_snapshotPlayerStats_3_assists,props_pageProps_match_matchInfo_games_0_snapshotPlayerStats_3_ccReduction,props_pageProps_match_matchInfo_games_0_snapshotPlayerStats_3_champion,props_pageProps_match_matchInfo_games_0_snapshotPlayerStats_3_champsKilled,props_pageProps_match_matchInfo_games_0_snapshotPlayerStats_3_cooldownReduction,props_pageProps_match_matchInfo_games_0_snapshotPlayerStats_3_currentGold,props_pageProps_match_matchInfo_games_0_snapshotPlayerStats_3_deaths,props_pageProps_match_matchInfo_games_0_snapshotPlayerStats_3_eventDateTime,props_pageProps_match_matchInfo_games_0_snapshotPlayerStats_3_gameOver,props_pageProps_match_matchInfo_games_0_snapshotPlayerStats_3_gameTime,props_pageProps_match_matchInfo_games_0_snapshotPlayerStats_3_goldPerSecond,props_pageProps_match_matchInfo_games_0_snapshotPlayerStats_3_health,props_pageProps_match_matchInfo_games_0_snapshotPlayerStats_3_healthMax,props_pageProps_match_matchInfo_games_0_snapshotPlayerStats_3_item10Id,props_pageProps_match_matchInfo_games_0_snapshotPlayerStats_3_item11Id,props_pageProps_match_matchInfo_games_0_snapshotPlayerStats_3_item1Id,props_pageProps_match_matchInfo_games_0_snapshotPlayerStats_3_item2Id,props_pageProps_match_matchInfo_games_0_snapshotPlayerStats_3_item3Id,props_pageProps_match_matchInfo_games_0_snapshotPlayerStats_3_item4Id,props_pageProps_match_matchInfo_games_0_snapshotPlayerStats_3_item5Id,props_pageProps_match_matchInfo_games_0_snapshotPlayerStats_3_item6Id,props_pageProps_match_matchInfo_games_0_snapshotPlayerStats_3_item7Id,props_pageProps_match_matchInfo_games_0_snapshotPlayerStats_3_item8Id,props_pageProps_match_matchInfo_games_0_snapshotPlayerStats_3_item9Id,props_pageProps_match_matchInfo_games_0_snapshotPlayerStats_3_level,props_pageProps_match_matchInfo_games_0_snapshotPlayerStats_3_lifeSteal,props_pageProps_match_matchInfo_games_0_snapshotPlayerStats_3_minionsKilled,props_pageProps_match_matchInfo_games_0_snapshotPlayerStats_3_neutralMinionsKilled,props_pageProps_match_matchInfo_games_0_snapshotPlayerStats_3_neutralMinionsKilledEnemyJungle,props_pageProps_match_matchInfo_games_0_snapshotPlayerStats_3_neutralMinionsKilledYourJungle,props_pageProps_match_matchInfo_games_0_snapshotPlayerStats_3_paused,props_pageProps_match_matchInfo_games_0_snapshotPlayerStats_3_player,props_pageProps_match_matchInfo_games_0_snapshotPlayerStats_3_playerPerid,props_pageProps_match_matchInfo_games_0_snapshotPlayerStats_3_playerUrn,props_pageProps_match_matchInfo_games_0_snapshotPlayerStats_3_posX,props_pageProps_match_matchInfo_games_0_snapshotPlayerStats_3_posY,props_pageProps_match_matchInfo_games_0_snapshotPlayerStats_3_respawnTimer,props_pageProps_match_matchInfo_games_0_snapshotPlayerStats_3_rune1Id,props_pageProps_match_matchInfo_games_0_snapshotPlayerStats_3_rune2Id,props_pageProps_match_matchInfo_games_0_snapshotPlayerStats_3_rune3Id,props_pageProps_match_matchInfo_games_0_snapshotPlayerStats_3_rune4Id,props_pageProps_match_matchInfo_games_0_snapshotPlayerStats_3_rune5Id,props_pageProps_match_matchInfo_games_0_snapshotPlayerStats_3_rune6Id,props_pageProps_match_matchInfo_games_0_snapshotPlayerStats_3_spellVamp,props_pageProps_match_matchInfo_games_0_snapshotPlayerStats_3_summonerLevel,props_pageProps_match_matchInfo_games_0_snapshotPlayerStats_3_team,props_pageProps_match_matchInfo_games_0_snapshotPlayerStats_3_teamPerid,props_pageProps_match_matchInfo_games_0_snapshotPlayerStats_3_teamUrn,props_pageProps_match_matchInfo_games_0_snapshotPlayerStats_3_totalGold,props_pageProps_match_matchInfo_games_0_snapshotPlayerStats_3_trinket1Id,props_pageProps_match_matchInfo_games_0_snapshotPlayerStats_3_trinket2Id,props_pageProps_match_matchInfo_games_0_snapshotPlayerStats_3_trinket3Id,props_pageProps_match_matchInfo_games_0_snapshotPlayerStats_3_trinket4Id,props_pageProps_match_matchInfo_games_0_snapshotPlayerStats_3_trinket5Id,props_pageProps_match_matchInfo_games_0_snapshotPlayerStats_3_upsertAt,props_pageProps_match_matchInfo_games_0_snapshotPlayerStats_3_visionScore,props_pageProps_match_matchInfo_games_0_snapshotPlayerStats_3_wardsKilled,props_pageProps_match_matchInfo_games_0_snapshotPlayerStats_3_wardsPlaced,props_pageProps_match_matchInfo_games_0_snapshotPlayerStats_3_winningTeam,props_pageProps_match_matchInfo_games_0_snapshotPlayerStats_3_xp,props_pageProps_match_matchInfo_games_0_snapshotPlayerStats_4___typename,props_pageProps_match_matchInfo_games_0_snapshotPlayerStats_4_alive,props_pageProps_match_matchInfo_games_0_snapshotPlayerStats_4_assists,props_pageProps_match_matchInfo_games_0_snapshotPlayerStats_4_ccReduction,props_pageProps_match_matchInfo_games_0_snapshotPlayerStats_4_champion,props_pageProps_match_matchInfo_games_0_snapshotPlayerStats_4_champsKilled,props_pageProps_match_matchInfo_games_0_snapshotPlayerStats_4_cooldownReduction,props_pageProps_match_matchInfo_games_0_snapshotPlayerStats_4_currentGold,props_pageProps_match_matchInfo_games_0_snapshotPlayerStats_4_deaths,props_pageProps_match_matchInfo_games_0_snapshotPlayerStats_4_eventDateTime,props_pageProps_match_matchInfo_games_0_snapshotPlayerStats_4_gameOver,props_pageProps_match_matchInfo_games_0_snapshotPlayerStats_4_gameTime,props_pageProps_match_matchInfo_games_0_snapshotPlayerStats_4_goldPerSecond,props_pageProps_match_matchInfo_games_0_snapshotPlayerStats_4_health,props_pageProps_match_matchInfo_games_0_snapshotPlayerStats_4_healthMax,props_pageProps_match_matchInfo_games_0_snapshotPlayerStats_4_item10Id,props_pageProps_match_matchInfo_games_0_snapshotPlayerStats_4_item11Id,props_pageProps_match_matchInfo_games_0_snapshotPlayerStats_4_item1Id,props_pageProps_match_matchInfo_games_0_snapshotPlayerStats_4_item2Id,props_pageProps_match_matchInfo_games_0_snapshotPlayerStats_4_item3Id,props_pageProps_match_matchInfo_games_0_snapshotPlayerStats_4_item4Id,props_pageProps_match_matchInfo_games_0_snapshotPlayerStats_4_item5Id,props_pageProps_match_matchInfo_games_0_snapshotPlayerStats_4_item6Id,props_pageProps_match_matchInfo_games_0_snapshotPlayerStats_4_item7Id,props_pageProps_match_matchInfo_games_0_snapshotPlayerStats_4_item8Id,props_pageProps_match_matchInfo_games_0_snapshotPlayerStats_4_item9Id,props_pageProps_match_matchInfo_games_0_snapshotPlayerStats_4_level,props_pageProps_match_matchInfo_games_0_snapshotPlayerStats_4_lifeSteal,props_pageProps_match_matchInfo_games_0_snapshotPlayerStats_4_minionsKilled,props_pageProps_match_matchInfo_games_0_snapshotPlayerStats_4_neutralMinionsKilled,props_pageProps_match_matchInfo_games_0_snapshotPlayerStats_4_neutralMinionsKilledEnemyJungle,props_pageProps_match_matchInfo_games_0_snapshotPlayerStats_4_neutralMinionsKilledYourJungle,props_pageProps_match_matchInfo_games_0_snapshotPlayerStats_4_paused,props_pageProps_match_matchInfo_games_0_snapshotPlayerStats_4_player,props_pageProps_match_matchInfo_games_0_snapshotPlayerStats_4_playerPerid,props_pageProps_match_matchInfo_games_0_snapshotPlayerStats_4_playerUrn,props_pageProps_match_matchInfo_games_0_snapshotPlayerStats_4_posX,props_pageProps_match_matchInfo_games_0_snapshotPlayerStats_4_posY,props_pageProps_match_matchInfo_games_0_snapshotPlayerStats_4_respawnTimer,props_pageProps_match_matchInfo_games_0_snapshotPlayerStats_4_rune1Id,props_pageProps_match_matchInfo_games_0_snapshotPlayerStats_4_rune2Id,props_pageProps_match_matchInfo_games_0_snapshotPlayerStats_4_rune3Id,props_pageProps_match_matchInfo_games_0_snapshotPlayerStats_4_rune4Id,props_pageProps_match_matchInfo_games_0_snapshotPlayerStats_4_rune5Id,props_pageProps_match_matchInfo_games_0_snapshotPlayerStats_4_rune6Id,props_pageProps_match_matchInfo_games_0_snapshotPlayerStats_4_spellVamp,props_pageProps_match_matchInfo_games_0_snapshotPlayerStats_4_summonerLevel,props_pageProps_match_matchInfo_games_0_snapshotPlayerStats_4_team,props_pageProps_match_matchInfo_games_0_snapshotPlayerStats_4_teamPerid,props_pageProps_match_matchInfo_games_0_snapshotPlayerStats_4_teamUrn,props_pageProps_match_matchInfo_games_0_snapshotPlayerStats_4_totalGold,props_pageProps_match_matchInfo_games_0_snapshotPlayerStats_4_trinket1Id,props_pageProps_match_matchInfo_games_0_snapshotPlayerStats_4_trinket2Id,props_pageProps_match_matchInfo_games_0_snapshotPlayerStats_4_trinket3Id,props_pageProps_match_matchInfo_games_0_snapshotPlayerStats_4_trinket4Id,props_pageProps_match_matchInfo_games_0_snapshotPlayerStats_4_trinket5Id,props_pageProps_match_matchInfo_games_0_snapshotPlayerStats_4_upsertAt,props_pageProps_match_matchInfo_games_0_snapshotPlayerStats_4_visionScore,props_pageProps_match_matchInfo_games_0_snapshotPlayerStats_4_wardsKilled,props_pageProps_match_matchInfo_games_0_snapshotPlayerStats_4_wardsPlaced,props_pageProps_match_matchInfo_games_0_snapshotPlayerStats_4_winningTeam,props_pageProps_match_matchInfo_games_0_snapshotPlayerStats_4_xp,props_pageProps_match_matchInfo_games_0_snapshotPlayerStats_5___typename,props_pageProps_match_matchInfo_games_0_snapshotPlayerStats_5_alive,props_pageProps_match_matchInfo_games_0_snapshotPlayerStats_5_assists,props_pageProps_match_matchInfo_games_0_snapshotPlayerStats_5_ccReduction,props_pageProps_match_matchInfo_games_0_snapshotPlayerStats_5_champion,props_pageProps_match_matchInfo_games_0_snapshotPlayerStats_5_champsKilled,props_pageProps_match_matchInfo_games_0_snapshotPlayerStats_5_cooldownReduction,props_pageProps_match_matchInfo_games_0_snapshotPlayerStats_5_currentGold,props_pageProps_match_matchInfo_games_0_snapshotPlayerStats_5_deaths,props_pageProps_match_matchInfo_games_0_snapshotPlayerStats_5_eventDateTime,props_pageProps_match_matchInfo_games_0_snapshotPlayerStats_5_gameOver,props_pageProps_match_matchInfo_games_0_snapshotPlayerStats_5_gameTime,props_pageProps_match_matchInfo_games_0_snapshotPlayerStats_5_goldPerSecond,props_pageProps_match_matchInfo_games_0_snapshotPlayerStats_5_health,props_pageProps_match_matchInfo_games_0_snapshotPlayerStats_5_healthMax,props_pageProps_match_matchInfo_games_0_snapshotPlayerStats_5_item10Id,props_pageProps_match_matchInfo_games_0_snapshotPlayerStats_5_item11Id,props_pageProps_match_matchInfo_games_0_snapshotPlayerStats_5_item1Id,props_pageProps_match_matchInfo_games_0_snapshotPlayerStats_5_item2Id,props_pageProps_match_matchInfo_games_0_snapshotPlayerStats_5_item3Id,props_pageProps_match_matchInfo_games_0_snapshotPlayerStats_5_item4Id,props_pageProps_match_matchInfo_games_0_snapshotPlayerStats_5_item5Id,props_pageProps_match_matchInfo_games_0_snapshotPlayerStats_5_item6Id,props_pageProps_match_matchInfo_games_0_snapshotPlayerStats_5_item7Id,props_pageProps_match_matchInfo_games_0_snapshotPlayerStats_5_item8Id,props_pageProps_match_matchInfo_games_0_snapshotPlayerStats_5_item9Id,props_pageProps_match_matchInfo_games_0_snapshotPlayerStats_5_level,props_pageProps_match_matchInfo_games_0_snapshotPlayerStats_5_lifeSteal,props_pageProps_match_matchInfo_games_0_snapshotPlayerStats_5_minionsKilled,props_pageProps_match_matchInfo_games_0_snapshotPlayerStats_5_neutralMinionsKilled,props_pageProps_match_matchInfo_games_0_snapshotPlayerStats_5_neutralMinionsKilledEnemyJungle,props_pageProps_match_matchInfo_games_0_snapshotPlayerStats_5_neutralMinionsKilledYourJungle,props_pageProps_match_matchInfo_games_0_snapshotPlayerStats_5_paused,props_pageProps_match_matchInfo_games_0_snapshotPlayerStats_5_player,props_pageProps_match_matchInfo_games_0_snapshotPlayerStats_5_playerPerid,props_pageProps_match_matchInfo_games_0_snapshotPlayerStats_5_playerUrn,props_pageProps_match_matchInfo_games_0_snapshotPlayerStats_5_posX,props_pageProps_match_matchInfo_games_0_snapshotPlayerStats_5_posY,props_pageProps_match_matchInfo_games_0_snapshotPlayerStats_5_respawnTimer,props_pageProps_match_matchInfo_games_0_snapshotPlayerStats_5_rune1Id,props_pageProps_match_matchInfo_games_0_snapshotPlayerStats_5_rune2Id,props_pageProps_match_matchInfo_games_0_snapshotPlayerStats_5_rune3Id,props_pageProps_match_matchInfo_games_0_snapshotPlayerStats_5_rune4Id,props_pageProps_match_matchInfo_games_0_snapshotPlayerStats_5_rune5Id,props_pageProps_match_matchInfo_games_0_snapshotPlayerStats_5_rune6Id,props_pageProps_match_matchInfo_games_0_snapshotPlayerStats_5_spellVamp,props_pageProps_match_matchInfo_games_0_snapshotPlayerStats_5_summonerLevel,props_pageProps_match_matchInfo_games_0_snapshotPlayerStats_5_team,props_pageProps_match_matchInfo_games_0_snapshotPlayerStats_5_teamPerid,props_pageProps_match_matchInfo_games_0_snapshotPlayerStats_5_teamUrn,props_pageProps_match_matchInfo_games_0_snapshotPlayerStats_5_totalGold,props_pageProps_match_matchInfo_games_0_snapshotPlayerStats_5_trinket1Id,props_pageProps_match_matchInfo_games_0_snapshotPlayerStats_5_trinket2Id,props_pageProps_match_matchInfo_games_0_snapshotPlayerStats_5_trinket3Id,props_pageProps_match_matchInfo_games_0_snapshotPlayerStats_5_trinket4Id,props_pageProps_match_matchInfo_games_0_snapshotPlayerStats_5_trinket5Id,props_pageProps_match_matchInfo_games_0_snapshotPlayerStats_5_upsertAt,props_pageProps_match_matchInfo_games_0_snapshotPlayerStats_5_visionScore,props_pageProps_match_matchInfo_games_0_snapshotPlayerStats_5_wardsKilled,props_pageProps_match_matchInfo_games_0_snapshotPlayerStats_5_wardsPlaced,props_pageProps_match_matchInfo_games_0_snapshotPlayerStats_5_winningTeam,props_pageProps_match_matchInfo_games_0_snapshotPlayerStats_5_xp,props_pageProps_match_matchInfo_games_0_snapshotPlayerStats_6___typename,props_pageProps_match_matchInfo_games_0_snapshotPlayerStats_6_alive,props_pageProps_match_matchInfo_games_0_snapshotPlayerStats_6_assists,props_pageProps_match_matchInfo_games_0_snapshotPlayerStats_6_ccReduction,props_pageProps_match_matchInfo_games_0_snapshotPlayerStats_6_champion,props_pageProps_match_matchInfo_games_0_snapshotPlayerStats_6_champsKilled,props_pageProps_match_matchInfo_games_0_snapshotPlayerStats_6_cooldownReduction,props_pageProps_match_matchInfo_games_0_snapshotPlayerStats_6_currentGold,props_pageProps_match_matchInfo_games_0_snapshotPlayerStats_6_deaths,props_pageProps_match_matchInfo_games_0_snapshotPlayerStats_6_eventDateTime,props_pageProps_match_matchInfo_games_0_snapshotPlayerStats_6_gameOver,props_pageProps_match_matchInfo_games_0_snapshotPlayerStats_6_gameTime,props_pageProps_match_matchInfo_games_0_snapshotPlayerStats_6_goldPerSecond,props_pageProps_match_matchInfo_games_0_snapshotPlayerStats_6_health,props_pageProps_match_matchInfo_games_0_snapshotPlayerStats_6_healthMax,props_pageProps_match_matchInfo_games_0_snapshotPlayerStats_6_item10Id,props_pageProps_match_matchInfo_games_0_snapshotPlayerStats_6_item11Id,props_pageProps_match_matchInfo_games_0_snapshotPlayerStats_6_item1Id,props_pageProps_match_matchInfo_games_0_snapshotPlayerStats_6_item2Id,props_pageProps_match_matchInfo_games_0_snapshotPlayerStats_6_item3Id,props_pageProps_match_matchInfo_games_0_snapshotPlayerStats_6_item4Id,props_pageProps_match_matchInfo_games_0_snapshotPlayerStats_6_item5Id,props_pageProps_match_matchInfo_games_0_snapshotPlayerStats_6_item6Id,props_pageProps_match_matchInfo_games_0_snapshotPlayerStats_6_item7Id,props_pageProps_match_matchInfo_games_0_snapshotPlayerStats_6_item8Id,props_pageProps_match_matchInfo_games_0_snapshotPlayerStats_6_item9Id,props_pageProps_match_matchInfo_games_0_snapshotPlayerStats_6_level,props_pageProps_match_matchInfo_games_0_snapshotPlayerStats_6_lifeSteal,props_pageProps_match_matchInfo_games_0_snapshotPlayerStats_6_minionsKilled,props_pageProps_match_matchInfo_games_0_snapshotPlayerStats_6_neutralMinionsKilled,props_pageProps_match_matchInfo_games_0_snapshotPlayerStats_6_neutralMinionsKilledEnemyJungle,props_pageProps_match_matchInfo_games_0_snapshotPlayerStats_6_neutralMinionsKilledYourJungle,props_pageProps_match_matchInfo_games_0_snapshotPlayerStats_6_paused,props_pageProps_match_matchInfo_games_0_snapshotPlayerStats_6_player,props_pageProps_match_matchInfo_games_0_snapshotPlayerStats_6_playerPerid,props_pageProps_match_matchInfo_games_0_snapshotPlayerStats_6_playerUrn,props_pageProps_match_matchInfo_games_0_snapshotPlayerStats_6_posX,props_pageProps_match_matchInfo_games_0_snapshotPlayerStats_6_posY,props_pageProps_match_matchInfo_games_0_snapshotPlayerStats_6_respawnTimer,props_pageProps_match_matchInfo_games_0_snapshotPlayerStats_6_rune1Id,props_pageProps_match_matchInfo_games_0_snapshotPlayerStats_6_rune2Id,props_pageProps_match_matchInfo_games_0_snapshotPlayerStats_6_rune3Id,props_pageProps_match_matchInfo_games_0_snapshotPlayerStats_6_rune4Id,props_pageProps_match_matchInfo_games_0_snapshotPlayerStats_6_rune5Id,props_pageProps_match_matchInfo_games_0_snapshotPlayerStats_6_rune6Id,props_pageProps_match_matchInfo_games_0_snapshotPlayerStats_6_spellVamp,props_pageProps_match_matchInfo_games_0_snapshotPlayerStats_6_summonerLevel,props_pageProps_match_matchInfo_games_0_snapshotPlayerStats_6_team,props_pageProps_match_matchInfo_games_0_snapshotPlayerStats_6_teamPerid,props_pageProps_match_matchInfo_games_0_snapshotPlayerStats_6_teamUrn,props_pageProps_match_matchInfo_games_0_snapshotPlayerStats_6_totalGold,props_pageProps_match_matchInfo_games_0_snapshotPlayerStats_6_trinket1Id,props_pageProps_match_matchInfo_games_0_snapshotPlayerStats_6_trinket2Id,props_pageProps_match_matchInfo_games_0_snapshotPlayerStats_6_trinket3Id,props_pageProps_match_matchInfo_games_0_snapshotPlayerStats_6_trinket4Id,props_pageProps_match_matchInfo_games_0_snapshotPlayerStats_6_trinket5Id,props_pageProps_match_matchInfo_games_0_snapshotPlayerStats_6_upsertAt,props_pageProps_match_matchInfo_games_0_snapshotPlayerStats_6_visionScore,props_pageProps_match_matchInfo_games_0_snapshotPlayerStats_6_wardsKilled,props_pageProps_match_matchInfo_games_0_snapshotPlayerStats_6_wardsPlaced,props_pageProps_match_matchInfo_games_0_snapshotPlayerStats_6_winningTeam,props_pageProps_match_matchInfo_games_0_snapshotPlayerStats_6_xp,props_pageProps_match_matchInfo_games_0_snapshotPlayerStats_7___typename,props_pageProps_match_matchInfo_games_0_snapshotPlayerStats_7_alive,props_pageProps_match_matchInfo_games_0_snapshotPlayerStats_7_assists,props_pageProps_match_matchInfo_games_0_snapshotPlayerStats_7_ccReduction,props_pageProps_match_matchInfo_games_0_snapshotPlayerStats_7_champion,props_pageProps_match_matchInfo_games_0_snapshotPlayerStats_7_champsKilled,props_pageProps_match_matchInfo_games_0_snapshotPlayerStats_7_cooldownReduction,props_pageProps_match_matchInfo_games_0_snapshotPlayerStats_7_currentGold,props_pageProps_match_matchInfo_games_0_snapshotPlayerStats_7_deaths,props_pageProps_match_matchInfo_games_0_snapshotPlayerStats_7_eventDateTime,props_pageProps_match_matchInfo_games_0_snapshotPlayerStats_7_gameOver,props_pageProps_match_matchInfo_games_0_snapshotPlayerStats_7_gameTime,props_pageProps_match_matchInfo_games_0_snapshotPlayerStats_7_goldPerSecond,props_pageProps_match_matchInfo_games_0_snapshotPlayerStats_7_health,props_pageProps_match_matchInfo_games_0_snapshotPlayerStats_7_healthMax,props_pageProps_match_matchInfo_games_0_snapshotPlayerStats_7_item10Id,props_pageProps_match_matchInfo_games_0_snapshotPlayerStats_7_item11Id,props_pageProps_match_matchInfo_games_0_snapshotPlayerStats_7_item1Id,props_pageProps_match_matchInfo_games_0_snapshotPlayerStats_7_item2Id,props_pageProps_match_matchInfo_games_0_snapshotPlayerStats_7_item3Id,props_pageProps_match_matchInfo_games_0_snapshotPlayerStats_7_item4Id,props_pageProps_match_matchInfo_games_0_snapshotPlayerStats_7_item5Id,props_pageProps_match_matchInfo_games_0_snapshotPlayerStats_7_item6Id,props_pageProps_match_matchInfo_games_0_snapshotPlayerStats_7_item7Id,props_pageProps_match_matchInfo_games_0_snapshotPlayerStats_7_item8Id,props_pageProps_match_matchInfo_games_0_snapshotPlayerStats_7_item9Id,props_pageProps_match_matchInfo_games_0_snapshotPlayerStats_7_level,props_pageProps_match_matchInfo_games_0_snapshotPlayerStats_7_lifeSteal,props_pageProps_match_matchInfo_games_0_snapshotPlayerStats_7_minionsKilled,props_pageProps_match_matchInfo_games_0_snapshotPlayerStats_7_neutralMinionsKilled,props_pageProps_match_matchInfo_games_0_snapshotPlayerStats_7_neutralMinionsKilledEnemyJungle,props_pageProps_match_matchInfo_games_0_snapshotPlayerStats_7_neutralMinionsKilledYourJungle,props_pageProps_match_matchInfo_games_0_snapshotPlayerStats_7_paused,props_pageProps_match_matchInfo_games_0_snapshotPlayerStats_7_player,props_pageProps_match_matchInfo_games_0_snapshotPlayerStats_7_playerPerid,props_pageProps_match_matchInfo_games_0_snapshotPlayerStats_7_playerUrn,props_pageProps_match_matchInfo_games_0_snapshotPlayerStats_7_posX,props_pageProps_match_matchInfo_games_0_snapshotPlayerStats_7_posY,props_pageProps_match_matchInfo_games_0_snapshotPlayerStats_7_respawnTimer,props_pageProps_match_matchInfo_games_0_snapshotPlayerStats_7_rune1Id,props_pageProps_match_matchInfo_games_0_snapshotPlayerStats_7_rune2Id,props_pageProps_match_matchInfo_games_0_snapshotPlayerStats_7_rune3Id,props_pageProps_match_matchInfo_games_0_snapshotPlayerStats_7_rune4Id,props_pageProps_match_matchInfo_games_0_snapshotPlayerStats_7_rune5Id,props_pageProps_match_matchInfo_games_0_snapshotPlayerStats_7_rune6Id,props_pageProps_match_matchInfo_games_0_snapshotPlayerStats_7_spellVamp,props_pageProps_match_matchInfo_games_0_snapshotPlayerStats_7_summonerLevel,props_pageProps_match_matchInfo_games_0_snapshotPlayerStats_7_team,props_pageProps_match_matchInfo_games_0_snapshotPlayerStats_7_teamPerid,props_pageProps_match_matchInfo_games_0_snapshotPlayerStats_7_teamUrn,props_pageProps_match_matchInfo_games_0_snapshotPlayerStats_7_totalGold,props_pageProps_match_matchInfo_games_0_snapshotPlayerStats_7_trinket1Id,props_pageProps_match_matchInfo_games_0_snapshotPlayerStats_7_trinket2Id,props_pageProps_match_matchInfo_games_0_snapshotPlayerStats_7_trinket3Id,props_pageProps_match_matchInfo_games_0_snapshotPlayerStats_7_trinket4Id,props_pageProps_match_matchInfo_games_0_snapshotPlayerStats_7_trinket5Id,props_pageProps_match_matchInfo_games_0_snapshotPlayerStats_7_upsertAt,props_pageProps_match_matchInfo_games_0_snapshotPlayerStats_7_visionScore,props_pageProps_match_matchInfo_games_0_snapshotPlayerStats_7_wardsKilled,props_pageProps_match_matchInfo_games_0_snapshotPlayerStats_7_wardsPlaced,props_pageProps_match_matchInfo_games_0_snapshotPlayerStats_7_winningTeam,props_pageProps_match_matchInfo_games_0_snapshotPlayerStats_7_xp,props_pageProps_match_matchInfo_games_0_snapshotPlayerStats_8___typename,props_pageProps_match_matchInfo_games_0_snapshotPlayerStats_8_alive,props_pageProps_match_matchInfo_games_0_snapshotPlayerStats_8_assists,props_pageProps_match_matchInfo_games_0_snapshotPlayerStats_8_ccReduction,props_pageProps_match_matchInfo_games_0_snapshotPlayerStats_8_champion,props_pageProps_match_matchInfo_games_0_snapshotPlayerStats_8_champsKilled,props_pageProps_match_matchInfo_games_0_snapshotPlayerStats_8_cooldownReduction,props_pageProps_match_matchInfo_games_0_snapshotPlayerStats_8_currentGold,props_pageProps_match_matchInfo_games_0_snapshotPlayerStats_8_deaths,props_pageProps_match_matchInfo_games_0_snapshotPlayerStats_8_eventDateTime,props_pageProps_match_matchInfo_games_0_snapshotPlayerStats_8_gameOver,props_pageProps_match_matchInfo_games_0_snapshotPlayerStats_8_gameTime,props_pageProps_match_matchInfo_games_0_snapshotPlayerStats_8_goldPerSecond,props_pageProps_match_matchInfo_games_0_snapshotPlayerStats_8_health,props_pageProps_match_matchInfo_games_0_snapshotPlayerStats_8_healthMax,props_pageProps_match_matchInfo_games_0_snapshotPlayerStats_8_item10Id,props_pageProps_match_matchInfo_games_0_snapshotPlayerStats_8_item11Id,props_pageProps_match_matchInfo_games_0_snapshotPlayerStats_8_item1Id,props_pageProps_match_matchInfo_games_0_snapshotPlayerStats_8_item2Id,props_pageProps_match_matchInfo_games_0_snapshotPlayerStats_8_item3Id,props_pageProps_match_matchInfo_games_0_snapshotPlayerStats_8_item4Id,props_pageProps_match_matchInfo_games_0_snapshotPlayerStats_8_item5Id,props_pageProps_match_matchInfo_games_0_snapshotPlayerStats_8_item6Id,props_pageProps_match_matchInfo_games_0_snapshotPlayerStats_8_item7Id,props_pageProps_match_matchInfo_games_0_snapshotPlayerStats_8_item8Id,props_pageProps_match_matchInfo_games_0_snapshotPlayerStats_8_item9Id,props_pageProps_match_matchInfo_games_0_snapshotPlayerStats_8_level,props_pageProps_match_matchInfo_games_0_snapshotPlayerStats_8_lifeSteal,props_pageProps_match_matchInfo_games_0_snapshotPlayerStats_8_minionsKilled,props_pageProps_match_matchInfo_games_0_snapshotPlayerStats_8_neutralMinionsKilled,props_pageProps_match_matchInfo_games_0_snapshotPlayerStats_8_neutralMinionsKilledEnemyJungle,props_pageProps_match_matchInfo_games_0_snapshotPlayerStats_8_neutralMinionsKilledYourJungle,props_pageProps_match_matchInfo_games_0_snapshotPlayerStats_8_paused,props_pageProps_match_matchInfo_games_0_snapshotPlayerStats_8_player,props_pageProps_match_matchInfo_games_0_snapshotPlayerStats_8_playerPerid,props_pageProps_match_matchInfo_games_0_snapshotPlayerStats_8_playerUrn,props_pageProps_match_matchInfo_games_0_snapshotPlayerStats_8_posX,props_pageProps_match_matchInfo_games_0_snapshotPlayerStats_8_posY,props_pageProps_match_matchInfo_games_0_snapshotPlayerStats_8_respawnTimer,props_pageProps_match_matchInfo_games_0_snapshotPlayerStats_8_rune1Id,props_pageProps_match_matchInfo_games_0_snapshotPlayerStats_8_rune2Id,props_pageProps_match_matchInfo_games_0_snapshotPlayerStats_8_rune3Id,props_pageProps_match_matchInfo_games_0_snapshotPlayerStats_8_rune4Id,props_pageProps_match_matchInfo_games_0_snapshotPlayerStats_8_rune5Id,props_pageProps_match_matchInfo_games_0_snapshotPlayerStats_8_rune6Id,props_pageProps_match_matchInfo_games_0_snapshotPlayerStats_8_spellVamp,props_pageProps_match_matchInfo_games_0_snapshotPlayerStats_8_summonerLevel,props_pageProps_match_matchInfo_games_0_snapshotPlayerStats_8_team,props_pageProps_match_matchInfo_games_0_snapshotPlayerStats_8_teamPerid,props_pageProps_match_matchInfo_games_0_snapshotPlayerStats_8_teamUrn,props_pageProps_match_matchInfo_games_0_snapshotPlayerStats_8_totalGold,props_pageProps_match_matchInfo_games_0_snapshotPlayerStats_8_trinket1Id,props_pageProps_match_matchInfo_games_0_snapshotPlayerStats_8_trinket2Id,props_pageProps_match_matchInfo_games_0_snapshotPlayerStats_8_trinket3Id,props_pageProps_match_matchInfo_games_0_snapshotPlayerStats_8_trinket4Id,props_pageProps_match_matchInfo_games_0_snapshotPlayerStats_8_trinket5Id,props_pageProps_match_matchInfo_games_0_snapshotPlayerStats_8_upsertAt,props_pageProps_match_matchInfo_games_0_snapshotPlayerStats_8_visionScore,props_pageProps_match_matchInfo_games_0_snapshotPlayerStats_8_wardsKilled,props_pageProps_match_matchInfo_games_0_snapshotPlayerStats_8_wardsPlaced,props_pageProps_match_matchInfo_games_0_snapshotPlayerStats_8_winningTeam,props_pageProps_match_matchInfo_games_0_snapshotPlayerStats_8_xp,props_pageProps_match_matchInfo_games_0_snapshotPlayerStats_9___typename,props_pageProps_match_matchInfo_games_0_snapshotPlayerStats_9_alive,props_pageProps_match_matchInfo_games_0_snapshotPlayerStats_9_assists,props_pageProps_match_matchInfo_games_0_snapshotPlayerStats_9_ccReduction,props_pageProps_match_matchInfo_games_0_snapshotPlayerStats_9_champion,props_pageProps_match_matchInfo_games_0_snapshotPlayerStats_9_champsKilled,props_pageProps_match_matchInfo_games_0_snapshotPlayerStats_9_cooldownReduction,props_pageProps_match_matchInfo_games_0_snapshotPlayerStats_9_currentGold,props_pageProps_match_matchInfo_games_0_snapshotPlayerStats_9_deaths,props_pageProps_match_matchInfo_games_0_snapshotPlayerStats_9_eventDateTime,props_pageProps_match_matchInfo_games_0_snapshotPlayerStats_9_gameOver,props_pageProps_match_matchInfo_games_0_snapshotPlayerStats_9_gameTime,props_pageProps_match_matchInfo_games_0_snapshotPlayerStats_9_goldPerSecond,props_pageProps_match_matchInfo_games_0_snapshotPlayerStats_9_health,props_pageProps_match_matchInfo_games_0_snapshotPlayerStats_9_healthMax,props_pageProps_match_matchInfo_games_0_snapshotPlayerStats_9_item10Id,props_pageProps_match_matchInfo_games_0_snapshotPlayerStats_9_item11Id,props_pageProps_match_matchInfo_games_0_snapshotPlayerStats_9_item1Id,props_pageProps_match_matchInfo_games_0_snapshotPlayerStats_9_item2Id,props_pageProps_match_matchInfo_games_0_snapshotPlayerStats_9_item3Id,props_pageProps_match_matchInfo_games_0_snapshotPlayerStats_9_item4Id,props_pageProps_match_matchInfo_games_0_snapshotPlayerStats_9_item5Id,props_pageProps_match_matchInfo_games_0_snapshotPlayerStats_9_item6Id,props_pageProps_match_matchInfo_games_0_snapshotPlayerStats_9_item7Id,props_pageProps_match_matchInfo_games_0_snapshotPlayerStats_9_item8Id,props_pageProps_match_matchInfo_games_0_snapshotPlayerStats_9_item9Id,props_pageProps_match_matchInfo_games_0_snapshotPlayerStats_9_level,props_pageProps_match_matchInfo_games_0_snapshotPlayerStats_9_lifeSteal,props_pageProps_match_matchInfo_games_0_snapshotPlayerStats_9_minionsKilled,props_pageProps_match_matchInfo_games_0_snapshotPlayerStats_9_neutralMinionsKilled,props_pageProps_match_matchInfo_games_0_snapshotPlayerStats_9_neutralMinionsKilledEnemyJungle,props_pageProps_match_matchInfo_games_0_snapshotPlayerStats_9_neutralMinionsKilledYourJungle,props_pageProps_match_matchInfo_games_0_snapshotPlayerStats_9_paused,props_pageProps_match_matchInfo_games_0_snapshotPlayerStats_9_player,props_pageProps_match_matchInfo_games_0_snapshotPlayerStats_9_playerPerid,props_pageProps_match_matchInfo_games_0_snapshotPlayerStats_9_playerUrn,props_pageProps_match_matchInfo_games_0_snapshotPlayerStats_9_posX,props_pageProps_match_matchInfo_games_0_snapshotPlayerStats_9_posY,props_pageProps_match_matchInfo_games_0_snapshotPlayerStats_9_respawnTimer,props_pageProps_match_matchInfo_games_0_snapshotPlayerStats_9_rune1Id,props_pageProps_match_matchInfo_games_0_snapshotPlayerStats_9_rune2Id,props_pageProps_match_matchInfo_games_0_snapshotPlayerStats_9_rune3Id,props_pageProps_match_matchInfo_games_0_snapshotPlayerStats_9_rune4Id,props_pageProps_match_matchInfo_games_0_snapshotPlayerStats_9_rune5Id,props_pageProps_match_matchInfo_games_0_snapshotPlayerStats_9_rune6Id,props_pageProps_match_matchInfo_games_0_snapshotPlayerStats_9_spellVamp,props_pageProps_match_matchInfo_games_0_snapshotPlayerStats_9_summonerLevel,props_pageProps_match_matchInfo_games_0_snapshotPlayerStats_9_team,props_pageProps_match_matchInfo_games_0_snapshotPlayerStats_9_teamPerid,props_pageProps_match_matchInfo_games_0_snapshotPlayerStats_9_teamUrn,props_pageProps_match_matchInfo_games_0_snapshotPlayerStats_9_totalGold,props_pageProps_match_matchInfo_games_0_snapshotPlayerStats_9_trinket1Id,props_pageProps_match_matchInfo_games_0_snapshotPlayerStats_9_trinket2Id,props_pageProps_match_matchInfo_games_0_snapshotPlayerStats_9_trinket3Id,props_pageProps_match_matchInfo_games_0_snapshotPlayerStats_9_trinket4Id,props_pageProps_match_matchInfo_games_0_snapshotPlayerStats_9_trinket5Id,props_pageProps_match_matchInfo_games_0_snapshotPlayerStats_9_upsertAt,props_pageProps_match_matchInfo_games_0_snapshotPlayerStats_9_visionScore,props_pageProps_match_matchInfo_games_0_snapshotPlayerStats_9_wardsKilled,props_pageProps_match_matchInfo_games_0_snapshotPlayerStats_9_wardsPlaced,props_pageProps_match_matchInfo_games_0_snapshotPlayerStats_9_winningTeam,props_pageProps_match_matchInfo_games_0_snapshotPlayerStats_9_xp,props_pageProps_match_matchInfo_games_0_team1Name,props_pageProps_match_matchInfo_games_0_team1Perid,props_pageProps_match_matchInfo_games_0_team1Side,props_pageProps_match_matchInfo_games_0_team1Urn,props_pageProps_match_matchInfo_games_0_team2Name,props_pageProps_match_matchInfo_games_0_team2Perid,props_pageProps_match_matchInfo_games_0_team2Side,props_pageProps_match_matchInfo_games_0_team2Urn,props_pageProps_match_matchInfo_games_0_teamGameStats_0___typename,props_pageProps_match_matchInfo_games_0_teamGameStats_0_assists,props_pageProps_match_matchInfo_games_0_teamGameStats_0_baronKills,props_pageProps_match_matchInfo_games_0_teamGameStats_0_deaths,props_pageProps_match_matchInfo_games_0_teamGameStats_0_dragonKills,props_pageProps_match_matchInfo_games_0_teamGameStats_0_gold,props_pageProps_match_matchInfo_games_0_teamGameStats_0_kills,props_pageProps_match_matchInfo_games_0_teamGameStats_0_team,props_pageProps_match_matchInfo_games_0_teamGameStats_0_teamPerid,props_pageProps_match_matchInfo_games_0_teamGameStats_0_towerKills,props_pageProps_match_matchInfo_games_0_teamGameStats_1___typename,props_pageProps_match_matchInfo_games_0_teamGameStats_1_assists,props_pageProps_match_matchInfo_games_0_teamGameStats_1_baronKills,props_pageProps_match_matchInfo_games_0_teamGameStats_1_deaths,props_pageProps_match_matchInfo_games_0_teamGameStats_1_dragonKills,props_pageProps_match_matchInfo_games_0_teamGameStats_1_gold,props_pageProps_match_matchInfo_games_0_teamGameStats_1_kills,props_pageProps_match_matchInfo_games_0_teamGameStats_1_team,props_pageProps_match_matchInfo_games_0_teamGameStats_1_teamPerid,props_pageProps_match_matchInfo_games_0_teamGameStats_1_towerKills,props_pageProps_match_matchInfo_games_0_winProb_0___typename,props_pageProps_match_matchInfo_games_0_winProb_0_gameTimeMin,props_pageProps_match_matchInfo_games_0_winProb_0_teamOneWinProb,props_pageProps_match_matchInfo_games_0_winProb_0_teamTwoWinProb,props_pageProps_match_matchInfo_games_0_winProb_1___typename,props_pageProps_match_matchInfo_games_0_winProb_1_gameTimeMin,props_pageProps_match_matchInfo_games_0_winProb_1_teamOneWinProb,props_pageProps_match_matchInfo_games_0_winProb_1_teamTwoWinProb,props_pageProps_match_matchInfo_games_0_winProb_2___typename,props_pageProps_match_matchInfo_games_0_winProb_2_gameTimeMin,props_pageProps_match_matchInfo_games_0_winProb_2_teamOneWinProb,props_pageProps_match_matchInfo_games_0_winProb_2_teamTwoWinProb,props_pageProps_match_matchInfo_games_0_winProb_3___typename,props_pageProps_match_matchInfo_games_0_winProb_3_gameTimeMin,props_pageProps_match_matchInfo_games_0_winProb_3_teamOneWinProb,props_pageProps_match_matchInfo_games_0_winProb_3_teamTwoWinProb,props_pageProps_match_matchInfo_games_0_winProb_4___typename,props_pageProps_match_matchInfo_games_0_winProb_4_gameTimeMin,props_pageProps_match_matchInfo_games_0_winProb_4_teamOneWinProb,props_pageProps_match_matchInfo_games_0_winProb_4_teamTwoWinProb,props_pageProps_match_matchInfo_games_0_winProb_5___typename,props_pageProps_match_matchInfo_games_0_winProb_5_gameTimeMin,props_pageProps_match_matchInfo_games_0_winProb_5_teamOneWinProb,props_pageProps_match_matchInfo_games_0_winProb_5_teamTwoWinProb,props_pageProps_match_matchInfo_games_0_winProb_6___typename,props_pageProps_match_matchInfo_games_0_winProb_6_gameTimeMin,props_pageProps_match_matchInfo_games_0_winProb_6_teamOneWinProb,props_pageProps_match_matchInfo_games_0_winProb_6_teamTwoWinProb,props_pageProps_match_matchInfo_games_0_winProb_7___typename,props_pageProps_match_matchInfo_games_0_winProb_7_gameTimeMin,props_pageProps_match_matchInfo_games_0_winProb_7_teamOneWinProb,props_pageProps_match_matchInfo_games_0_winProb_7_teamTwoWinProb,props_pageProps_match_matchInfo_games_0_winProb_8___typename,props_pageProps_match_matchInfo_games_0_winProb_8_gameTimeMin,props_pageProps_match_matchInfo_games_0_winProb_8_teamOneWinProb,props_pageProps_match_matchInfo_games_0_winProb_8_teamTwoWinProb,props_pageProps_match_matchInfo_games_0_winProb_9___typename,props_pageProps_match_matchInfo_games_0_winProb_9_gameTimeMin,props_pageProps_match_matchInfo_games_0_winProb_9_teamOneWinProb,props_pageProps_match_matchInfo_games_0_winProb_9_teamTwoWinProb,props_pageProps_match_matchInfo_games_0_winProb_10___typename,props_pageProps_match_matchInfo_games_0_winProb_10_gameTimeMin,props_pageProps_match_matchInfo_games_0_winProb_10_teamOneWinProb,props_pageProps_match_matchInfo_games_0_winProb_10_teamTwoWinProb,props_pageProps_match_matchInfo_games_0_winProb_11___typename,props_pageProps_match_matchInfo_games_0_winProb_11_gameTimeMin,props_pageProps_match_matchInfo_games_0_winProb_11_teamOneWinProb,props_pageProps_match_matchInfo_games_0_winProb_11_teamTwoWinProb,props_pageProps_match_matchInfo_games_0_winProb_12___typename,props_pageProps_match_matchInfo_games_0_winProb_12_gameTimeMin,props_pageProps_match_matchInfo_games_0_winProb_12_teamOneWinProb,props_pageProps_match_matchInfo_games_0_winProb_12_teamTwoWinProb,props_pageProps_match_matchInfo_games_0_winProb_13___typename,props_pageProps_match_matchInfo_games_0_winProb_13_gameTimeMin,props_pageProps_match_matchInfo_games_0_winProb_13_teamOneWinProb,props_pageProps_match_matchInfo_games_0_winProb_13_teamTwoWinProb,props_pageProps_match_matchInfo_games_0_winProb_14___typename,props_pageProps_match_matchInfo_games_0_winProb_14_gameTimeMin,props_pageProps_match_matchInfo_games_0_winProb_14_teamOneWinProb,props_pageProps_match_matchInfo_games_0_winProb_14_teamTwoWinProb,props_pageProps_match_matchInfo_games_0_winProb_15___typename,props_pageProps_match_matchInfo_games_0_winProb_15_gameTimeMin,props_pageProps_match_matchInfo_games_0_winProb_15_teamOneWinProb,props_pageProps_match_matchInfo_games_0_winProb_15_teamTwoWinProb,props_pageProps_match_matchInfo_games_0_winProb_16___typename,props_pageProps_match_matchInfo_games_0_winProb_16_gameTimeMin,props_pageProps_match_matchInfo_games_0_winProb_16_teamOneWinProb,props_pageProps_match_matchInfo_games_0_winProb_16_teamTwoWinProb,props_pageProps_match_matchInfo_games_0_winProb_17___typename,props_pageProps_match_matchInfo_games_0_winProb_17_gameTimeMin,props_pageProps_match_matchInfo_games_0_winProb_17_teamOneWinProb,props_pageProps_match_matchInfo_games_0_winProb_17_teamTwoWinProb,props_pageProps_match_matchInfo_games_0_winProb_18___typename,props_pageProps_match_matchInfo_games_0_winProb_18_gameTimeMin,props_pageProps_match_matchInfo_games_0_winProb_18_teamOneWinProb,props_pageProps_match_matchInfo_games_0_winProb_18_teamTwoWinProb,props_pageProps_match_matchInfo_games_0_winProb_19___typename,props_pageProps_match_matchInfo_games_0_winProb_19_gameTimeMin,props_pageProps_match_matchInfo_games_0_winProb_19_teamOneWinProb,props_pageProps_match_matchInfo_games_0_winProb_19_teamTwoWinProb,props_pageProps_match_matchInfo_games_0_winProb_20___typename,props_pageProps_match_matchInfo_games_0_winProb_20_gameTimeMin,props_pageProps_match_matchInfo_games_0_winProb_20_teamOneWinProb,props_pageProps_match_matchInfo_games_0_winProb_20_teamTwoWinProb,props_pageProps_match_matchInfo_games_0_winProb_21___typename,props_pageProps_match_matchInfo_games_0_winProb_21_gameTimeMin,props_pageProps_match_matchInfo_games_0_winProb_21_teamOneWinProb,props_pageProps_match_matchInfo_games_0_winProb_21_teamTwoWinProb,props_pageProps_match_matchInfo_games_0_winProb_22___typename,props_pageProps_match_matchInfo_games_0_winProb_22_gameTimeMin,props_pageProps_match_matchInfo_games_0_winProb_22_teamOneWinProb,props_pageProps_match_matchInfo_games_0_winProb_22_teamTwoWinProb,props_pageProps_match_matchInfo_games_0_winProb_23___typename,props_pageProps_match_matchInfo_games_0_winProb_23_gameTimeMin,props_pageProps_match_matchInfo_games_0_winProb_23_teamOneWinProb,props_pageProps_match_matchInfo_games_0_winProb_23_teamTwoWinProb,props_pageProps_match_matchInfo_games_0_winProb_24___typename,props_pageProps_match_matchInfo_games_0_winProb_24_gameTimeMin,props_pageProps_match_matchInfo_games_0_winProb_24_teamOneWinProb,props_pageProps_match_matchInfo_games_0_winProb_24_teamTwoWinProb,props_pageProps_match_matchInfo_games_0_winProb_25___typename,props_pageProps_match_matchInfo_games_0_winProb_25_gameTimeMin,props_pageProps_match_matchInfo_games_0_winProb_25_teamOneWinProb,props_pageProps_match_matchInfo_games_0_winProb_25_teamTwoWinProb,props_pageProps_match_matchInfo_games_0_winProb_26___typename,props_pageProps_match_matchInfo_games_0_winProb_26_gameTimeMin,props_pageProps_match_matchInfo_games_0_winProb_26_teamOneWinProb,props_pageProps_match_matchInfo_games_0_winProb_26_teamTwoWinProb,props_pageProps_match_matchInfo_games_0_winProb_27___typename,props_pageProps_match_matchInfo_games_0_winProb_27_gameTimeMin,props_pageProps_match_matchInfo_games_0_winProb_27_teamOneWinProb,props_pageProps_match_matchInfo_games_0_winProb_27_teamTwoWinProb,props_pageProps_match_matchInfo_games_0_winProb_28___typename,props_pageProps_match_matchInfo_games_0_winProb_28_gameTimeMin,props_pageProps_match_matchInfo_games_0_winProb_28_teamOneWinProb,props_pageProps_match_matchInfo_games_0_winProb_28_teamTwoWinProb,props_pageProps_match_matchInfo_games_0_winProb_29___typename,props_pageProps_match_matchInfo_games_0_winProb_29_gameTimeMin,props_pageProps_match_matchInfo_games_0_winProb_29_teamOneWinProb,props_pageProps_match_matchInfo_games_0_winProb_29_teamTwoWinProb,props_pageProps_match_matchInfo_games_0_winProb_30___typename,props_pageProps_match_matchInfo_games_0_winProb_30_gameTimeMin,props_pageProps_match_matchInfo_games_0_winProb_30_teamOneWinProb,props_pageProps_match_matchInfo_games_0_winProb_30_teamTwoWinProb,props_pageProps_match_matchInfo_games_0_winProb_31___typename,props_pageProps_match_matchInfo_games_0_winProb_31_gameTimeMin,props_pageProps_match_matchInfo_games_0_winProb_31_teamOneWinProb,props_pageProps_match_matchInfo_games_0_winProb_31_teamTwoWinProb,props_pageProps_match_matchInfo_games_0_winProb_32___typename,props_pageProps_match_matchInfo_games_0_winProb_32_gameTimeMin,props_pageProps_match_matchInfo_games_0_winProb_32_teamOneWinProb,props_pageProps_match_matchInfo_games_0_winProb_32_teamTwoWinProb,props_pageProps_match_matchInfo_games_0_winProb_33___typename,props_pageProps_match_matchInfo_games_0_winProb_33_gameTimeMin,props_pageProps_match_matchInfo_games_0_winProb_33_teamOneWinProb,props_pageProps_match_matchInfo_games_0_winProb_33_teamTwoWinProb,props_pageProps_match_matchInfo_games_0_winProb_34___typename,props_pageProps_match_matchInfo_games_0_winProb_34_gameTimeMin,props_pageProps_match_matchInfo_games_0_winProb_34_teamOneWinProb,props_pageProps_match_matchInfo_games_0_winProb_34_teamTwoWinProb,props_pageProps_match_matchInfo_games_0_winProb_35___typename,props_pageProps_match_matchInfo_games_0_winProb_35_gameTimeMin,props_pageProps_match_matchInfo_games_0_winProb_35_teamOneWinProb,props_pageProps_match_matchInfo_games_0_winProb_35_teamTwoWinProb,props_pageProps_match_matchInfo_games_0_winProb_36___typename,props_pageProps_match_matchInfo_games_0_winProb_36_gameTimeMin,props_pageProps_match_matchInfo_games_0_winProb_36_teamOneWinProb,props_pageProps_match_matchInfo_games_0_winProb_36_teamTwoWinProb,props_pageProps_match_matchInfo_games_0_winProb_37___typename,props_pageProps_match_matchInfo_games_0_winProb_37_gameTimeMin,props_pageProps_match_matchInfo_games_0_winProb_37_teamOneWinProb,props_pageProps_match_matchInfo_games_0_winProb_37_teamTwoWinProb,props_pageProps_match_matchInfo_games_0_winProb_38___typename,props_pageProps_match_matchInfo_games_0_winProb_38_gameTimeMin,props_pageProps_match_matchInfo_games_0_winProb_38_teamOneWinProb,props_pageProps_match_matchInfo_games_0_winProb_38_teamTwoWinProb,props_pageProps_match_matchInfo_games_0_winProb_39___typename,props_pageProps_match_matchInfo_games_0_winProb_39_gameTimeMin,props_pageProps_match_matchInfo_games_0_winProb_39_teamOneWinProb,props_pageProps_match_matchInfo_games_0_winProb_39_teamTwoWinProb,props_pageProps_match_matchInfo_games_0_winProb_40___typename,props_pageProps_match_matchInfo_games_0_winProb_40_gameTimeMin,props_pageProps_match_matchInfo_games_0_winProb_40_teamOneWinProb,props_pageProps_match_matchInfo_games_0_winProb_40_teamTwoWinProb,props_pageProps_match_matchInfo_games_0_winProb_41___typename,props_pageProps_match_matchInfo_games_0_winProb_41_gameTimeMin,props_pageProps_match_matchInfo_games_0_winProb_41_teamOneWinProb,props_pageProps_match_matchInfo_games_0_winProb_41_teamTwoWinProb,props_pageProps_match_matchInfo_games_0_winProb_42___typename,props_pageProps_match_matchInfo_games_0_winProb_42_gameTimeMin,props_pageProps_match_matchInfo_games_0_winProb_42_teamOneWinProb,props_pageProps_match_matchInfo_games_0_winProb_42_teamTwoWinProb,props_pageProps_match_matchInfo_games_0_winProb_43___typename,props_pageProps_match_matchInfo_games_0_winProb_43_gameTimeMin,props_pageProps_match_matchInfo_games_0_winProb_43_teamOneWinProb,props_pageProps_match_matchInfo_games_0_winProb_43_teamTwoWinProb,props_pageProps_match_matchInfo_games_0_winProb_44___typename,props_pageProps_match_matchInfo_games_0_winProb_44_gameTimeMin,props_pageProps_match_matchInfo_games_0_winProb_44_teamOneWinProb,props_pageProps_match_matchInfo_games_0_winProb_44_teamTwoWinProb,props_pageProps_match_matchInfo_games_0_winProb_45___typename,props_pageProps_match_matchInfo_games_0_winProb_45_gameTimeMin,props_pageProps_match_matchInfo_games_0_winProb_45_teamOneWinProb,props_pageProps_match_matchInfo_games_0_winProb_45_teamTwoWinProb,props_pageProps_match_matchInfo_games_0_winProb_46___typename,props_pageProps_match_matchInfo_games_0_winProb_46_gameTimeMin,props_pageProps_match_matchInfo_games_0_winProb_46_teamOneWinProb,props_pageProps_match_matchInfo_games_0_winProb_46_teamTwoWinProb,props_pageProps_match_matchInfo_games_0_winProb_47___typename,props_pageProps_match_matchInfo_games_0_winProb_47_gameTimeMin,props_pageProps_match_matchInfo_games_0_winProb_47_teamOneWinProb,props_pageProps_match_matchInfo_games_0_winProb_47_teamTwoWinProb,props_pageProps_match_matchInfo_games_0_winProb_48___typename,props_pageProps_match_matchInfo_games_0_winProb_48_gameTimeMin,props_pageProps_match_matchInfo_games_0_winProb_48_teamOneWinProb,props_pageProps_match_matchInfo_games_0_winProb_48_teamTwoWinProb,props_pageProps_match_matchInfo_games_0_winProb_49___typename,props_pageProps_match_matchInfo_games_0_winProb_49_gameTimeMin,props_pageProps_match_matchInfo_games_0_winProb_49_teamOneWinProb,props_pageProps_match_matchInfo_games_0_winProb_49_teamTwoWinProb,props_pageProps_match_matchInfo_games_0_winProb_50___typename,props_pageProps_match_matchInfo_games_0_winProb_50_gameTimeMin,props_pageProps_match_matchInfo_games_0_winProb_50_teamOneWinProb,props_pageProps_match_matchInfo_games_0_winProb_50_teamTwoWinProb,props_pageProps_match_matchInfo_games_0_winProb_51___typename,props_pageProps_match_matchInfo_games_0_winProb_51_gameTimeMin,props_pageProps_match_matchInfo_games_0_winProb_51_teamOneWinProb,props_pageProps_match_matchInfo_games_0_winProb_51_teamTwoWinProb,props_pageProps_match_matchInfo_games_0_winProb_52___typename,props_pageProps_match_matchInfo_games_0_winProb_52_gameTimeMin,props_pageProps_match_matchInfo_games_0_winProb_52_teamOneWinProb,props_pageProps_match_matchInfo_games_0_winProb_52_teamTwoWinProb,props_pageProps_match_matchInfo_games_0_winProb_53___typename,props_pageProps_match_matchInfo_games_0_winProb_53_gameTimeMin,props_pageProps_match_matchInfo_games_0_winProb_53_teamOneWinProb,props_pageProps_match_matchInfo_games_0_winProb_53_teamTwoWinProb,props_pageProps_match_matchInfo_games_0_winProb_54___typename,props_pageProps_match_matchInfo_games_0_winProb_54_gameTimeMin,props_pageProps_match_matchInfo_games_0_winProb_54_teamOneWinProb,props_pageProps_match_matchInfo_games_0_winProb_54_teamTwoWinProb,props_pageProps_match_matchInfo_games_0_winProb_55___typename,props_pageProps_match_matchInfo_games_0_winProb_55_gameTimeMin,props_pageProps_match_matchInfo_games_0_winProb_55_teamOneWinProb,props_pageProps_match_matchInfo_games_0_winProb_55_teamTwoWinProb,props_pageProps_match_matchInfo_games_0_winProb_56___typename,props_pageProps_match_matchInfo_games_0_winProb_56_gameTimeMin,props_pageProps_match_matchInfo_games_0_winProb_56_teamOneWinProb,props_pageProps_match_matchInfo_games_0_winProb_56_teamTwoWinProb,props_pageProps_match_matchInfo_games_0_winProb_57___typename,props_pageProps_match_matchInfo_games_0_winProb_57_gameTimeMin,props_pageProps_match_matchInfo_games_0_winProb_57_teamOneWinProb,props_pageProps_match_matchInfo_games_0_winProb_57_teamTwoWinProb,props_pageProps_match_matchInfo_games_0_winProb_58___typename,props_pageProps_match_matchInfo_games_0_winProb_58_gameTimeMin,props_pageProps_match_matchInfo_games_0_winProb_58_teamOneWinProb,props_pageProps_match_matchInfo_games_0_winProb_58_teamTwoWinProb,props_pageProps_match_matchInfo_games_0_winProb_59___typename,props_pageProps_match_matchInfo_games_0_winProb_59_gameTimeMin,props_pageProps_match_matchInfo_games_0_winProb_59_teamOneWinProb,props_pageProps_match_matchInfo_games_0_winProb_59_teamTwoWinProb,props_pageProps_match_matchInfo_games_0_winProb_60___typename,props_pageProps_match_matchInfo_games_0_winProb_60_gameTimeMin,props_pageProps_match_matchInfo_games_0_winProb_60_teamOneWinProb,props_pageProps_match_matchInfo_games_0_winProb_60_teamTwoWinProb,props_pageProps_match_matchInfo_games_0_winProb_61___typename,props_pageProps_match_matchInfo_games_0_winProb_61_gameTimeMin,props_pageProps_match_matchInfo_games_0_winProb_61_teamOneWinProb,props_pageProps_match_matchInfo_games_0_winProb_61_teamTwoWinProb,props_pageProps_match_matchInfo_games_0_winProb_62___typename,props_pageProps_match_matchInfo_games_0_winProb_62_gameTimeMin,props_pageProps_match_matchInfo_games_0_winProb_62_teamOneWinProb,props_pageProps_match_matchInfo_games_0_winProb_62_teamTwoWinProb,props_pageProps_match_matchInfo_games_0_winProb_63___typename,props_pageProps_match_matchInfo_games_0_winProb_63_gameTimeMin,props_pageProps_match_matchInfo_games_0_winProb_63_teamOneWinProb,props_pageProps_match_matchInfo_games_0_winProb_63_teamTwoWinProb,props_pageProps_match_matchInfo_games_0_winProb_64___typename,props_pageProps_match_matchInfo_games_0_winProb_64_gameTimeMin,props_pageProps_match_matchInfo_games_0_winProb_64_teamOneWinProb,props_pageProps_match_matchInfo_games_0_winProb_64_teamTwoWinProb,props_pageProps_match_matchInfo_games_0_winProb_65___typename,props_pageProps_match_matchInfo_games_0_winProb_65_gameTimeMin,props_pageProps_match_matchInfo_games_0_winProb_65_teamOneWinProb,props_pageProps_match_matchInfo_games_0_winProb_65_teamTwoWinProb,props_pageProps_match_matchInfo_games_0_winProb_66___typename,props_pageProps_match_matchInfo_games_0_winProb_66_gameTimeMin,props_pageProps_match_matchInfo_games_0_winProb_66_teamOneWinProb,props_pageProps_match_matchInfo_games_0_winProb_66_teamTwoWinProb,props_pageProps_match_matchInfo_games_0_winProb_67___typename,props_pageProps_match_matchInfo_games_0_winProb_67_gameTimeMin,props_pageProps_match_matchInfo_games_0_winProb_67_teamOneWinProb,props_pageProps_match_matchInfo_games_0_winProb_67_teamTwoWinProb,props_pageProps_match_matchInfo_games_0_winProb_68___typename,props_pageProps_match_matchInfo_games_0_winProb_68_gameTimeMin,props_pageProps_match_matchInfo_games_0_winProb_68_teamOneWinProb,props_pageProps_match_matchInfo_games_0_winProb_68_teamTwoWinProb,props_pageProps_match_matchInfo_games_0_winProb_69___typename,props_pageProps_match_matchInfo_games_0_winProb_69_gameTimeMin,props_pageProps_match_matchInfo_games_0_winProb_69_teamOneWinProb,props_pageProps_match_matchInfo_games_0_winProb_69_teamTwoWinProb,props_pageProps_match_matchInfo_games_0_winProb_70___typename,props_pageProps_match_matchInfo_games_0_winProb_70_gameTimeMin,props_pageProps_match_matchInfo_games_0_winProb_70_teamOneWinProb,props_pageProps_match_matchInfo_games_0_winProb_70_teamTwoWinProb,props_pageProps_match_matchInfo_games_0_winProb_71___typename,props_pageProps_match_matchInfo_games_0_winProb_71_gameTimeMin,props_pageProps_match_matchInfo_games_0_winProb_71_teamOneWinProb,props_pageProps_match_matchInfo_games_0_winProb_71_teamTwoWinProb,props_pageProps_match_matchInfo_games_0_winProb_72___typename,props_pageProps_match_matchInfo_games_0_winProb_72_gameTimeMin,props_pageProps_match_matchInfo_games_0_winProb_72_teamOneWinProb,props_pageProps_match_matchInfo_games_0_winProb_72_teamTwoWinProb,props_pageProps_match_matchInfo_games_0_winProb_73___typename,props_pageProps_match_matchInfo_games_0_winProb_73_gameTimeMin,props_pageProps_match_matchInfo_games_0_winProb_73_teamOneWinProb,props_pageProps_match_matchInfo_games_0_winProb_73_teamTwoWinProb,props_pageProps_match_matchInfo_games_0_winProb_74___typename,props_pageProps_match_matchInfo_games_0_winProb_74_gameTimeMin,props_pageProps_match_matchInfo_games_0_winProb_74_teamOneWinProb,props_pageProps_match_matchInfo_games_0_winProb_74_teamTwoWinProb,props_pageProps_match_matchInfo_games_0_winProb_75___typename,props_pageProps_match_matchInfo_games_0_winProb_75_gameTimeMin,props_pageProps_match_matchInfo_games_0_winProb_75_teamOneWinProb,props_pageProps_match_matchInfo_games_0_winProb_75_teamTwoWinProb,props_pageProps_match_matchInfo_games_0_winProb_76___typename,props_pageProps_match_matchInfo_games_0_winProb_76_gameTimeMin,props_pageProps_match_matchInfo_games_0_winProb_76_teamOneWinProb,props_pageProps_match_matchInfo_games_0_winProb_76_teamTwoWinProb,props_pageProps_match_matchInfo_games_0_winProb_77___typename,props_pageProps_match_matchInfo_games_0_winProb_77_gameTimeMin,props_pageProps_match_matchInfo_games_0_winProb_77_teamOneWinProb,props_pageProps_match_matchInfo_games_0_winProb_77_teamTwoWinProb,props_pageProps_match_matchInfo_games_0_winProb_78___typename,props_pageProps_match_matchInfo_games_0_winProb_78_gameTimeMin,props_pageProps_match_matchInfo_games_0_winProb_78_teamOneWinProb,props_pageProps_match_matchInfo_games_0_winProb_78_teamTwoWinProb,props_pageProps_match_matchInfo_games_0_winProb_79___typename,props_pageProps_match_matchInfo_games_0_winProb_79_gameTimeMin,props_pageProps_match_matchInfo_games_0_winProb_79_teamOneWinProb,props_pageProps_match_matchInfo_games_0_winProb_79_teamTwoWinProb,props_pageProps_match_matchInfo_games_0_winProb_80___typename,props_pageProps_match_matchInfo_games_0_winProb_80_gameTimeMin,props_pageProps_match_matchInfo_games_0_winProb_80_teamOneWinProb,props_pageProps_match_matchInfo_games_0_winProb_80_teamTwoWinProb,props_pageProps_match_matchInfo_games_0_winProb_81___typename,props_pageProps_match_matchInfo_games_0_winProb_81_gameTimeMin,props_pageProps_match_matchInfo_games_0_winProb_81_teamOneWinProb,props_pageProps_match_matchInfo_games_0_winProb_81_teamTwoWinProb,props_pageProps_match_matchInfo_games_0_winProb_82___typename,props_pageProps_match_matchInfo_games_0_winProb_82_gameTimeMin,props_pageProps_match_matchInfo_games_0_winProb_82_teamOneWinProb,props_pageProps_match_matchInfo_games_0_winProb_82_teamTwoWinProb,props_pageProps_match_matchInfo_games_0_winProb_83___typename,props_pageProps_match_matchInfo_games_0_winProb_83_gameTimeMin,props_pageProps_match_matchInfo_games_0_winProb_83_teamOneWinProb,props_pageProps_match_matchInfo_games_0_winProb_83_teamTwoWinProb,props_pageProps_match_matchInfo_games_0_winProb_84___typename,props_pageProps_match_matchInfo_games_0_winProb_84_gameTimeMin,props_pageProps_match_matchInfo_games_0_winProb_84_teamOneWinProb,props_pageProps_match_matchInfo_games_0_winProb_84_teamTwoWinProb,props_pageProps_match_matchInfo_games_0_winProb_85___typename,props_pageProps_match_matchInfo_games_0_winProb_85_gameTimeMin,props_pageProps_match_matchInfo_games_0_winProb_85_teamOneWinProb,props_pageProps_match_matchInfo_games_0_winProb_85_teamTwoWinProb,props_pageProps_match_matchInfo_games_0_winProb_86___typename,props_pageProps_match_matchInfo_games_0_winProb_86_gameTimeMin,props_pageProps_match_matchInfo_games_0_winProb_86_teamOneWinProb,props_pageProps_match_matchInfo_games_0_winProb_86_teamTwoWinProb,props_pageProps_match_matchInfo_games_0_winProb_87___typename,props_pageProps_match_matchInfo_games_0_winProb_87_gameTimeMin,props_pageProps_match_matchInfo_games_0_winProb_87_teamOneWinProb,props_pageProps_match_matchInfo_games_0_winProb_87_teamTwoWinProb,props_pageProps_match_matchInfo_games_0_winProb_88___typename,props_pageProps_match_matchInfo_games_0_winProb_88_gameTimeMin,props_pageProps_match_matchInfo_games_0_winProb_88_teamOneWinProb,props_pageProps_match_matchInfo_games_0_winProb_88_teamTwoWinProb,props_pageProps_match_matchInfo_games_0_winProb_89___typename,props_pageProps_match_matchInfo_games_0_winProb_89_gameTimeMin,props_pageProps_match_matchInfo_games_0_winProb_89_teamOneWinProb,props_pageProps_match_matchInfo_games_0_winProb_89_teamTwoWinProb,props_pageProps_match_matchInfo_games_0_winProb_90___typename,props_pageProps_match_matchInfo_games_0_winProb_90_gameTimeMin,props_pageProps_match_matchInfo_games_0_winProb_90_teamOneWinProb,props_pageProps_match_matchInfo_games_0_winProb_90_teamTwoWinProb,props_pageProps_match_matchInfo_games_0_winProb_91___typename,props_pageProps_match_matchInfo_games_0_winProb_91_gameTimeMin,props_pageProps_match_matchInfo_games_0_winProb_91_teamOneWinProb,props_pageProps_match_matchInfo_games_0_winProb_91_teamTwoWinProb,props_pageProps_match_matchInfo_games_0_winProb_92___typename,props_pageProps_match_matchInfo_games_0_winProb_92_gameTimeMin,props_pageProps_match_matchInfo_games_0_winProb_92_teamOneWinProb,props_pageProps_match_matchInfo_games_0_winProb_92_teamTwoWinProb,props_pageProps_match_matchInfo_games_0_winProb_93___typename,props_pageProps_match_matchInfo_games_0_winProb_93_gameTimeMin,props_pageProps_match_matchInfo_games_0_winProb_93_teamOneWinProb,props_pageProps_match_matchInfo_games_0_winProb_93_teamTwoWinProb,props_pageProps_match_matchInfo_games_0_winProb_94___typename,props_pageProps_match_matchInfo_games_0_winProb_94_gameTimeMin,props_pageProps_match_matchInfo_games_0_winProb_94_teamOneWinProb,props_pageProps_match_matchInfo_games_0_winProb_94_teamTwoWinProb,props_pageProps_match_matchInfo_games_0_winProb_95___typename,props_pageProps_match_matchInfo_games_0_winProb_95_gameTimeMin,props_pageProps_match_matchInfo_games_0_winProb_95_teamOneWinProb,props_pageProps_match_matchInfo_games_0_winProb_95_teamTwoWinProb,props_pageProps_match_matchInfo_games_0_winProb_96___typename,props_pageProps_match_matchInfo_games_0_winProb_96_gameTimeMin,props_pageProps_match_matchInfo_games_0_winProb_96_teamOneWinProb,props_pageProps_match_matchInfo_games_0_winProb_96_teamTwoWinProb,props_pageProps_match_matchInfo_games_0_winProb_97___typename,props_pageProps_match_matchInfo_games_0_winProb_97_gameTimeMin,props_pageProps_match_matchInfo_games_0_winProb_97_teamOneWinProb,props_pageProps_match_matchInfo_games_0_winProb_97_teamTwoWinProb,props_pageProps_match_matchInfo_games_0_winProb_98___typename,props_pageProps_match_matchInfo_games_0_winProb_98_gameTimeMin,props_pageProps_match_matchInfo_games_0_winProb_98_teamOneWinProb,props_pageProps_match_matchInfo_games_0_winProb_98_teamTwoWinProb,props_pageProps_match_matchInfo_games_0_winProb_99___typename,props_pageProps_match_matchInfo_games_0_winProb_99_gameTimeMin,props_pageProps_match_matchInfo_games_0_winProb_99_teamOneWinProb,props_pageProps_match_matchInfo_games_0_winProb_99_teamTwoWinProb,props_pageProps_match_matchInfo_games_0_winProb_100___typename,props_pageProps_match_matchInfo_games_0_winProb_100_gameTimeMin,props_pageProps_match_matchInfo_games_0_winProb_100_teamOneWinProb,props_pageProps_match_matchInfo_games_0_winProb_100_teamTwoWinProb,props_pageProps_match_matchInfo_games_0_winProb_101___typename,props_pageProps_match_matchInfo_games_0_winProb_101_gameTimeMin,props_pageProps_match_matchInfo_games_0_winProb_101_teamOneWinProb,props_pageProps_match_matchInfo_games_0_winProb_101_teamTwoWinProb,props_pageProps_match_matchInfo_games_0_winProb_102___typename,props_pageProps_match_matchInfo_games_0_winProb_102_gameTimeMin,props_pageProps_match_matchInfo_games_0_winProb_102_teamOneWinProb,props_pageProps_match_matchInfo_games_0_winProb_102_teamTwoWinProb,props_pageProps_match_matchInfo_games_0_winProb_103___typename,props_pageProps_match_matchInfo_games_0_winProb_103_gameTimeMin,props_pageProps_match_matchInfo_games_0_winProb_103_teamOneWinProb,props_pageProps_match_matchInfo_games_0_winProb_103_teamTwoWinProb,props_pageProps_match_matchInfo_games_0_winProb_104___typename,props_pageProps_match_matchInfo_games_0_winProb_104_gameTimeMin,props_pageProps_match_matchInfo_games_0_winProb_104_teamOneWinProb,props_pageProps_match_matchInfo_games_0_winProb_104_teamTwoWinProb,props_pageProps_match_matchInfo_games_0_winProb_105___typename,props_pageProps_match_matchInfo_games_0_winProb_105_gameTimeMin,props_pageProps_match_matchInfo_games_0_winProb_105_teamOneWinProb,props_pageProps_match_matchInfo_games_0_winProb_105_teamTwoWinProb,props_pageProps_match_matchInfo_games_0_winProb_106___typename,props_pageProps_match_matchInfo_games_0_winProb_106_gameTimeMin,props_pageProps_match_matchInfo_games_0_winProb_106_teamOneWinProb,props_pageProps_match_matchInfo_games_0_winProb_106_teamTwoWinProb,props_pageProps_match_matchInfo_games_0_winProb_107___typename,props_pageProps_match_matchInfo_games_0_winProb_107_gameTimeMin,props_pageProps_match_matchInfo_games_0_winProb_107_teamOneWinProb,props_pageProps_match_matchInfo_games_0_winProb_107_teamTwoWinProb,props_pageProps_match_matchInfo_games_0_winProb_108___typename,props_pageProps_match_matchInfo_games_0_winProb_108_gameTimeMin,props_pageProps_match_matchInfo_games_0_winProb_108_teamOneWinProb,props_pageProps_match_matchInfo_games_0_winProb_108_teamTwoWinProb,props_pageProps_match_matchInfo_games_0_winProb_109___typename,props_pageProps_match_matchInfo_games_0_winProb_109_gameTimeMin,props_pageProps_match_matchInfo_games_0_winProb_109_teamOneWinProb,props_pageProps_match_matchInfo_games_0_winProb_109_teamTwoWinProb,props_pageProps_match_matchInfo_games_0_winProb_110___typename,props_pageProps_match_matchInfo_games_0_winProb_110_gameTimeMin,props_pageProps_match_matchInfo_games_0_winProb_110_teamOneWinProb,props_pageProps_match_matchInfo_games_0_winProb_110_teamTwoWinProb,props_pageProps_match_matchInfo_games_0_winProb_111___typename,props_pageProps_match_matchInfo_games_0_winProb_111_gameTimeMin,props_pageProps_match_matchInfo_games_0_winProb_111_teamOneWinProb,props_pageProps_match_matchInfo_games_0_winProb_111_teamTwoWinProb,props_pageProps_match_matchInfo_games_0_winProb_112___typename,props_pageProps_match_matchInfo_games_0_winProb_112_gameTimeMin,props_pageProps_match_matchInfo_games_0_winProb_112_teamOneWinProb,props_pageProps_match_matchInfo_games_0_winProb_112_teamTwoWinProb,props_pageProps_match_matchInfo_games_0_winProb_113___typename,props_pageProps_match_matchInfo_games_0_winProb_113_gameTimeMin,props_pageProps_match_matchInfo_games_0_winProb_113_teamOneWinProb,props_pageProps_match_matchInfo_games_0_winProb_113_teamTwoWinProb,props_pageProps_match_matchInfo_games_0_winProb_114___typename,props_pageProps_match_matchInfo_games_0_winProb_114_gameTimeMin,props_pageProps_match_matchInfo_games_0_winProb_114_teamOneWinProb,props_pageProps_match_matchInfo_games_0_winProb_114_teamTwoWinProb,props_pageProps_match_matchInfo_games_0_winProb_115___typename,props_pageProps_match_matchInfo_games_0_winProb_115_gameTimeMin,props_pageProps_match_matchInfo_games_0_winProb_115_teamOneWinProb,props_pageProps_match_matchInfo_games_0_winProb_115_teamTwoWinProb,props_pageProps_match_matchInfo_games_0_winProb_116___typename,props_pageProps_match_matchInfo_games_0_winProb_116_gameTimeMin,props_pageProps_match_matchInfo_games_0_winProb_116_teamOneWinProb,props_pageProps_match_matchInfo_games_0_winProb_116_teamTwoWinProb,props_pageProps_match_matchInfo_games_0_winProb_117___typename,props_pageProps_match_matchInfo_games_0_winProb_117_gameTimeMin,props_pageProps_match_matchInfo_games_0_winProb_117_teamOneWinProb,props_pageProps_match_matchInfo_games_0_winProb_117_teamTwoWinProb,props_pageProps_match_matchInfo_games_0_winProb_118___typename,props_pageProps_match_matchInfo_games_0_winProb_118_gameTimeMin,props_pageProps_match_matchInfo_games_0_winProb_118_teamOneWinProb,props_pageProps_match_matchInfo_games_0_winProb_118_teamTwoWinProb,props_pageProps_match_matchInfo_games_0_winProb_119___typename,props_pageProps_match_matchInfo_games_0_winProb_119_gameTimeMin,props_pageProps_match_matchInfo_games_0_winProb_119_teamOneWinProb,props_pageProps_match_matchInfo_games_0_winProb_119_teamTwoWinProb,props_pageProps_match_matchInfo_games_0_winProb_120___typename,props_pageProps_match_matchInfo_games_0_winProb_120_gameTimeMin,props_pageProps_match_matchInfo_games_0_winProb_120_teamOneWinProb,props_pageProps_match_matchInfo_games_0_winProb_120_teamTwoWinProb,props_pageProps_match_matchInfo_games_0_winProb_121___typename,props_pageProps_match_matchInfo_games_0_winProb_121_gameTimeMin,props_pageProps_match_matchInfo_games_0_winProb_121_teamOneWinProb,props_pageProps_match_matchInfo_games_0_winProb_121_teamTwoWinProb,props_pageProps_match_matchInfo_games_0_winProb_122___typename,props_pageProps_match_matchInfo_games_0_winProb_122_gameTimeMin,props_pageProps_match_matchInfo_games_0_winProb_122_teamOneWinProb,props_pageProps_match_matchInfo_games_0_winProb_122_teamTwoWinProb,props_pageProps_match_matchInfo_games_0_winProb_123___typename,props_pageProps_match_matchInfo_games_0_winProb_123_gameTimeMin,props_pageProps_match_matchInfo_games_0_winProb_123_teamOneWinProb,props_pageProps_match_matchInfo_games_0_winProb_123_teamTwoWinProb,props_pageProps_match_matchInfo_games_0_winProb_124___typename,props_pageProps_match_matchInfo_games_0_winProb_124_gameTimeMin,props_pageProps_match_matchInfo_games_0_winProb_124_teamOneWinProb,props_pageProps_match_matchInfo_games_0_winProb_124_teamTwoWinProb,props_pageProps_match_matchInfo_games_0_winProb_125___typename,props_pageProps_match_matchInfo_games_0_winProb_125_gameTimeMin,props_pageProps_match_matchInfo_games_0_winProb_125_teamOneWinProb,props_pageProps_match_matchInfo_games_0_winProb_125_teamTwoWinProb,props_pageProps_match_matchInfo_games_0_winProb_126___typename,props_pageProps_match_matchInfo_games_0_winProb_126_gameTimeMin,props_pageProps_match_matchInfo_games_0_winProb_126_teamOneWinProb,props_pageProps_match_matchInfo_games_0_winProb_126_teamTwoWinProb,props_pageProps_match_matchInfo_games_0_winProb_127___typename,props_pageProps_match_matchInfo_games_0_winProb_127_gameTimeMin,props_pageProps_match_matchInfo_games_0_winProb_127_teamOneWinProb,props_pageProps_match_matchInfo_games_0_winProb_127_teamTwoWinProb,props_pageProps_match_matchInfo_games_0_winProb_128___typename,props_pageProps_match_matchInfo_games_0_winProb_128_gameTimeMin,props_pageProps_match_matchInfo_games_0_winProb_128_teamOneWinProb,props_pageProps_match_matchInfo_games_0_winProb_128_teamTwoWinProb,props_pageProps_match_matchInfo_games_0_winProb_129___typename,props_pageProps_match_matchInfo_games_0_winProb_129_gameTimeMin,props_pageProps_match_matchInfo_games_0_winProb_129_teamOneWinProb,props_pageProps_match_matchInfo_games_0_winProb_129_teamTwoWinProb,props_pageProps_match_matchInfo_games_0_winProb_130___typename,props_pageProps_match_matchInfo_games_0_winProb_130_gameTimeMin,props_pageProps_match_matchInfo_games_0_winProb_130_teamOneWinProb,props_pageProps_match_matchInfo_games_0_winProb_130_teamTwoWinProb,props_pageProps_match_matchInfo_games_0_winProb_131___typename,props_pageProps_match_matchInfo_games_0_winProb_131_gameTimeMin,props_pageProps_match_matchInfo_games_0_winProb_131_teamOneWinProb,props_pageProps_match_matchInfo_games_0_winProb_131_teamTwoWinProb,props_pageProps_match_matchInfo_games_0_winProb_132___typename,props_pageProps_match_matchInfo_games_0_winProb_132_gameTimeMin,props_pageProps_match_matchInfo_games_0_winProb_132_teamOneWinProb,props_pageProps_match_matchInfo_games_0_winProb_132_teamTwoWinProb,props_pageProps_match_matchInfo_games_0_winProb_133___typename,props_pageProps_match_matchInfo_games_0_winProb_133_gameTimeMin,props_pageProps_match_matchInfo_games_0_winProb_133_teamOneWinProb,props_pageProps_match_matchInfo_games_0_winProb_133_teamTwoWinProb,props_pageProps_match_matchInfo_games_0_winProb_134___typename,props_pageProps_match_matchInfo_games_0_winProb_134_gameTimeMin,props_pageProps_match_matchInfo_games_0_winProb_134_teamOneWinProb,props_pageProps_match_matchInfo_games_0_winProb_134_teamTwoWinProb,props_pageProps_match_matchInfo_games_0_winProb_135___typename,props_pageProps_match_matchInfo_games_0_winProb_135_gameTimeMin,props_pageProps_match_matchInfo_games_0_winProb_135_teamOneWinProb,props_pageProps_match_matchInfo_games_0_winProb_135_teamTwoWinProb,props_pageProps_match_matchInfo_games_0_winProb_136___typename,props_pageProps_match_matchInfo_games_0_winProb_136_gameTimeMin,props_pageProps_match_matchInfo_games_0_winProb_136_teamOneWinProb,props_pageProps_match_matchInfo_games_0_winProb_136_teamTwoWinProb,props_pageProps_match_matchInfo_games_0_winningSide,props_pageProps_match_matchInfo_games_0_winningTeam,props_pageProps_match_matchInfo_games_0_winningTeamPerid,props_pageProps_match_matchInfo_games_0_winningTeamUrn,props_pageProps_match_matchInfo_lastModified,props_pageProps_match_matchInfo_matchStartDate,props_pageProps_match_matchInfo_matchState,props_pageProps_match_matchInfo_matchUrn,props_pageProps_match_matchInfo_prematchWinProbability,props_pageProps_match_matchInfo_score___typename,props_pageProps_match_matchInfo_score_team1Score,props_pageProps_match_matchInfo_score_team2Score,props_pageProps_match_matchInfo_team1___typename,props_pageProps_match_matchInfo_team1_abbreviation,props_pageProps_match_matchInfo_team1_factorId,props_pageProps_match_matchInfo_team1_fullName,props_pageProps_match_matchInfo_team1_gameRecord_totalLost,props_pageProps_match_matchInfo_team1_gameRecord_totalWin,props_pageProps_match_matchInfo_team1_playerHistories_0___typename,props_pageProps_match_matchInfo_team1_playerHistories_0_playerDetails___typename,props_pageProps_match_matchInfo_team1_playerHistories_0_playerDetails_factorId,props_pageProps_match_matchInfo_team1_playerHistories_0_playerDetails_fullName,props_pageProps_match_matchInfo_team1_playerHistories_0_playerDetails_headshotUrl,props_pageProps_match_matchInfo_team1_playerHistories_0_playerDetails_name,props_pageProps_match_matchInfo_team1_playerHistories_0_playerDetails_perid,props_pageProps_match_matchInfo_team1_playerHistories_0_playerPerid,props_pageProps_match_matchInfo_team1_playerHistories_0_role,props_pageProps_match_matchInfo_team1_playerHistories_0_tournamentUrn,props_pageProps_match_matchInfo_team1_playerHistories_1___typename,props_pageProps_match_matchInfo_team1_playerHistories_1_playerDetails___typename,props_pageProps_match_matchInfo_team1_playerHistories_1_playerDetails_factorId,props_pageProps_match_matchInfo_team1_playerHistories_1_playerDetails_fullName,props_pageProps_match_matchInfo_team1_playerHistories_1_playerDetails_headshotUrl,props_pageProps_match_matchInfo_team1_playerHistories_1_playerDetails_name,props_pageProps_match_matchInfo_team1_playerHistories_1_playerDetails_perid,props_pageProps_match_matchInfo_team1_playerHistories_1_playerPerid,props_pageProps_match_matchInfo_team1_playerHistories_1_role,props_pageProps_match_matchInfo_team1_playerHistories_1_tournamentUrn,props_pageProps_match_matchInfo_team1_playerHistories_2___typename,props_pageProps_match_matchInfo_team1_playerHistories_2_playerDetails___typename,props_pageProps_match_matchInfo_team1_playerHistories_2_playerDetails_factorId,props_pageProps_match_matchInfo_team1_playerHistories_2_playerDetails_fullName,props_pageProps_match_matchInfo_team1_playerHistories_2_playerDetails_headshotUrl,props_pageProps_match_matchInfo_team1_playerHistories_2_playerDetails_name,props_pageProps_match_matchInfo_team1_playerHistories_2_playerDetails_perid,props_pageProps_match_matchInfo_team1_playerHistories_2_playerPerid,props_pageProps_match_matchInfo_team1_playerHistories_2_role,props_pageProps_match_matchInfo_team1_playerHistories_2_tournamentUrn,props_pageProps_match_matchInfo_team1_playerHistories_3___typename,props_pageProps_match_matchInfo_team1_playerHistories_3_playerDetails___typename,props_pageProps_match_matchInfo_team1_playerHistories_3_playerDetails_factorId,props_pageProps_match_matchInfo_team1_playerHistories_3_playerDetails_fullName,props_pageProps_match_matchInfo_team1_playerHistories_3_playerDetails_headshotUrl,props_pageProps_match_matchInfo_team1_playerHistories_3_playerDetails_name,props_pageProps_match_matchInfo_team1_playerHistories_3_playerDetails_perid,props_pageProps_match_matchInfo_team1_playerHistories_3_playerPerid,props_pageProps_match_matchInfo_team1_playerHistories_3_role,props_pageProps_match_matchInfo_team1_playerHistories_3_tournamentUrn,props_pageProps_match_matchInfo_team1_playerHistories_4___typename,props_pageProps_match_matchInfo_team1_playerHistories_4_playerDetails___typename,props_pageProps_match_matchInfo_team1_playerHistories_4_playerDetails_factorId,props_pageProps_match_matchInfo_team1_playerHistories_4_playerDetails_fullName,props_pageProps_match_matchInfo_team1_playerHistories_4_playerDetails_headshotUrl,props_pageProps_match_matchInfo_team1_playerHistories_4_playerDetails_name,props_pageProps_match_matchInfo_team1_playerHistories_4_playerDetails_perid,props_pageProps_match_matchInfo_team1_playerHistories_4_playerPerid,props_pageProps_match_matchInfo_team1_playerHistories_4_role,props_pageProps_match_matchInfo_team1_playerHistories_4_tournamentUrn,props_pageProps_match_matchInfo_team1_powrRanking___typename,props_pageProps_match_matchInfo_team1_powrRanking_gameRecord,props_pageProps_match_matchInfo_team1_powrRanking_gamesPlayed,props_pageProps_match_matchInfo_team1_powrRanking_prevRanking,props_pageProps_match_matchInfo_team1_powrRanking_rank,props_pageProps_match_matchInfo_team1_powrRanking_ranking,props_pageProps_match_matchInfo_team1_powrRanking_team,props_pageProps_match_matchInfo_team1_powrRanking_teamPerid,props_pageProps_match_matchInfo_team1_roster_0_playerDetails___typename,props_pageProps_match_matchInfo_team1_roster_0_playerDetails_factorId,props_pageProps_match_matchInfo_team1_roster_0_playerDetails_fullName,props_pageProps_match_matchInfo_team1_roster_0_playerDetails_headshotUrl,props_pageProps_match_matchInfo_team1_roster_0_playerDetails_name,props_pageProps_match_matchInfo_team1_roster_0_playerDetails_perid,props_pageProps_match_matchInfo_team1_roster_0_playerName,props_pageProps_match_matchInfo_team1_roster_0_playerPerid,props_pageProps_match_matchInfo_team1_roster_0_role,props_pageProps_match_matchInfo_team1_roster_1_playerDetails___typename,props_pageProps_match_matchInfo_team1_roster_1_playerDetails_factorId,props_pageProps_match_matchInfo_team1_roster_1_playerDetails_fullName,props_pageProps_match_matchInfo_team1_roster_1_playerDetails_headshotUrl,props_pageProps_match_matchInfo_team1_roster_1_playerDetails_name,props_pageProps_match_matchInfo_team1_roster_1_playerDetails_perid,props_pageProps_match_matchInfo_team1_roster_1_playerName,props_pageProps_match_matchInfo_team1_roster_1_playerPerid,props_pageProps_match_matchInfo_team1_roster_1_role,props_pageProps_match_matchInfo_team1_roster_2_playerDetails___typename,props_pageProps_match_matchInfo_team1_roster_2_playerDetails_factorId,props_pageProps_match_matchInfo_team1_roster_2_playerDetails_fullName,props_pageProps_match_matchInfo_team1_roster_2_playerDetails_headshotUrl,props_pageProps_match_matchInfo_team1_roster_2_playerDetails_name,props_pageProps_match_matchInfo_team1_roster_2_playerDetails_perid,props_pageProps_match_matchInfo_team1_roster_2_playerName,props_pageProps_match_matchInfo_team1_roster_2_playerPerid,props_pageProps_match_matchInfo_team1_roster_2_role,props_pageProps_match_matchInfo_team1_roster_3_playerDetails___typename,props_pageProps_match_matchInfo_team1_roster_3_playerDetails_factorId,props_pageProps_match_matchInfo_team1_roster_3_playerDetails_fullName,props_pageProps_match_matchInfo_team1_roster_3_playerDetails_headshotUrl,props_pageProps_match_matchInfo_team1_roster_3_playerDetails_name,props_pageProps_match_matchInfo_team1_roster_3_playerDetails_perid,props_pageProps_match_matchInfo_team1_roster_3_playerName,props_pageProps_match_matchInfo_team1_roster_3_playerPerid,props_pageProps_match_matchInfo_team1_roster_3_role,props_pageProps_match_matchInfo_team1_roster_4_playerDetails___typename,props_pageProps_match_matchInfo_team1_roster_4_playerDetails_factorId,props_pageProps_match_matchInfo_team1_roster_4_playerDetails_fullName,props_pageProps_match_matchInfo_team1_roster_4_playerDetails_headshotUrl,props_pageProps_match_matchInfo_team1_roster_4_playerDetails_name,props_pageProps_match_matchInfo_team1_roster_4_playerDetails_perid,props_pageProps_match_matchInfo_team1_roster_4_playerName,props_pageProps_match_matchInfo_team1_roster_4_playerPerid,props_pageProps_match_matchInfo_team1_roster_4_role,props_pageProps_match_matchInfo_team1_teamLogo___typename,props_pageProps_match_matchInfo_team1_teamLogo_darkFlip,props_pageProps_match_matchInfo_team1_teamLogo_darkShadow,props_pageProps_match_matchInfo_team1_teamLogo_logoUrl,props_pageProps_match_matchInfo_team1_teamUrn,props_pageProps_match_matchInfo_team1_tournaments_0___typename,props_pageProps_match_matchInfo_team1_tournaments_0_series___typename,props_pageProps_match_matchInfo_team1_tournaments_0_series_seriesName,props_pageProps_match_matchInfo_team1_tournaments_0_series_seriesUrn,props_pageProps_match_matchInfo_team1_tournaments_0_tournamentUrn,props_pageProps_match_matchInfo_team2___typename,props_pageProps_match_matchInfo_team2_abbreviation,props_pageProps_match_matchInfo_team2_factorId,props_pageProps_match_matchInfo_team2_fullName,props_pageProps_match_matchInfo_team2_gameRecord_totalLost,props_pageProps_match_matchInfo_team2_gameRecord_totalWin,props_pageProps_match_matchInfo_team2_playerHistories_0___typename,props_pageProps_match_matchInfo_team2_playerHistories_0_playerDetails___typename,props_pageProps_match_matchInfo_team2_playerHistories_0_playerDetails_factorId,props_pageProps_match_matchInfo_team2_playerHistories_0_playerDetails_fullName,props_pageProps_match_matchInfo_team2_playerHistories_0_playerDetails_headshotUrl,props_pageProps_match_matchInfo_team2_playerHistories_0_playerDetails_name,props_pageProps_match_matchInfo_team2_playerHistories_0_playerDetails_perid,props_pageProps_match_matchInfo_team2_playerHistories_0_playerPerid,props_pageProps_match_matchInfo_team2_playerHistories_0_role,props_pageProps_match_matchInfo_team2_playerHistories_0_tournamentUrn,props_pageProps_match_matchInfo_team2_playerHistories_1___typename,props_pageProps_match_matchInfo_team2_playerHistories_1_playerDetails___typename,props_pageProps_match_matchInfo_team2_playerHistories_1_playerDetails_factorId,props_pageProps_match_matchInfo_team2_playerHistories_1_playerDetails_fullName,props_pageProps_match_matchInfo_team2_playerHistories_1_playerDetails_headshotUrl,props_pageProps_match_matchInfo_team2_playerHistories_1_playerDetails_name,props_pageProps_match_matchInfo_team2_playerHistories_1_playerDetails_perid,props_pageProps_match_matchInfo_team2_playerHistories_1_playerPerid,props_pageProps_match_matchInfo_team2_playerHistories_1_role,props_pageProps_match_matchInfo_team2_playerHistories_1_tournamentUrn,props_pageProps_match_matchInfo_team2_playerHistories_2___typename,props_pageProps_match_matchInfo_team2_playerHistories_2_playerDetails___typename,props_pageProps_match_matchInfo_team2_playerHistories_2_playerDetails_factorId,props_pageProps_match_matchInfo_team2_playerHistories_2_playerDetails_fullName,props_pageProps_match_matchInfo_team2_playerHistories_2_playerDetails_headshotUrl,props_pageProps_match_matchInfo_team2_playerHistories_2_playerDetails_name,props_pageProps_match_matchInfo_team2_playerHistories_2_playerDetails_perid,props_pageProps_match_matchInfo_team2_playerHistories_2_playerPerid,props_pageProps_match_matchInfo_team2_playerHistories_2_role,props_pageProps_match_matchInfo_team2_playerHistories_2_tournamentUrn,props_pageProps_match_matchInfo_team2_playerHistories_3___typename,props_pageProps_match_matchInfo_team2_playerHistories_3_playerDetails___typename,props_pageProps_match_matchInfo_team2_playerHistories_3_playerDetails_factorId,props_pageProps_match_matchInfo_team2_playerHistories_3_playerDetails_fullName,props_pageProps_match_matchInfo_team2_playerHistories_3_playerDetails_headshotUrl,props_pageProps_match_matchInfo_team2_playerHistories_3_playerDetails_name,props_pageProps_match_matchInfo_team2_playerHistories_3_playerDetails_perid,props_pageProps_match_matchInfo_team2_playerHistories_3_playerPerid,props_pageProps_match_matchInfo_team2_playerHistories_3_role,props_pageProps_match_matchInfo_team2_playerHistories_3_tournamentUrn,props_pageProps_match_matchInfo_team2_playerHistories_4___typename,props_pageProps_match_matchInfo_team2_playerHistories_4_playerDetails___typename,props_pageProps_match_matchInfo_team2_playerHistories_4_playerDetails_factorId,props_pageProps_match_matchInfo_team2_playerHistories_4_playerDetails_fullName,props_pageProps_match_matchInfo_team2_playerHistories_4_playerDetails_headshotUrl,props_pageProps_match_matchInfo_team2_playerHistories_4_playerDetails_name,props_pageProps_match_matchInfo_team2_playerHistories_4_playerDetails_perid,props_pageProps_match_matchInfo_team2_playerHistories_4_playerPerid,props_pageProps_match_matchInfo_team2_playerHistories_4_role,props_pageProps_match_matchInfo_team2_playerHistories_4_tournamentUrn,props_pageProps_match_matchInfo_team2_playerHistories_5___typename,props_pageProps_match_matchInfo_team2_playerHistories_5_playerDetails___typename,props_pageProps_match_matchInfo_team2_playerHistories_5_playerDetails_factorId,props_pageProps_match_matchInfo_team2_playerHistories_5_playerDetails_fullName,props_pageProps_match_matchInfo_team2_playerHistories_5_playerDetails_headshotUrl,props_pageProps_match_matchInfo_team2_playerHistories_5_playerDetails_name,props_pageProps_match_matchInfo_team2_playerHistories_5_playerDetails_perid,props_pageProps_match_matchInfo_team2_playerHistories_5_playerPerid,props_pageProps_match_matchInfo_team2_playerHistories_5_role,props_pageProps_match_matchInfo_team2_playerHistories_5_tournamentUrn,props_pageProps_match_matchInfo_team2_playerHistories_6___typename,props_pageProps_match_matchInfo_team2_playerHistories_6_playerDetails___typename,props_pageProps_match_matchInfo_team2_playerHistories_6_playerDetails_factorId,props_pageProps_match_matchInfo_team2_playerHistories_6_playerDetails_fullName,props_pageProps_match_matchInfo_team2_playerHistories_6_playerDetails_headshotUrl,props_pageProps_match_matchInfo_team2_playerHistories_6_playerDetails_name,props_pageProps_match_matchInfo_team2_playerHistories_6_playerDetails_perid,props_pageProps_match_matchInfo_team2_playerHistories_6_playerPerid,props_pageProps_match_matchInfo_team2_playerHistories_6_role,props_pageProps_match_matchInfo_team2_playerHistories_6_tournamentUrn,props_pageProps_match_matchInfo_team2_playerHistories_7___typename,props_pageProps_match_matchInfo_team2_playerHistories_7_playerDetails___typename,props_pageProps_match_matchInfo_team2_playerHistories_7_playerDetails_factorId,props_pageProps_match_matchInfo_team2_playerHistories_7_playerDetails_fullName,props_pageProps_match_matchInfo_team2_playerHistories_7_playerDetails_headshotUrl,props_pageProps_match_matchInfo_team2_playerHistories_7_playerDetails_name,props_pageProps_match_matchInfo_team2_playerHistories_7_playerDetails_perid,props_pageProps_match_matchInfo_team2_playerHistories_7_playerPerid,props_pageProps_match_matchInfo_team2_playerHistories_7_role,props_pageProps_match_matchInfo_team2_playerHistories_7_tournamentUrn,props_pageProps_match_matchInfo_team2_playerHistories_8___typename,props_pageProps_match_matchInfo_team2_playerHistories_8_playerDetails___typename,props_pageProps_match_matchInfo_team2_playerHistories_8_playerDetails_factorId,props_pageProps_match_matchInfo_team2_playerHistories_8_playerDetails_fullName,props_pageProps_match_matchInfo_team2_playerHistories_8_playerDetails_headshotUrl,props_pageProps_match_matchInfo_team2_playerHistories_8_playerDetails_name,props_pageProps_match_matchInfo_team2_playerHistories_8_playerDetails_perid,props_pageProps_match_matchInfo_team2_playerHistories_8_playerPerid,props_pageProps_match_matchInfo_team2_playerHistories_8_role,props_pageProps_match_matchInfo_team2_playerHistories_8_tournamentUrn,props_pageProps_match_matchInfo_team2_playerHistories_9___typename,props_pageProps_match_matchInfo_team2_playerHistories_9_playerDetails___typename,props_pageProps_match_matchInfo_team2_playerHistories_9_playerDetails_factorId,props_pageProps_match_matchInfo_team2_playerHistories_9_playerDetails_fullName,props_pageProps_match_matchInfo_team2_playerHistories_9_playerDetails_headshotUrl,props_pageProps_match_matchInfo_team2_playerHistories_9_playerDetails_name,props_pageProps_match_matchInfo_team2_playerHistories_9_playerDetails_perid,props_pageProps_match_matchInfo_team2_playerHistories_9_playerPerid,props_pageProps_match_matchInfo_team2_playerHistories_9_role,props_pageProps_match_matchInfo_team2_playerHistories_9_tournamentUrn,props_pageProps_match_matchInfo_team2_playerHistories_10___typename,props_pageProps_match_matchInfo_team2_playerHistories_10_playerDetails___typename,props_pageProps_match_matchInfo_team2_playerHistories_10_playerDetails_factorId,props_pageProps_match_matchInfo_team2_playerHistories_10_playerDetails_fullName,props_pageProps_match_matchInfo_team2_playerHistories_10_playerDetails_headshotUrl,props_pageProps_match_matchInfo_team2_playerHistories_10_playerDetails_name,props_pageProps_match_matchInfo_team2_playerHistories_10_playerDetails_perid,props_pageProps_match_matchInfo_team2_playerHistories_10_playerPerid,props_pageProps_match_matchInfo_team2_playerHistories_10_role,props_pageProps_match_matchInfo_team2_playerHistories_10_tournamentUrn,props_pageProps_match_matchInfo_team2_playerHistories_11___typename,props_pageProps_match_matchInfo_team2_playerHistories_11_playerDetails___typename,props_pageProps_match_matchInfo_team2_playerHistories_11_playerDetails_factorId,props_pageProps_match_matchInfo_team2_playerHistories_11_playerDetails_fullName,props_pageProps_match_matchInfo_team2_playerHistories_11_playerDetails_headshotUrl,props_pageProps_match_matchInfo_team2_playerHistories_11_playerDetails_name,props_pageProps_match_matchInfo_team2_playerHistories_11_playerDetails_perid,props_pageProps_match_matchInfo_team2_playerHistories_11_playerPerid,props_pageProps_match_matchInfo_team2_playerHistories_11_role,props_pageProps_match_matchInfo_team2_playerHistories_11_tournamentUrn,props_pageProps_match_matchInfo_team2_playerHistories_12___typename,props_pageProps_match_matchInfo_team2_playerHistories_12_playerDetails___typename,props_pageProps_match_matchInfo_team2_playerHistories_12_playerDetails_factorId,props_pageProps_match_matchInfo_team2_playerHistories_12_playerDetails_fullName,props_pageProps_match_matchInfo_team2_playerHistories_12_playerDetails_headshotUrl,props_pageProps_match_matchInfo_team2_playerHistories_12_playerDetails_name,props_pageProps_match_matchInfo_team2_playerHistories_12_playerDetails_perid,props_pageProps_match_matchInfo_team2_playerHistories_12_playerPerid,props_pageProps_match_matchInfo_team2_playerHistories_12_role,props_pageProps_match_matchInfo_team2_playerHistories_12_tournamentUrn,props_pageProps_match_matchInfo_team2_playerHistories_13___typename,props_pageProps_match_matchInfo_team2_playerHistories_13_playerDetails___typename,props_pageProps_match_matchInfo_team2_playerHistories_13_playerDetails_factorId,props_pageProps_match_matchInfo_team2_playerHistories_13_playerDetails_fullName,props_pageProps_match_matchInfo_team2_playerHistories_13_playerDetails_headshotUrl,props_pageProps_match_matchInfo_team2_playerHistories_13_playerDetails_name,props_pageProps_match_matchInfo_team2_playerHistories_13_playerDetails_perid,props_pageProps_match_matchInfo_team2_playerHistories_13_playerPerid,props_pageProps_match_matchInfo_team2_playerHistories_13_role,props_pageProps_match_matchInfo_team2_playerHistories_13_tournamentUrn,props_pageProps_match_matchInfo_team2_playerHistories_14___typename,props_pageProps_match_matchInfo_team2_playerHistories_14_playerDetails___typename,props_pageProps_match_matchInfo_team2_playerHistories_14_playerDetails_factorId,props_pageProps_match_matchInfo_team2_playerHistories_14_playerDetails_fullName,props_pageProps_match_matchInfo_team2_playerHistories_14_playerDetails_headshotUrl,props_pageProps_match_matchInfo_team2_playerHistories_14_playerDetails_name,props_pageProps_match_matchInfo_team2_playerHistories_14_playerDetails_perid,props_pageProps_match_matchInfo_team2_playerHistories_14_playerPerid,props_pageProps_match_matchInfo_team2_playerHistories_14_role,props_pageProps_match_matchInfo_team2_playerHistories_14_tournamentUrn,props_pageProps_match_matchInfo_team2_playerHistories_15___typename,props_pageProps_match_matchInfo_team2_playerHistories_15_playerDetails___typename,props_pageProps_match_matchInfo_team2_playerHistories_15_playerDetails_factorId,props_pageProps_match_matchInfo_team2_playerHistories_15_playerDetails_fullName,props_pageProps_match_matchInfo_team2_playerHistories_15_playerDetails_headshotUrl,props_pageProps_match_matchInfo_team2_playerHistories_15_playerDetails_name,props_pageProps_match_matchInfo_team2_playerHistories_15_playerDetails_perid,props_pageProps_match_matchInfo_team2_playerHistories_15_playerPerid,props_pageProps_match_matchInfo_team2_playerHistories_15_role,props_pageProps_match_matchInfo_team2_playerHistories_15_tournamentUrn,props_pageProps_match_matchInfo_team2_playerHistories_16___typename,props_pageProps_match_matchInfo_team2_playerHistories_16_playerDetails___typename,props_pageProps_match_matchInfo_team2_playerHistories_16_playerDetails_factorId,props_pageProps_match_matchInfo_team2_playerHistories_16_playerDetails_fullName,props_pageProps_match_matchInfo_team2_playerHistories_16_playerDetails_headshotUrl,props_pageProps_match_matchInfo_team2_playerHistories_16_playerDetails_name,props_pageProps_match_matchInfo_team2_playerHistories_16_playerDetails_perid,props_pageProps_match_matchInfo_team2_playerHistories_16_playerPerid,props_pageProps_match_matchInfo_team2_playerHistories_16_role,props_pageProps_match_matchInfo_team2_playerHistories_16_tournamentUrn,props_pageProps_match_matchInfo_team2_playerHistories_17___typename,props_pageProps_match_matchInfo_team2_playerHistories_17_playerDetails___typename,props_pageProps_match_matchInfo_team2_playerHistories_17_playerDetails_factorId,props_pageProps_match_matchInfo_team2_playerHistories_17_playerDetails_fullName,props_pageProps_match_matchInfo_team2_playerHistories_17_playerDetails_headshotUrl,props_pageProps_match_matchInfo_team2_playerHistories_17_playerDetails_name,props_pageProps_match_matchInfo_team2_playerHistories_17_playerDetails_perid,props_pageProps_match_matchInfo_team2_playerHistories_17_playerPerid,props_pageProps_match_matchInfo_team2_playerHistories_17_role,props_pageProps_match_matchInfo_team2_playerHistories_17_tournamentUrn,props_pageProps_match_matchInfo_team2_playerHistories_18___typename,props_pageProps_match_matchInfo_team2_playerHistories_18_playerDetails___typename,props_pageProps_match_matchInfo_team2_playerHistories_18_playerDetails_factorId,props_pageProps_match_matchInfo_team2_playerHistories_18_playerDetails_fullName,props_pageProps_match_matchInfo_team2_playerHistories_18_playerDetails_headshotUrl,props_pageProps_match_matchInfo_team2_playerHistories_18_playerDetails_name,props_pageProps_match_matchInfo_team2_playerHistories_18_playerDetails_perid,props_pageProps_match_matchInfo_team2_playerHistories_18_playerPerid,props_pageProps_match_matchInfo_team2_playerHistories_18_role,props_pageProps_match_matchInfo_team2_playerHistories_18_tournamentUrn,props_pageProps_match_matchInfo_team2_playerHistories_19___typename,props_pageProps_match_matchInfo_team2_playerHistories_19_playerDetails___typename,props_pageProps_match_matchInfo_team2_playerHistories_19_playerDetails_factorId,props_pageProps_match_matchInfo_team2_playerHistories_19_playerDetails_fullName,props_pageProps_match_matchInfo_team2_playerHistories_19_playerDetails_headshotUrl,props_pageProps_match_matchInfo_team2_playerHistories_19_playerDetails_name,props_pageProps_match_matchInfo_team2_playerHistories_19_playerDetails_perid,props_pageProps_match_matchInfo_team2_playerHistories_19_playerPerid,props_pageProps_match_matchInfo_team2_playerHistories_19_role,props_pageProps_match_matchInfo_team2_playerHistories_19_tournamentUrn,props_pageProps_match_matchInfo_team2_playerHistories_20___typename,props_pageProps_match_matchInfo_team2_playerHistories_20_playerDetails___typename,props_pageProps_match_matchInfo_team2_playerHistories_20_playerDetails_factorId,props_pageProps_match_matchInfo_team2_playerHistories_20_playerDetails_fullName,props_pageProps_match_matchInfo_team2_playerHistories_20_playerDetails_headshotUrl,props_pageProps_match_matchInfo_team2_playerHistories_20_playerDetails_name,props_pageProps_match_matchInfo_team2_playerHistories_20_playerDetails_perid,props_pageProps_match_matchInfo_team2_playerHistories_20_playerPerid,props_pageProps_match_matchInfo_team2_playerHistories_20_role,props_pageProps_match_matchInfo_team2_playerHistories_20_tournamentUrn,props_pageProps_match_matchInfo_team2_playerHistories_21___typename,props_pageProps_match_matchInfo_team2_playerHistories_21_playerDetails___typename,props_pageProps_match_matchInfo_team2_playerHistories_21_playerDetails_factorId,props_pageProps_match_matchInfo_team2_playerHistories_21_playerDetails_fullName,props_pageProps_match_matchInfo_team2_playerHistories_21_playerDetails_headshotUrl,props_pageProps_match_matchInfo_team2_playerHistories_21_playerDetails_name,props_pageProps_match_matchInfo_team2_playerHistories_21_playerDetails_perid,props_pageProps_match_matchInfo_team2_playerHistories_21_playerPerid,props_pageProps_match_matchInfo_team2_playerHistories_21_role,props_pageProps_match_matchInfo_team2_playerHistories_21_tournamentUrn,props_pageProps_match_matchInfo_team2_playerHistories_22___typename,props_pageProps_match_matchInfo_team2_playerHistories_22_playerDetails___typename,props_pageProps_match_matchInfo_team2_playerHistories_22_playerDetails_factorId,props_pageProps_match_matchInfo_team2_playerHistories_22_playerDetails_fullName,props_pageProps_match_matchInfo_team2_playerHistories_22_playerDetails_headshotUrl,props_pageProps_match_matchInfo_team2_playerHistories_22_playerDetails_name,props_pageProps_match_matchInfo_team2_playerHistories_22_playerDetails_perid,props_pageProps_match_matchInfo_team2_playerHistories_22_playerPerid,props_pageProps_match_matchInfo_team2_playerHistories_22_role,props_pageProps_match_matchInfo_team2_playerHistories_22_tournamentUrn,props_pageProps_match_matchInfo_team2_playerHistories_23___typename,props_pageProps_match_matchInfo_team2_playerHistories_23_playerDetails___typename,props_pageProps_match_matchInfo_team2_playerHistories_23_playerDetails_factorId,props_pageProps_match_matchInfo_team2_playerHistories_23_playerDetails_fullName,props_pageProps_match_matchInfo_team2_playerHistories_23_playerDetails_headshotUrl,props_pageProps_match_matchInfo_team2_playerHistories_23_playerDetails_name,props_pageProps_match_matchInfo_team2_playerHistories_23_playerDetails_perid,props_pageProps_match_matchInfo_team2_playerHistories_23_playerPerid,props_pageProps_match_matchInfo_team2_playerHistories_23_role,props_pageProps_match_matchInfo_team2_playerHistories_23_tournamentUrn,props_pageProps_match_matchInfo_team2_playerHistories_24___typename,props_pageProps_match_matchInfo_team2_playerHistories_24_playerDetails___typename,props_pageProps_match_matchInfo_team2_playerHistories_24_playerDetails_factorId,props_pageProps_match_matchInfo_team2_playerHistories_24_playerDetails_fullName,props_pageProps_match_matchInfo_team2_playerHistories_24_playerDetails_headshotUrl,props_pageProps_match_matchInfo_team2_playerHistories_24_playerDetails_name,props_pageProps_match_matchInfo_team2_playerHistories_24_playerDetails_perid,props_pageProps_match_matchInfo_team2_playerHistories_24_playerPerid,props_pageProps_match_matchInfo_team2_playerHistories_24_role,props_pageProps_match_matchInfo_team2_playerHistories_24_tournamentUrn,props_pageProps_match_matchInfo_team2_playerHistories_25___typename,props_pageProps_match_matchInfo_team2_playerHistories_25_playerDetails___typename,props_pageProps_match_matchInfo_team2_playerHistories_25_playerDetails_factorId,props_pageProps_match_matchInfo_team2_playerHistories_25_playerDetails_fullName,props_pageProps_match_matchInfo_team2_playerHistories_25_playerDetails_headshotUrl,props_pageProps_match_matchInfo_team2_playerHistories_25_playerDetails_name,props_pageProps_match_matchInfo_team2_playerHistories_25_playerDetails_perid,props_pageProps_match_matchInfo_team2_playerHistories_25_playerPerid,props_pageProps_match_matchInfo_team2_playerHistories_25_role,props_pageProps_match_matchInfo_team2_playerHistories_25_tournamentUrn,props_pageProps_match_matchInfo_team2_playerHistories_26___typename,props_pageProps_match_matchInfo_team2_playerHistories_26_playerDetails___typename,props_pageProps_match_matchInfo_team2_playerHistories_26_playerDetails_factorId,props_pageProps_match_matchInfo_team2_playerHistories_26_playerDetails_fullName,props_pageProps_match_matchInfo_team2_playerHistories_26_playerDetails_headshotUrl,props_pageProps_match_matchInfo_team2_playerHistories_26_playerDetails_name,props_pageProps_match_matchInfo_team2_playerHistories_26_playerDetails_perid,props_pageProps_match_matchInfo_team2_playerHistories_26_playerPerid,props_pageProps_match_matchInfo_team2_playerHistories_26_role,props_pageProps_match_matchInfo_team2_playerHistories_26_tournamentUrn,props_pageProps_match_matchInfo_team2_playerHistories_27___typename,props_pageProps_match_matchInfo_team2_playerHistories_27_playerDetails___typename,props_pageProps_match_matchInfo_team2_playerHistories_27_playerDetails_factorId,props_pageProps_match_matchInfo_team2_playerHistories_27_playerDetails_fullName,props_pageProps_match_matchInfo_team2_playerHistories_27_playerDetails_headshotUrl,props_pageProps_match_matchInfo_team2_playerHistories_27_playerDetails_name,props_pageProps_match_matchInfo_team2_playerHistories_27_playerDetails_perid,props_pageProps_match_matchInfo_team2_playerHistories_27_playerPerid,props_pageProps_match_matchInfo_team2_playerHistories_27_role,props_pageProps_match_matchInfo_team2_playerHistories_27_tournamentUrn,props_pageProps_match_matchInfo_team2_powrRanking___typename,props_pageProps_match_matchInfo_team2_powrRanking_gameRecord,props_pageProps_match_matchInfo_team2_powrRanking_gamesPlayed,props_pageProps_match_matchInfo_team2_powrRanking_prevRanking,props_pageProps_match_matchInfo_team2_powrRanking_rank,props_pageProps_match_matchInfo_team2_powrRanking_ranking,props_pageProps_match_matchInfo_team2_powrRanking_team,props_pageProps_match_matchInfo_team2_powrRanking_teamPerid,props_pageProps_match_matchInfo_team2_roster_0___typename,props_pageProps_match_matchInfo_team2_roster_0_playerDetails___typename,props_pageProps_match_matchInfo_team2_roster_0_playerDetails_factorId,props_pageProps_match_matchInfo_team2_roster_0_playerDetails_fullName,props_pageProps_match_matchInfo_team2_roster_0_playerDetails_headshotUrl,props_pageProps_match_matchInfo_team2_roster_0_playerDetails_name,props_pageProps_match_matchInfo_team2_roster_0_playerDetails_perid,props_pageProps_match_matchInfo_team2_roster_0_playerName,props_pageProps_match_matchInfo_team2_roster_0_playerPerid,props_pageProps_match_matchInfo_team2_roster_0_role,props_pageProps_match_matchInfo_team2_roster_1_playerDetails___typename,props_pageProps_match_matchInfo_team2_roster_1_playerDetails_factorId,props_pageProps_match_matchInfo_team2_roster_1_playerDetails_fullName,props_pageProps_match_matchInfo_team2_roster_1_playerDetails_headshotUrl,props_pageProps_match_matchInfo_team2_roster_1_playerDetails_name,props_pageProps_match_matchInfo_team2_roster_1_playerDetails_perid,props_pageProps_match_matchInfo_team2_roster_1_playerName,props_pageProps_match_matchInfo_team2_roster_1_playerPerid,props_pageProps_match_matchInfo_team2_roster_1_role,props_pageProps_match_matchInfo_team2_roster_2_playerDetails___typename,props_pageProps_match_matchInfo_team2_roster_2_playerDetails_factorId,props_pageProps_match_matchInfo_team2_roster_2_playerDetails_fullName,props_pageProps_match_matchInfo_team2_roster_2_playerDetails_headshotUrl,props_pageProps_match_matchInfo_team2_roster_2_playerDetails_name,props_pageProps_match_matchInfo_team2_roster_2_playerDetails_perid,props_pageProps_match_matchInfo_team2_roster_2_playerName,props_pageProps_match_matchInfo_team2_roster_2_playerPerid,props_pageProps_match_matchInfo_team2_roster_2_role,props_pageProps_match_matchInfo_team2_roster_3_playerDetails___typename,props_pageProps_match_matchInfo_team2_roster_3_playerDetails_factorId,props_pageProps_match_matchInfo_team2_roster_3_playerDetails_fullName,props_pageProps_match_matchInfo_team2_roster_3_playerDetails_headshotUrl,props_pageProps_match_matchInfo_team2_roster_3_playerDetails_name,props_pageProps_match_matchInfo_team2_roster_3_playerDetails_perid,props_pageProps_match_matchInfo_team2_roster_3_playerName,props_pageProps_match_matchInfo_team2_roster_3_playerPerid,props_pageProps_match_matchInfo_team2_roster_3_role,props_pageProps_match_matchInfo_team2_roster_4_playerDetails___typename,props_pageProps_match_matchInfo_team2_roster_4_playerDetails_factorId,props_pageProps_match_matchInfo_team2_roster_4_playerDetails_fullName,props_pageProps_match_matchInfo_team2_roster_4_playerDetails_headshotUrl,props_pageProps_match_matchInfo_team2_roster_4_playerDetails_name,props_pageProps_match_matchInfo_team2_roster_4_playerDetails_perid,props_pageProps_match_matchInfo_team2_roster_4_playerName,props_pageProps_match_matchInfo_team2_roster_4_playerPerid,props_pageProps_match_matchInfo_team2_roster_4_role,props_pageProps_match_matchInfo_team2_roster_5_playerDetails___typename,props_pageProps_match_matchInfo_team2_roster_5_playerDetails_factorId,props_pageProps_match_matchInfo_team2_roster_5_playerDetails_fullName,props_pageProps_match_matchInfo_team2_roster_5_playerDetails_headshotUrl,props_pageProps_match_matchInfo_team2_roster_5_playerDetails_name,props_pageProps_match_matchInfo_team2_roster_5_playerDetails_perid,props_pageProps_match_matchInfo_team2_roster_5_playerName,props_pageProps_match_matchInfo_team2_roster_5_playerPerid,props_pageProps_match_matchInfo_team2_roster_5_role,props_pageProps_match_matchInfo_team2_roster_6_playerDetails___typename,props_pageProps_match_matchInfo_team2_roster_6_playerDetails_factorId,props_pageProps_match_matchInfo_team2_roster_6_playerDetails_fullName,props_pageProps_match_matchInfo_team2_roster_6_playerDetails_headshotUrl,props_pageProps_match_matchInfo_team2_roster_6_playerDetails_name,props_pageProps_match_matchInfo_team2_roster_6_playerDetails_perid,props_pageProps_match_matchInfo_team2_roster_6_playerName,props_pageProps_match_matchInfo_team2_roster_6_playerPerid,props_pageProps_match_matchInfo_team2_roster_6_role,props_pageProps_match_matchInfo_team2_teamLogo___typename,props_pageProps_match_matchInfo_team2_teamLogo_darkFlip,props_pageProps_match_matchInfo_team2_teamLogo_darkShadow,props_pageProps_match_matchInfo_team2_teamLogo_logoUrl,props_pageProps_match_matchInfo_team2_teamUrn,props_pageProps_match_matchInfo_team2_tournaments_0___typename,props_pageProps_match_matchInfo_team2_tournaments_0_series___typename,props_pageProps_match_matchInfo_team2_tournaments_0_series_seriesName,props_pageProps_match_matchInfo_team2_tournaments_0_series_seriesUrn,props_pageProps_match_matchInfo_team2_tournaments_0_tournamentUrn,props_pageProps_match_matchInfo_team2_tournaments_1___typename,props_pageProps_match_matchInfo_team2_tournaments_1_series___typename,props_pageProps_match_matchInfo_team2_tournaments_1_series_seriesName,props_pageProps_match_matchInfo_team2_tournaments_1_series_seriesUrn,props_pageProps_match_matchInfo_team2_tournaments_1_tournamentUrn,props_pageProps_match_matchInfo_team2_tournaments_2___typename,props_pageProps_match_matchInfo_team2_tournaments_2_series___typename,props_pageProps_match_matchInfo_team2_tournaments_2_series_seriesName,props_pageProps_match_matchInfo_team2_tournaments_2_series_seriesUrn,props_pageProps_match_matchInfo_team2_tournaments_2_tournamentUrn,props_pageProps_match_matchInfo_tournament___typename,props_pageProps_match_matchInfo_tournament_endDate,props_pageProps_match_matchInfo_tournament_lastModified,props_pageProps_match_matchInfo_tournament_name,props_pageProps_match_matchInfo_tournament_season___typename,props_pageProps_match_matchInfo_tournament_season_seasonFullName,props_pageProps_match_matchInfo_tournament_season_seasonName,props_pageProps_match_matchInfo_tournament_season_seasonUrn,props_pageProps_match_matchInfo_tournament_series___typename,props_pageProps_match_matchInfo_tournament_series_seriesName,props_pageProps_match_matchInfo_tournament_series_seriesUrn,props_pageProps_match_matchInfo_tournament_startDate,props_pageProps_match_matchInfo_tournament_tier,props_pageProps_match_matchInfo_tournament_tierLabel,props_pageProps_match_matchInfo_tournament_titleId,props_pageProps_match_matchInfo_tournament_tournamentUrn,props_pageProps_match_pageState_gameNumber,props_pageProps_match_pageState_hasNoTabParams,props_pageProps_match_pageState_matchId,props_pageProps_match_pageState_postMatchTab,props_pageProps_match_seriesName,props_pageProps_match_team1___typename,props_pageProps_match_team1_abbreviation,props_pageProps_match_team1_factorId,props_pageProps_match_team1_fullName,props_pageProps_match_team1_playerHistories_0___typename,props_pageProps_match_team1_playerHistories_0_playerDetails___typename,props_pageProps_match_team1_playerHistories_0_playerDetails_factorId,props_pageProps_match_team1_playerHistories_0_playerDetails_fullName,props_pageProps_match_team1_playerHistories_0_playerDetails_headshotUrl,props_pageProps_match_team1_playerHistories_0_playerDetails_name,props_pageProps_match_team1_playerHistories_0_playerDetails_perid,props_pageProps_match_team1_playerHistories_0_playerPerid,props_pageProps_match_team1_playerHistories_0_role,props_pageProps_match_team1_playerHistories_0_tournamentUrn,props_pageProps_match_team1_playerHistories_1___typename,props_pageProps_match_team1_playerHistories_1_playerDetails___typename,props_pageProps_match_team1_playerHistories_1_playerDetails_factorId,props_pageProps_match_team1_playerHistories_1_playerDetails_fullName,props_pageProps_match_team1_playerHistories_1_playerDetails_headshotUrl,props_pageProps_match_team1_playerHistories_1_playerDetails_name,props_pageProps_match_team1_playerHistories_1_playerDetails_perid,props_pageProps_match_team1_playerHistories_1_playerPerid,props_pageProps_match_team1_playerHistories_1_role,props_pageProps_match_team1_playerHistories_1_tournamentUrn,props_pageProps_match_team1_playerHistories_2___typename,props_pageProps_match_team1_playerHistories_2_playerDetails___typename,props_pageProps_match_team1_playerHistories_2_playerDetails_factorId,props_pageProps_match_team1_playerHistories_2_playerDetails_fullName,props_pageProps_match_team1_playerHistories_2_playerDetails_headshotUrl,props_pageProps_match_team1_playerHistories_2_playerDetails_name,props_pageProps_match_team1_playerHistories_2_playerDetails_perid,props_pageProps_match_team1_playerHistories_2_playerPerid,props_pageProps_match_team1_playerHistories_2_role,props_pageProps_match_team1_playerHistories_2_tournamentUrn,props_pageProps_match_team1_playerHistories_3___typename,props_pageProps_match_team1_playerHistories_3_playerDetails___typename,props_pageProps_match_team1_playerHistories_3_playerDetails_factorId,props_pageProps_match_team1_playerHistories_3_playerDetails_fullName,props_pageProps_match_team1_playerHistories_3_playerDetails_headshotUrl,props_pageProps_match_team1_playerHistories_3_playerDetails_name,props_pageProps_match_team1_playerHistories_3_playerDetails_perid,props_pageProps_match_team1_playerHistories_3_playerPerid,props_pageProps_match_team1_playerHistories_3_role,props_pageProps_match_team1_playerHistories_3_tournamentUrn,props_pageProps_match_team1_playerHistories_4___typename,props_pageProps_match_team1_playerHistories_4_playerDetails___typename,props_pageProps_match_team1_playerHistories_4_playerDetails_factorId,props_pageProps_match_team1_playerHistories_4_playerDetails_fullName,props_pageProps_match_team1_playerHistories_4_playerDetails_headshotUrl,props_pageProps_match_team1_playerHistories_4_playerDetails_name,props_pageProps_match_team1_playerHistories_4_playerDetails_perid,props_pageProps_match_team1_playerHistories_4_playerPerid,props_pageProps_match_team1_playerHistories_4_role,props_pageProps_match_team1_playerHistories_4_tournamentUrn,props_pageProps_match_team1_powrRanking___typename,props_pageProps_match_team1_powrRanking_gameRecord,props_pageProps_match_team1_powrRanking_gamesPlayed,props_pageProps_match_team1_powrRanking_prevRanking,props_pageProps_match_team1_powrRanking_rank,props_pageProps_match_team1_powrRanking_ranking,props_pageProps_match_team1_powrRanking_team,props_pageProps_match_team1_powrRanking_teamPerid,props_pageProps_match_team1_teamLogo___typename,props_pageProps_match_team1_teamLogo_darkFlip,props_pageProps_match_team1_teamLogo_darkShadow,props_pageProps_match_team1_teamLogo_logoUrl,props_pageProps_match_team1_teamUrn,props_pageProps_match_team1_tournaments_0___typename,props_pageProps_match_team1_tournaments_0_series___typename,props_pageProps_match_team1_tournaments_0_series_seriesName,props_pageProps_match_team1_tournaments_0_series_seriesUrn,props_pageProps_match_team1_tournaments_0_tournamentUrn,props_pageProps_match_team2___typename,props_pageProps_match_team2_abbreviation,props_pageProps_match_team2_factorId,props_pageProps_match_team2_fullName,props_pageProps_match_team2_playerHistories_0___typename,props_pageProps_match_team2_playerHistories_0_playerDetails___typename,props_pageProps_match_team2_playerHistories_0_playerDetails_factorId,props_pageProps_match_team2_playerHistories_0_playerDetails_fullName,props_pageProps_match_team2_playerHistories_0_playerDetails_headshotUrl,props_pageProps_match_team2_playerHistories_0_playerDetails_name,props_pageProps_match_team2_playerHistories_0_playerDetails_perid,props_pageProps_match_team2_playerHistories_0_playerPerid,props_pageProps_match_team2_playerHistories_0_role,props_pageProps_match_team2_playerHistories_0_tournamentUrn,props_pageProps_match_team2_playerHistories_1___typename,props_pageProps_match_team2_playerHistories_1_playerDetails___typename,props_pageProps_match_team2_playerHistories_1_playerDetails_factorId,props_pageProps_match_team2_playerHistories_1_playerDetails_fullName,props_pageProps_match_team2_playerHistories_1_playerDetails_headshotUrl,props_pageProps_match_team2_playerHistories_1_playerDetails_name,props_pageProps_match_team2_playerHistories_1_playerDetails_perid,props_pageProps_match_team2_playerHistories_1_playerPerid,props_pageProps_match_team2_playerHistories_1_role,props_pageProps_match_team2_playerHistories_1_tournamentUrn,props_pageProps_match_team2_playerHistories_2___typename,props_pageProps_match_team2_playerHistories_2_playerDetails___typename,props_pageProps_match_team2_playerHistories_2_playerDetails_factorId,props_pageProps_match_team2_playerHistories_2_playerDetails_fullName,props_pageProps_match_team2_playerHistories_2_playerDetails_headshotUrl,props_pageProps_match_team2_playerHistories_2_playerDetails_name,props_pageProps_match_team2_playerHistories_2_playerDetails_perid,props_pageProps_match_team2_playerHistories_2_playerPerid,props_pageProps_match_team2_playerHistories_2_role,props_pageProps_match_team2_playerHistories_2_tournamentUrn,props_pageProps_match_team2_playerHistories_3___typename,props_pageProps_match_team2_playerHistories_3_playerDetails___typename,props_pageProps_match_team2_playerHistories_3_playerDetails_factorId,props_pageProps_match_team2_playerHistories_3_playerDetails_fullName,props_pageProps_match_team2_playerHistories_3_playerDetails_headshotUrl,props_pageProps_match_team2_playerHistories_3_playerDetails_name,props_pageProps_match_team2_playerHistories_3_playerDetails_perid,props_pageProps_match_team2_playerHistories_3_playerPerid,props_pageProps_match_team2_playerHistories_3_role,props_pageProps_match_team2_playerHistories_3_tournamentUrn,props_pageProps_match_team2_playerHistories_4___typename,props_pageProps_match_team2_playerHistories_4_playerDetails___typename,props_pageProps_match_team2_playerHistories_4_playerDetails_factorId,props_pageProps_match_team2_playerHistories_4_playerDetails_fullName,props_pageProps_match_team2_playerHistories_4_playerDetails_headshotUrl,props_pageProps_match_team2_playerHistories_4_playerDetails_name,props_pageProps_match_team2_playerHistories_4_playerDetails_perid,props_pageProps_match_team2_playerHistories_4_playerPerid,props_pageProps_match_team2_playerHistories_4_role,props_pageProps_match_team2_playerHistories_4_tournamentUrn,props_pageProps_match_team2_playerHistories_5___typename,props_pageProps_match_team2_playerHistories_5_playerDetails___typename,props_pageProps_match_team2_playerHistories_5_playerDetails_factorId,props_pageProps_match_team2_playerHistories_5_playerDetails_fullName,props_pageProps_match_team2_playerHistories_5_playerDetails_headshotUrl,props_pageProps_match_team2_playerHistories_5_playerDetails_name,props_pageProps_match_team2_playerHistories_5_playerDetails_perid,props_pageProps_match_team2_playerHistories_5_playerPerid,props_pageProps_match_team2_playerHistories_5_role,props_pageProps_match_team2_playerHistories_5_tournamentUrn,props_pageProps_match_team2_playerHistories_6___typename,props_pageProps_match_team2_playerHistories_6_playerDetails___typename,props_pageProps_match_team2_playerHistories_6_playerDetails_factorId,props_pageProps_match_team2_playerHistories_6_playerDetails_fullName,props_pageProps_match_team2_playerHistories_6_playerDetails_headshotUrl,props_pageProps_match_team2_playerHistories_6_playerDetails_name,props_pageProps_match_team2_playerHistories_6_playerDetails_perid,props_pageProps_match_team2_playerHistories_6_playerPerid,props_pageProps_match_team2_playerHistories_6_role,props_pageProps_match_team2_playerHistories_6_tournamentUrn,props_pageProps_match_team2_playerHistories_7___typename,props_pageProps_match_team2_playerHistories_7_playerDetails___typename,props_pageProps_match_team2_playerHistories_7_playerDetails_factorId,props_pageProps_match_team2_playerHistories_7_playerDetails_fullName,props_pageProps_match_team2_playerHistories_7_playerDetails_headshotUrl,props_pageProps_match_team2_playerHistories_7_playerDetails_name,props_pageProps_match_team2_playerHistories_7_playerDetails_perid,props_pageProps_match_team2_playerHistories_7_playerPerid,props_pageProps_match_team2_playerHistories_7_role,props_pageProps_match_team2_playerHistories_7_tournamentUrn,props_pageProps_match_team2_playerHistories_8___typename,props_pageProps_match_team2_playerHistories_8_playerDetails___typename,props_pageProps_match_team2_playerHistories_8_playerDetails_factorId,props_pageProps_match_team2_playerHistories_8_playerDetails_fullName,props_pageProps_match_team2_playerHistories_8_playerDetails_headshotUrl,props_pageProps_match_team2_playerHistories_8_playerDetails_name,props_pageProps_match_team2_playerHistories_8_playerDetails_perid,props_pageProps_match_team2_playerHistories_8_playerPerid,props_pageProps_match_team2_playerHistories_8_role,props_pageProps_match_team2_playerHistories_8_tournamentUrn,props_pageProps_match_team2_playerHistories_9___typename,props_pageProps_match_team2_playerHistories_9_playerDetails___typename,props_pageProps_match_team2_playerHistories_9_playerDetails_factorId,props_pageProps_match_team2_playerHistories_9_playerDetails_fullName,props_pageProps_match_team2_playerHistories_9_playerDetails_headshotUrl,props_pageProps_match_team2_playerHistories_9_playerDetails_name,props_pageProps_match_team2_playerHistories_9_playerDetails_perid,props_pageProps_match_team2_playerHistories_9_playerPerid,props_pageProps_match_team2_playerHistories_9_role,props_pageProps_match_team2_playerHistories_9_tournamentUrn,props_pageProps_match_team2_playerHistories_10___typename,props_pageProps_match_team2_playerHistories_10_playerDetails___typename,props_pageProps_match_team2_playerHistories_10_playerDetails_factorId,props_pageProps_match_team2_playerHistories_10_playerDetails_fullName,props_pageProps_match_team2_playerHistories_10_playerDetails_headshotUrl,props_pageProps_match_team2_playerHistories_10_playerDetails_name,props_pageProps_match_team2_playerHistories_10_playerDetails_perid,props_pageProps_match_team2_playerHistories_10_playerPerid,props_pageProps_match_team2_playerHistories_10_role,props_pageProps_match_team2_playerHistories_10_tournamentUrn,props_pageProps_match_team2_playerHistories_11___typename,props_pageProps_match_team2_playerHistories_11_playerDetails___typename,props_pageProps_match_team2_playerHistories_11_playerDetails_factorId,props_pageProps_match_team2_playerHistories_11_playerDetails_fullName,props_pageProps_match_team2_playerHistories_11_playerDetails_headshotUrl,props_pageProps_match_team2_playerHistories_11_playerDetails_name,props_pageProps_match_team2_playerHistories_11_playerDetails_perid,props_pageProps_match_team2_playerHistories_11_playerPerid,props_pageProps_match_team2_playerHistories_11_role,props_pageProps_match_team2_playerHistories_11_tournamentUrn,props_pageProps_match_team2_playerHistories_12___typename,props_pageProps_match_team2_playerHistories_12_playerDetails___typename,props_pageProps_match_team2_playerHistories_12_playerDetails_factorId,props_pageProps_match_team2_playerHistories_12_playerDetails_fullName,props_pageProps_match_team2_playerHistories_12_playerDetails_headshotUrl,props_pageProps_match_team2_playerHistories_12_playerDetails_name,props_pageProps_match_team2_playerHistories_12_playerDetails_perid,props_pageProps_match_team2_playerHistories_12_playerPerid,props_pageProps_match_team2_playerHistories_12_role,props_pageProps_match_team2_playerHistories_12_tournamentUrn,props_pageProps_match_team2_playerHistories_13___typename,props_pageProps_match_team2_playerHistories_13_playerDetails___typename,props_pageProps_match_team2_playerHistories_13_playerDetails_factorId,props_pageProps_match_team2_playerHistories_13_playerDetails_fullName,props_pageProps_match_team2_playerHistories_13_playerDetails_headshotUrl,props_pageProps_match_team2_playerHistories_13_playerDetails_name,props_pageProps_match_team2_playerHistories_13_playerDetails_perid,props_pageProps_match_team2_playerHistories_13_playerPerid,props_pageProps_match_team2_playerHistories_13_role,props_pageProps_match_team2_playerHistories_13_tournamentUrn,props_pageProps_match_team2_playerHistories_14___typename,props_pageProps_match_team2_playerHistories_14_playerDetails___typename,props_pageProps_match_team2_playerHistories_14_playerDetails_factorId,props_pageProps_match_team2_playerHistories_14_playerDetails_fullName,props_pageProps_match_team2_playerHistories_14_playerDetails_headshotUrl,props_pageProps_match_team2_playerHistories_14_playerDetails_name,props_pageProps_match_team2_playerHistories_14_playerDetails_perid,props_pageProps_match_team2_playerHistories_14_playerPerid,props_pageProps_match_team2_playerHistories_14_role,props_pageProps_match_team2_playerHistories_14_tournamentUrn,props_pageProps_match_team2_playerHistories_15___typename,props_pageProps_match_team2_playerHistories_15_playerDetails___typename,props_pageProps_match_team2_playerHistories_15_playerDetails_factorId,props_pageProps_match_team2_playerHistories_15_playerDetails_fullName,props_pageProps_match_team2_playerHistories_15_playerDetails_headshotUrl,props_pageProps_match_team2_playerHistories_15_playerDetails_name,props_pageProps_match_team2_playerHistories_15_playerDetails_perid,props_pageProps_match_team2_playerHistories_15_playerPerid,props_pageProps_match_team2_playerHistories_15_role,props_pageProps_match_team2_playerHistories_15_tournamentUrn,props_pageProps_match_team2_playerHistories_16___typename,props_pageProps_match_team2_playerHistories_16_playerDetails___typename,props_pageProps_match_team2_playerHistories_16_playerDetails_factorId,props_pageProps_match_team2_playerHistories_16_playerDetails_fullName,props_pageProps_match_team2_playerHistories_16_playerDetails_headshotUrl,props_pageProps_match_team2_playerHistories_16_playerDetails_name,props_pageProps_match_team2_playerHistories_16_playerDetails_perid,props_pageProps_match_team2_playerHistories_16_playerPerid,props_pageProps_match_team2_playerHistories_16_role,props_pageProps_match_team2_playerHistories_16_tournamentUrn,props_pageProps_match_team2_playerHistories_17___typename,props_pageProps_match_team2_playerHistories_17_playerDetails___typename,props_pageProps_match_team2_playerHistories_17_playerDetails_factorId,props_pageProps_match_team2_playerHistories_17_playerDetails_fullName,props_pageProps_match_team2_playerHistories_17_playerDetails_headshotUrl,props_pageProps_match_team2_playerHistories_17_playerDetails_name,props_pageProps_match_team2_playerHistories_17_playerDetails_perid,props_pageProps_match_team2_playerHistories_17_playerPerid,props_pageProps_match_team2_playerHistories_17_role,props_pageProps_match_team2_playerHistories_17_tournamentUrn,props_pageProps_match_team2_playerHistories_18___typename,props_pageProps_match_team2_playerHistories_18_playerDetails___typename,props_pageProps_match_team2_playerHistories_18_playerDetails_factorId,props_pageProps_match_team2_playerHistories_18_playerDetails_fullName,props_pageProps_match_team2_playerHistories_18_playerDetails_headshotUrl,props_pageProps_match_team2_playerHistories_18_playerDetails_name,props_pageProps_match_team2_playerHistories_18_playerDetails_perid,props_pageProps_match_team2_playerHistories_18_playerPerid,props_pageProps_match_team2_playerHistories_18_role,props_pageProps_match_team2_playerHistories_18_tournamentUrn,props_pageProps_match_team2_playerHistories_19___typename,props_pageProps_match_team2_playerHistories_19_playerDetails___typename,props_pageProps_match_team2_playerHistories_19_playerDetails_factorId,props_pageProps_match_team2_playerHistories_19_playerDetails_fullName,props_pageProps_match_team2_playerHistories_19_playerDetails_headshotUrl,props_pageProps_match_team2_playerHistories_19_playerDetails_name,props_pageProps_match_team2_playerHistories_19_playerDetails_perid,props_pageProps_match_team2_playerHistories_19_playerPerid,props_pageProps_match_team2_playerHistories_19_role,props_pageProps_match_team2_playerHistories_19_tournamentUrn,props_pageProps_match_team2_playerHistories_20___typename,props_pageProps_match_team2_playerHistories_20_playerDetails___typename,props_pageProps_match_team2_playerHistories_20_playerDetails_factorId,props_pageProps_match_team2_playerHistories_20_playerDetails_fullName,props_pageProps_match_team2_playerHistories_20_playerDetails_headshotUrl,props_pageProps_match_team2_playerHistories_20_playerDetails_name,props_pageProps_match_team2_playerHistories_20_playerDetails_perid,props_pageProps_match_team2_playerHistories_20_playerPerid,props_pageProps_match_team2_playerHistories_20_role,props_pageProps_match_team2_playerHistories_20_tournamentUrn,props_pageProps_match_team2_playerHistories_21___typename,props_pageProps_match_team2_playerHistories_21_playerDetails___typename,props_pageProps_match_team2_playerHistories_21_playerDetails_factorId,props_pageProps_match_team2_playerHistories_21_playerDetails_fullName,props_pageProps_match_team2_playerHistories_21_playerDetails_headshotUrl,props_pageProps_match_team2_playerHistories_21_playerDetails_name,props_pageProps_match_team2_playerHistories_21_playerDetails_perid,props_pageProps_match_team2_playerHistories_21_playerPerid,props_pageProps_match_team2_playerHistories_21_role,props_pageProps_match_team2_playerHistories_21_tournamentUrn,props_pageProps_match_team2_playerHistories_22___typename,props_pageProps_match_team2_playerHistories_22_playerDetails___typename,props_pageProps_match_team2_playerHistories_22_playerDetails_factorId,props_pageProps_match_team2_playerHistories_22_playerDetails_fullName,props_pageProps_match_team2_playerHistories_22_playerDetails_headshotUrl,props_pageProps_match_team2_playerHistories_22_playerDetails_name,props_pageProps_match_team2_playerHistories_22_playerDetails_perid,props_pageProps_match_team2_playerHistories_22_playerPerid,props_pageProps_match_team2_playerHistories_22_role,props_pageProps_match_team2_playerHistories_22_tournamentUrn,props_pageProps_match_team2_playerHistories_23___typename,props_pageProps_match_team2_playerHistories_23_playerDetails___typename,props_pageProps_match_team2_playerHistories_23_playerDetails_factorId,props_pageProps_match_team2_playerHistories_23_playerDetails_fullName,props_pageProps_match_team2_playerHistories_23_playerDetails_headshotUrl,props_pageProps_match_team2_playerHistories_23_playerDetails_name,props_pageProps_match_team2_playerHistories_23_playerDetails_perid,props_pageProps_match_team2_playerHistories_23_playerPerid,props_pageProps_match_team2_playerHistories_23_role,props_pageProps_match_team2_playerHistories_23_tournamentUrn,props_pageProps_match_team2_playerHistories_24___typename,props_pageProps_match_team2_playerHistories_24_playerDetails___typename,props_pageProps_match_team2_playerHistories_24_playerDetails_factorId,props_pageProps_match_team2_playerHistories_24_playerDetails_fullName,props_pageProps_match_team2_playerHistories_24_playerDetails_headshotUrl,props_pageProps_match_team2_playerHistories_24_playerDetails_name,props_pageProps_match_team2_playerHistories_24_playerDetails_perid,props_pageProps_match_team2_playerHistories_24_playerPerid,props_pageProps_match_team2_playerHistories_24_role,props_pageProps_match_team2_playerHistories_24_tournamentUrn,props_pageProps_match_team2_playerHistories_25___typename,props_pageProps_match_team2_playerHistories_25_playerDetails___typename,props_pageProps_match_team2_playerHistories_25_playerDetails_factorId,props_pageProps_match_team2_playerHistories_25_playerDetails_fullName,props_pageProps_match_team2_playerHistories_25_playerDetails_headshotUrl,props_pageProps_match_team2_playerHistories_25_playerDetails_name,props_pageProps_match_team2_playerHistories_25_playerDetails_perid,props_pageProps_match_team2_playerHistories_25_playerPerid,props_pageProps_match_team2_playerHistories_25_role,props_pageProps_match_team2_playerHistories_25_tournamentUrn,props_pageProps_match_team2_playerHistories_26___typename,props_pageProps_match_team2_playerHistories_26_playerDetails___typename,props_pageProps_match_team2_playerHistories_26_playerDetails_factorId,props_pageProps_match_team2_playerHistories_26_playerDetails_fullName,props_pageProps_match_team2_playerHistories_26_playerDetails_headshotUrl,props_pageProps_match_team2_playerHistories_26_playerDetails_name,props_pageProps_match_team2_playerHistories_26_playerDetails_perid,props_pageProps_match_team2_playerHistories_26_playerPerid,props_pageProps_match_team2_playerHistories_26_role,props_pageProps_match_team2_playerHistories_26_tournamentUrn,props_pageProps_match_team2_playerHistories_27___typename,props_pageProps_match_team2_playerHistories_27_playerDetails___typename,props_pageProps_match_team2_playerHistories_27_playerDetails_factorId,props_pageProps_match_team2_playerHistories_27_playerDetails_fullName,props_pageProps_match_team2_playerHistories_27_playerDetails_headshotUrl,props_pageProps_match_team2_playerHistories_27_playerDetails_name,props_pageProps_match_team2_playerHistories_27_playerDetails_perid,props_pageProps_match_team2_playerHistories_27_playerPerid,props_pageProps_match_team2_playerHistories_27_role,props_pageProps_match_team2_playerHistories_27_tournamentUrn,props_pageProps_match_team2_powrRanking___typename,props_pageProps_match_team2_powrRanking_gameRecord,props_pageProps_match_team2_powrRanking_gamesPlayed,props_pageProps_match_team2_powrRanking_prevRanking,props_pageProps_match_team2_powrRanking_rank,props_pageProps_match_team2_powrRanking_ranking,props_pageProps_match_team2_powrRanking_team,props_pageProps_match_team2_powrRanking_teamPerid,props_pageProps_match_team2_roster_0___typename,props_pageProps_match_team2_roster_0_playerDetails___typename,props_pageProps_match_team2_roster_0_playerDetails_factorId,props_pageProps_match_team2_roster_0_playerDetails_fullName,props_pageProps_match_team2_roster_0_playerDetails_headshotUrl,props_pageProps_match_team2_roster_0_playerDetails_name,props_pageProps_match_team2_roster_0_playerDetails_perid,props_pageProps_match_team2_roster_0_playerName,props_pageProps_match_team2_roster_0_playerPerid,props_pageProps_match_team2_roster_0_role,props_pageProps_match_team2_teamLogo___typename,props_pageProps_match_team2_teamLogo_darkFlip,props_pageProps_match_team2_teamLogo_darkShadow,props_pageProps_match_team2_teamLogo_logoUrl,props_pageProps_match_team2_teamUrn,props_pageProps_match_team2_tournaments_0___typename,props_pageProps_match_team2_tournaments_0_series___typename,props_pageProps_match_team2_tournaments_0_series_seriesName,props_pageProps_match_team2_tournaments_0_series_seriesUrn,props_pageProps_match_team2_tournaments_0_tournamentUrn,props_pageProps_match_team2_tournaments_1___typename,props_pageProps_match_team2_tournaments_1_series___typename,props_pageProps_match_team2_tournaments_1_series_seriesName,props_pageProps_match_team2_tournaments_1_series_seriesUrn,props_pageProps_match_team2_tournaments_1_tournamentUrn,props_pageProps_match_team2_tournaments_2___typename,props_pageProps_match_team2_tournaments_2_series___typename,props_pageProps_match_team2_tournaments_2_series_seriesName,props_pageProps_match_team2_tournaments_2_series_seriesUrn,props_pageProps_match_team2_tournaments_2_tournamentUrn,query_slug_0,query_slug_1,query_slug_2,query_slug_3,runtimeConfig_nextPlausiblePublicProxyOptions_trailingSlash
0,gJxnDBoJoSVyYPu1jprdv,88147,98925,43290,79535,72475,True,False,/match/[...slug],True,False,Match,1416,GameSummary,Karma,LeeSin,Lulu,Kaisa,Aphelios,Akali,Varus,Thresh,Viktor,RekSai,34.2188,ComputedGameGold,126,0,esports:team:6003ca46-1c3a-4127-9b4d-fc1616eab8c2,2500,esports:team:03c77c10-fe9e-434c-a60e-9735e1b71f9f,2500,ComputedGameGold,6124,0,esports:team:6003ca46-1c3a-4127-9b4d-fc1616eab8c2,2500,esports:team:03c77c10-fe9e-434c-a60e-9735e1b71f9f,2500,ComputedGameGold,17367,0,esports:team:6003ca46-1c3a-4127-9b4d-fc1616eab8c2,2500,esports:team:03c77c10-fe9e-434c-a60e-9735e1b71f9f,2500,ComputedGameGold,35757,0,esports:team:6003ca46-1c3a-4127-9b4d-fc1616eab8c2,2500,esports:team:03c77c10-fe9e-434c-a60e-9735e1b71f9f,2500,ComputedGameGold,52116,0,esports:team:6003ca46-1c3a-4127-9b4d-fc1616eab8c2,2500,esports:team:03c77c10-fe9e-434c-a60e-9735e1b71f9f,2500,ComputedGameGold,74619,0,esports:team:6003ca46-1c3a-4127-9b4d-fc1616eab8c2,2500,esports:team:03c77c10-fe9e-434c-a60e-9735e1b71f9f,2500,ComputedGameGold,95592,0,esports:team:6003ca46-1c3a-4127-9b4d-fc1616eab8c2,2500,esports:team:03c77c10-fe9e-434c-a60e-9735e1b71f9f,2500,ComputedGameGold,113567,-14,esports:team:6003ca46-1c3a-4127-9b4d-fc1616eab8c2,2787,esports:team:03c77c10-fe9e-434c-a60e-9735e1b71f9f,2801,ComputedGameGold,132020,27,esports:team:6003ca46-1c3a-4127-9b4d-fc1616eab8c2,3264,esports:team:03c77c10-fe9e-434c-a60e-9735e1b71f9f,3237,ComputedGameGold,146228,124,esports:team:6003ca46-1c3a-4127-9b4d-fc1616eab8c2,3612,esports:team:03c77c10-fe9e-434c-a60e-9735e1b71f9f,3488,ComputedGameGold,161297,139,esports:team:6003ca46-1c3a-4127-9b4d-fc1616eab8c2,4028,esports:team:03c77c10-fe9e-434c-a60e-9735e1b71f9f,3889,ComputedGameGold,175843,231,esports:team:6003ca46-1c3a-4127-9b4d-fc1616eab8c2,4426,esports:team:03c77c10-fe9e-434c-a60e-9735e1b71f9f,4195,ComputedGameGold,190425,-534,esports:team:6003ca46-1c3a-4127-9b4d-fc1616eab8c2,5052,esports:team:03c77c10-fe9e-434c-a60e-9735e1b71f9f,5586,ComputedGameGold,202006,-596,esports:team:6003ca46-1c3a-4127-9b4d-fc1616eab8c2,5613,esports:team:03c77c10-fe9e-434c-a60e-9735e1b71f9f,6209,ComputedGameGold,215042,-1118,esports:team:6003ca46-1c3a-4127-9b4d-fc1616eab8c2,5754,esports:team:03c77c10-fe9e-434c-a60e-9735e1b71f9f,6872,ComputedGameGold,230423,-1195,esports:team:6003ca46-1c3a-4127-9b4d-fc1616eab8c2,5952,esports:team:03c77c10-fe9e-434c-a60e-9735e1b71f9f,7147,ComputedGameGold,247842,-1660,esports:team:6003ca46-1c3a-4127-9b4d-fc1616eab8c2,6288,esports:team:03c77c10-fe9e-434c-a60e-9735e1b71f9f,7948,ComputedGameGold,260238,-1703,esports:team:6003ca46-1c3a-4127-9b4d-fc1616eab8c2,6641,esports:team:03c77c10-fe9e-434c-a60e-9735e1b71f9f,8344,ComputedGameGold,273562,-976,esports:team:6003ca46-1c3a-4127-9b4d-fc1616eab8c2,7553,esports:team:03c77c10-fe9e-434c-a60e-9735e1b71f9f,8529,ComputedGameGold,291894,-973,esports:team:6003ca46-1c3a-4127-9b4d-fc1616eab8c2,8115,esports:team:03c77c10-fe9e-434c-a60e-9735e1b71f9f,9088,ComputedGameGold,306596,-881,esports:team:6003ca46-1c3a-4127-9b4d-fc1616eab8c2,8509,esports:team:03c77c10-fe9e-434c-a60e-9735e1b71f9f,9390,ComputedGameGold,323651,176,esports:team:6003ca46-1c3a-4127-9b4d-fc1616eab8c2,9837,esports:team:03c77c10-fe9e-434c-a60e-9735e1b71f9f,9661,ComputedGameGold,343121,326,esports:team:6003ca46-1c3a-4127-9b4d-fc1616eab8c2,10294,esports:team:03c77c10-fe9e-434c-a60e-9735e1b71f9f,9968,ComputedGameGold,352079,356,esports:team:6003ca46-1c3a-4127-9b4d-fc1616eab8c2,10505,esports:team:03c77c10-fe9e-434c-a60e-9735e1b71f9f,10149,ComputedGameGold,367297,-93,esports:team:6003ca46-1c3a-4127-9b4d-fc1616eab8c2,10667,esports:team:03c77c10-fe9e-434c-a60e-9735e1b71f9f,10760,ComputedGameGold,378473,-347,esports:team:6003ca46-1c3a-4127-9b4d-fc1616eab8c2,10990,esports:team:03c77c10-fe9e-434c-a60e-9735e1b71f9f,11337,ComputedGameGold,394669,-38,esports:team:6003ca46-1c3a-4127-9b4d-fc1616eab8c2,11512,esports:team:03c77c10-fe9e-434c-a60e-9735e1b71f9f,11550,ComputedGameGold,412500,-55,esports:team:6003ca46-1c3a-4127-9b4d-fc1616eab8c2,11800,esports:team:03c77c10-fe9e-434c-a60e-9735e1b71f9f,11855,ComputedGameGold,426116,-182,esports:team:6003ca46-1c3a-4127-9b4d-fc1616eab8c2,12021,esports:team:03c77c10-fe9e-434c-a60e-9735e1b71f9f,12203,ComputedGameGold,446613,-121,esports:team:6003ca46-1c3a-4127-9b4d-fc1616eab8c2,12616,esports:team:03c77c10-fe9e-434c-a60e-9735e1b71f9f,12737,ComputedGameGold,460470,-334,esports:team:6003ca46-1c3a-4127-9b4d-fc1616eab8c2,12903,esports:team:03c77c10-fe9e-434c-a60e-9735e1b71f9f,13237,ComputedGameGold,478523,-73,esports:team:6003ca46-1c3a-4127-9b4d-fc1616eab8c2,13532,esports:team:03c77c10-fe9e-434c-a60e-9735e1b71f9f,13605,ComputedGameGold,491673,-678,esports:team:6003ca46-1c3a-4127-9b4d-fc1616eab8c2,13739,esports:team:03c77c10-fe9e-434c-a60e-9735e1b71f9f,14417,ComputedGameGold,499895,-698,esports:team:6003ca46-1c3a-4127-9b4d-fc1616eab8c2,14303,esports:team:03c77c10-fe9e-434c-a60e-9735e1b71f9f,15001,ComputedGameGold,518511,-767,esports:team:6003ca46-1c3a-4127-9b4d-fc1616eab8c2,14552,esports:team:03c77c10-fe9e-434c-a60e-9735e1b71f9f,15319,ComputedGameGold,531401,-632,esports:team:6003ca46-1c3a-4127-9b4d-fc1616eab8c2,14888,esports:team:03c77c10-fe9e-434c-a60e-9735e1b71f9f,15520,ComputedGameGold,543969,-636,esports:team:6003ca46-1c3a-4127-9b4d-fc1616eab8c2,15291,esports:team:03c77c10-fe9e-434c-a60e-9735e1b71f9f,15927,ComputedGameGold,560370,-481,esports:team:6003ca46-1c3a-4127-9b4d-fc1616eab8c2,15969,esports:team:03c77c10-fe9e-434c-a60e-9735e1b71f9f,16450,ComputedGameGold,580094,-621,esports:team:6003ca46-1c3a-4127-9b4d-fc1616eab8c2,16471,esports:team:03c77c10-fe9e-434c-a60e-9735e1b71f9f,17092,ComputedGameGold,595193,-543,esports:team:6003ca46-1c3a-4127-9b4d-fc1616eab8c2,17094,esports:team:03c77c10-fe9e-434c-a60e-9735e1b71f9f,17637,ComputedGameGold,612601,-1491,esports:team:6003ca46-1c3a-4127-9b4d-fc1616eab8c2,17414,esports:team:03c77c10-fe9e-434c-a60e-9735e1b71f9f,18905,ComputedGameGold,627866,-1408,esports:team:6003ca46-1c3a-4127-9b4d-fc1616eab8c2,17820,esports:team:03c77c10-fe9e-434c-a60e-9735e1b71f9f,19228,ComputedGameGold,636155,-1452,esports:team:6003ca46-1c3a-4127-9b4d-fc1616eab8c2,18120,esports:team:03c77c10-fe9e-434c-a60e-9735e1b71f9f,19572,ComputedGameGold,649468,-1321,esports:team:6003ca46-1c3a-4127-9b4d-fc1616eab8c2,18387,esports:team:03c77c10-fe9e-434c-a60e-9735e1b71f9f,19708,ComputedGameGold,664832,-1363,esports:team:6003ca46-1c3a-4127-9b4d-fc1616eab8c2,18614,esports:team:03c77c10-fe9e-434c-a60e-9735e1b71f9f,19977,ComputedGameGold,680425,-1273,esports:team:6003ca46-1c3a-4127-9b4d-fc1616eab8c2,19017,esports:team:03c77c10-fe9e-434c-a60e-9735e1b71f9f,20290,ComputedGameGold,694727,-1307,esports:team:6003ca46-1c3a-4127-9b4d-fc1616eab8c2,19355,esports:team:03c77c10-fe9e-434c-a60e-9735e1b71f9f,20662,ComputedGameGold,710917,-986,esports:team:6003ca46-1c3a-4127-9b4d-fc1616eab8c2,19904,esports:team:03c77c10-fe9e-434c-a60e-9735e1b71f9f,20890,ComputedGameGold,727316,-944,esports:team:6003ca46-1c3a-4127-9b4d-fc1616eab8c2,20521,esports:team:03c77c10-fe9e-434c-a60e-9735e1b71f9f,21465,ComputedGameGold,742691,-1131,esports:team:6003ca46-1c3a-4127-9b4d-fc1616eab8c2,20846,esports:team:03c77c10-fe9e-434c-a60e-9735e1b71f9f,21977,ComputedGameGold,761139,-1118,esports:team:6003ca46-1c3a-4127-9b4d-fc1616eab8c2,21329,esports:team:03c77c10-fe9e-434c-a60e-9735e1b71f9f,22447,ComputedGameGold,778715,-1116,esports:team:6003ca46-1c3a-4127-9b4d-fc1616eab8c2,21727,esports:team:03c77c10-fe9e-434c-a60e-9735e1b71f9f,22843,ComputedGameGold,791870,-1182,esports:team:6003ca46-1c3a-4127-9b4d-fc1616eab8c2,21962,esports:team:03c77c10-fe9e-434c-a60e-9735e1b71f9f,23144,ComputedGameGold,806206,-1039,esports:team:6003ca46-1c3a-4127-9b4d-fc1616eab8c2,22335,esports:team:03c77c10-fe9e-434c-a60e-9735e1b71f9f,23374,ComputedGameGold,821373,-1009,esports:team:6003ca46-1c3a-4127-9b4d-fc1616eab8c2,22695,esports:team:03c77c10-fe9e-434c-a60e-9735e1b71f9f,23704,ComputedGameGold,831121,-913,esports:team:6003ca46-1c3a-4127-9b4d-fc1616eab8c2,22962,esports:team:03c77c10-fe9e-434c-a60e-9735e1b71f9f,23875,ComputedGameGold,847245,-984,esports:team:6003ca46-1c3a-4127-9b4d-fc1616eab8c2,23184,esports:team:03c77c10-fe9e-434c-a60e-9735e1b71f9f,24168,ComputedGameGold,867654,-879,esports:team:6003ca46-1c3a-4127-9b4d-fc1616eab8c2,23691,esports:team:03c77c10-fe9e-434c-a60e-9735e1b71f9f,24570,ComputedGameGold,888133,-1012,esports:team:6003ca46-1c3a-4127-9b4d-fc1616eab8c2,24299,esports:team:03c77c10-fe9e-434c-a60e-9735e1b71f9f,25311,ComputedGameGold,904138,-1397,esports:team:6003ca46-1c3a-4127-9b4d-fc1616eab8c2,24781,esports:team:03c77c10-fe9e-434c-a60e-9735e1b71f9f,26178,ComputedGameGold,919548,-947,esports:team:6003ca46-1c3a-4127-9b4d-fc1616eab8c2,25843,esports:team:03c77c10-fe9e-434c-a60e-9735e1b71f9f,26790,ComputedGameGold,928343,-1859,esports:team:6003ca46-1c3a-4127-9b4d-fc1616eab8c2,25971,esports:team:03c77c10-fe9e-434c-a60e-9735e1b71f9f,27830,ComputedGameGold,943487,-2092,esports:team:6003ca46-1c3a-4127-9b4d-fc1616eab8c2,26128,esports:team:03c77c10-fe9e-434c-a60e-9735e1b71f9f,28220,ComputedGameGold,956823,-2131,esports:team:6003ca46-1c3a-4127-9b4d-fc1616eab8c2,26480,esports:team:03c77c10-fe9e-434c-a60e-9735e1b71f9f,28611,ComputedGameGold,970385,-2285,esports:team:6003ca46-1c3a-4127-9b4d-fc1616eab8c2,26719,esports:team:03c77c10-fe9e-434c-a60e-9735e1b71f9f,29004,ComputedGameGold,982445,-2026,esports:team:6003ca46-1c3a-4127-9b4d-fc1616eab8c2,27189,esports:team:03c77c10-fe9e-434c-a60e-9735e1b71f9f,29215,ComputedGameGold,998831,-2129,esports:team:6003ca46-1c3a-4127-9b4d-fc1616eab8c2,27501,esports:team:03c77c10-fe9e-434c-a60e-9735e1b71f9f,29630,ComputedGameGold,1014189,-2084,esports:team:6003ca46-1c3a-4127-9b4d-fc1616eab8c2,27723,esports:team:03c77c10-fe9e-434c-a60e-9735e1b71f9f,29807,ComputedGameGold,1031362,-1104,esports:team:6003ca46-1c3a-4127-9b4d-fc1616eab8c2,28877,esports:team:03c77c10-fe9e-434c-a60e-9735e1b71f9f,29981,ComputedGameGold,1044899,-1589,esports:team:6003ca46-1c3a-4127-9b4d-fc1616eab8c2,29988,esports:team:03c77c10-fe9e-434c-a60e-9735e1b71f9f,31577,ComputedGameGold,1052082,-949,esports:team:6003ca46-1c3a-4127-9b4d-fc1616eab8c2,30697,esports:team:03c77c10-fe9e-434c-a60e-9735e1b71f9f,31646,ComputedGameGold,1064380,-796,esports:team:6003ca46-1c3a-4127-9b4d-fc1616eab8c2,30986,esports:team:03c77c10-fe9e-434c-a60e-9735e1b71f9f,31782,ComputedGameGold,1086923,-786,esports:team:6003ca46-1c3a-4127-9b4d-fc1616eab8c2,31349,esports:team:03c77c10-fe9e-434c-a60e-9735e1b71f9f,32135,ComputedGameGold,1101272,-629,esports:team:6003ca46-1c3a-4127-9b4d-fc1616eab8c2,31812,esports:team:03c77c10-fe9e-434c-a60e-9735e1b71f9f,32441,ComputedGameGold,1114089,-629,esports:team:6003ca46-1c3a-4127-9b4d-fc1616eab8c2,32226,esports:team:03c77c10-fe9e-434c-a60e-9735e1b71f9f,32855,ComputedGameGold,1131308,-810,esports:team:6003ca46-1c3a-4127-9b4d-fc1616eab8c2,32789,esports:team:03c77c10-fe9e-434c-a60e-9735e1b71f9f,33599,ComputedGameGold,1148392,-644,esports:team:6003ca46-1c3a-4127-9b4d-fc1616eab8c2,33257,esports:team:03c77c10-fe9e-434c-a60e-9735e1b71f9f,33901,ComputedGameGold,1166034,-796,esports:team:6003ca46-1c3a-4127-9b4d-fc1616eab8c2,33492,esports:team:03c77c10-fe9e-434c-a60e-9735e1b71f9f,34288,ComputedGameGold,1176042,-735,esports:team:6003ca46-1c3a-4127-9b4d-fc1616eab8c2,34721,esports:team:03c77c10-fe9e-434c-a60e-9735e1b71f9f,35456,ComputedGameGold,1187321,77,esports:team:6003ca46-1c3a-4127-9b4d-fc1616eab8c2,35698,esports:team:03c77c10-fe9e-434c-a60e-9735e1b71f9f,35621,ComputedGameGold,1199685,391,esports:team:6003ca46-1c3a-4127-9b4d-fc1616eab8c2,36143,esports:team:03c77c10-fe9e-434c-a60e-9735e1b71f9f,35752,ComputedGameGold,1212938,208,esports:team:6003ca46-1c3a-4127-9b4d-fc1616eab8c2,36302,esports:team:03c77c10-fe9e-434c-a60e-9735e1b71f9f,36094,ComputedGameGold,1231376,3,esports:team:6003ca46-1c3a-4127-9b4d-fc1616eab8c2,36595,esports:team:03c77c10-fe9e-434c-a60e-9735e1b71f9f,36592,ComputedGameGold,1249415,-647,esports:team:6003ca46-1c3a-4127-9b4d-fc1616eab8c2,37078,esports:team:03c77c10-fe9e-434c-a60e-9735e1b71f9f,37725,ComputedGameGold,1263994,-709,esports:team:6003ca46-1c3a-4127-9b4d-fc1616eab8c2,37721,esports:team:03c77c10-fe9e-434c-a60e-9735e1b71f9f,38430,ComputedGameGold,1280553,-540,esports:team:6003ca46-1c3a-4127-9b4d-fc1616eab8c2,38075,esports:team:03c77c10-fe9e-434c-a60e-9735e1b71f9f,38615,ComputedGameGold,1292851,-435,esports:team:6003ca46-1c3a-4127-9b4d-fc1616eab8c2,38306,esports:team:03c77c10-fe9e-434c-a60e-9735e1b71f9f,38741,ComputedGameGold,1310273,-573,esports:team:6003ca46-1c3a-4127-9b4d-fc1616eab8c2,38591,esports:team:03c77c10-fe9e-434c-a60e-9735e1b71f9f,39164,ComputedGameGold,1320983,-646,esports:team:6003ca46-1c3a-4127-9b4d-fc1616eab8c2,38947,esports:team:03c77c10-fe9e-434c-a60e-9735e1b71f9f,39593,ComputedGameGold,1333849,-478,esports:team:6003ca46-1c3a-4127-9b4d-fc1616eab8c2,39350,esports:team:03c77c10-fe9e-434c-a60e-9735e1b71f9f,39828,ComputedGameGold,1352306,-229,esports:team:6003ca46-1c3a-4127-9b4d-fc1616eab8c2,39808,esports:team:03c77c10-fe9e-434c-a60e-9735e1b71f9f,40037,ComputedGameGold,1370424,-4,esports:team:6003ca46-1c3a-4127-9b4d-fc1616eab8c2,41598,esports:team:03c77c10-fe9e-434c-a60e-9735e1b71f9f,41602,ComputedGameGold,1378958,1086,esports:team:6003ca46-1c3a-4127-9b4d-fc1616eab8c2,42772,esports:team:03c77c10-fe9e-434c-a60e-9735e1b71f9f,41686,ComputedGameGold,1392939,1234,esports:team:6003ca46-1c3a-4127-9b4d-fc1616eab8c2,43072,esports:team:03c77c10-fe9e-434c-a60e-9735e1b71f9f,41838,ComputedGameGold,1409696,1438,esports:team:6003ca46-1c3a-4127-9b4d-fc1616eab8c2,43460,esports:team:03c77c10-fe9e-434c-a60e-9735e1b71f9f,42022,ComputedGameGold,1426086,1654,esports:team:6003ca46-1c3a-4127-9b4d-fc1616eab8c2,44045,esports:team:03c77c10-fe9e-434c-a60e-9735e1b71f9f,42391,ComputedGameGold,1444531,1669,esports:team:6003ca46-1c3a-4127-9b4d-fc1616eab8c2,44607,esports:team:03c77c10-fe9e-434c-a60e-9735e1b71f9f,42938,ComputedGameGold,1457858,1857,esports:team:6003ca46-1c3a-4127-9b4d-fc1616eab8c2,44937,esports:team:03c77c10-fe9e-434c-a60e-9735e1b71f9f,43080,ComputedGameGold,1472200,1908,esports:team:6003ca46-1c3a-4127-9b4d-fc1616eab8c2,45288,esports:team:03c77c10-fe9e-434c-a60e-9735e1b71f9f,43380,ComputedGameGold,1489993,2349,esports:team:6003ca46-1c3a-4127-9b4d-fc1616eab8c2,46071,esports:team:03c77c10-fe9e-434c-a60e-9735e1b71f9f,43722,ComputedGameGold,1506024,2784,esports:team:6003ca46-1c3a-4127-9b4d-fc1616eab8c2,46762,esports:team:03c77c10-fe9e-434c-a60e-9735e1b71f9f,43978,ComputedGameGold,1523888,3110,esports:team:6003ca46-1c3a-4127-9b4d-fc1616eab8c2,47397,esports:team:03c77c10-fe9e-434c-a60e-9735e1b71f9f,44287,ComputedGameGold,1536786,4935,esports:team:6003ca46-1c3a-4127-9b4d-fc1616eab8c2,49461,esports:team:03c77c10-fe9e-434c-a60e-9735e1b71f9f,44526,ComputedGameGold,1551133,4580,esports:team:6003ca46-1c3a-4127-9b4d-fc1616eab8c2,49629,esports:team:03c77c10-fe9e-434c-a60e-9735e1b71f9f,45049,ComputedGameGold,1561377,4351,esports:team:6003ca46-1c3a-4127-9b4d-fc1616eab8c2,49772,esports:team:03c77c10-fe9e-434c-a60e-9735e1b71f9f,45421,ComputedGameGold,1575030,4572,esports:team:6003ca46-1c3a-4127-9b4d-fc1616eab8c2,50201,esports:team:03c77c10-fe9e-434c-a60e-9735e1b71f9f,45629,ComputedGameGold,1592122,4747,esports:team:6003ca46-1c3a-4127-9b4d-fc1616eab8c2,50799,esports:team:03c77c10-fe9e-434c-a60e-9735e1b71f9f,46052,ComputedGameGold,1608317,5140,esports:team:6003ca46-1c3a-4127-9b4d-fc1616eab8c2,51455,esports:team:03c77c10-fe9e-434c-a60e-9735e1b71f9f,46315,ComputedGameGold,1624926,5741,esports:team:6003ca46-1c3a-4127-9b4d-fc1616eab8c2,52518,esports:team:03c77c10-fe9e-434c-a60e-9735e1b71f9f,46777,ComputedGameGold,1642914,6176,esports:team:6003ca46-1c3a-4127-9b4d-fc1616eab8c2,53310,esports:team:03c77c10-fe9e-434c-a60e-9735e1b71f9f,47134,ComputedGameGold,1661036,6119,esports:team:6003ca46-1c3a-4127-9b4d-fc1616eab8c2,53837,esports:team:03c77c10-fe9e-434c-a60e-9735e1b71f9f,47718,ComputedGameGold,1673100,6024,esports:team:6003ca46-1c3a-4127-9b4d-fc1616eab8c2,53994,esports:team:03c77c10-fe9e-434c-a60e-9735e1b71f9f,47970,ComputedGameGold,1691478,5590,esports:team:6003ca46-1c3a-4127-9b4d-fc1616eab8c2,54268,esports:team:03c77c10-fe9e-434c-a60e-9735e1b71f9f,48678,ComputedGameGold,1704870,5930,esports:team:6003ca46-1c3a-4127-9b4d-fc1616eab8c2,54862,esports:team:03c77c10-fe9e-434c-a60e-9735e1b71f9f,48932,ComputedGameGold,1718203,5979,esports:team:6003ca46-1c3a-4127-9b4d-fc1616eab8c2,55193,esports:team:03c77c10-fe9e-434c-a60e-9735e1b71f9f,49214,ComputedGameGold,1732715,6219,esports:team:6003ca46-1c3a-4127-9b4d-fc1616eab8c2,55675,esports:team:03c77c10-fe9e-434c-a60e-9735e1b71f9f,49456,ComputedGameGold,1752566,6400,esports:team:6003ca46-1c3a-4127-9b4d-fc1616eab8c2,56376,esports:team:03c77c10-fe9e-434c-a60e-9735e1b71f9f,49976,ComputedGameGold,1767364,7043,esports:team:6003ca46-1c3a-4127-9b4d-fc1616eab8c2,57333,esports:team:03c77c10-fe9e-434c-a60e-9735e1b71f9f,50290,ComputedGameGold,1789336,7043,esports:team:6003ca46-1c3a-4127-9b4d-fc1616eab8c2,57970,esports:team:03c77c10-fe9e-434c-a60e-9735e1b71f9f,50927,ComputedGameGold,1812436,6979,esports:team:6003ca46-1c3a-4127-9b4d-fc1616eab8c2,58648,esports:team:03c77c10-fe9e-434c-a60e-9735e1b71f9f,51669,ComputedGameGold,1828698,7033,esports:team:6003ca46-1c3a-4127-9b4d-fc1616eab8c2,59129,esports:team:03c77c10-fe9e-434c-a60e-9735e1b71f9f,52096,ComputedGameGold,1842083,6891,esports:team:6003ca46-1c3a-4127-9b4d-fc1616eab8c2,59506,esports:team:03c77c10-fe9e-434c-a60e-9735e1b71f9f,52615,ComputedGameGold,1856485,7072,esports:team:6003ca46-1c3a-4127-9b4d-fc1616eab8c2,59927,esports:team:03c77c10-fe9e-434c-a60e-9735e1b71f9f,52855,ComputedGameGold,1871848,7356,esports:team:6003ca46-1c3a-4127-9b4d-fc1616eab8c2,60423,esports:team:03c77c10-fe9e-434c-a60e-9735e1b71f9f,53067,ComputedGameGold,1891321,7521,esports:team:6003ca46-1c3a-4127-9b4d-fc1616eab8c2,60947,esports:team:03c77c10-fe9e-434c-a60e-9735e1b71f9f,53426,ComputedGameGold,1905680,7362,esports:team:6003ca46-1c3a-4127-9b4d-fc1616eab8c2,61233,esports:team:03c77c10-fe9e-434c-a60e-9735e1b71f9f,53871,ComputedGameGold,1924130,7421,esports:team:6003ca46-1c3a-4127-9b4d-fc1616eab8c2,61790,esports:team:03c77c10-fe9e-434c-a60e-9735e1b71f9f,54369,ComputedGameGold,1944356,7346,esports:team:6003ca46-1c3a-4127-9b4d-fc1616eab8c2,62114,esports:team:03c77c10-fe9e-434c-a60e-9735e1b71f9f,54768,ComputedGameGold,1958958,7440,esports:team:6003ca46-1c3a-4127-9b4d-fc1616eab8c2,62561,esports:team:03c77c10-fe9e-434c-a60e-9735e1b71f9f,55121,ComputedGameGold,1972438,7467,esports:team:6003ca46-1c3a-4127-9b4d-fc1616eab8c2,62744,esports:team:03c77c10-fe9e-434c-a60e-9735e1b71f9f,55277,ComputedGameGold,1993795,7810,esports:team:6003ca46-1c3a-4127-9b4d-fc1616eab8c2,63313,esports:team:03c77c10-fe9e-434c-a60e-9735e1b71f9f,55503,ComputedGameGold,2010195,8754,esports:team:6003ca46-1c3a-4127-9b4d-fc1616eab8c2,64584,esports:team:03c77c10-fe9e-434c-a60e-9735e1b71f9f,55830,ComputedGameGold,2030689,9257,esports:team:6003ca46-1c3a-4127-9b4d-fc1616eab8c2,65301,esports:team:03c77c10-fe9e-434c-a60e-9735e1b71f9f,56044,ComputedGameGold,2048097,10827,esports:team:6003ca46-1c3a-4127-9b4d-fc1616eab8c2,67068,esports:team:03c77c10-fe9e-434c-a60e-9735e1b71f9f,56241,2021-06-27T14:13:20.491Z,400,live:lol:riot:map:esportstmnt03-1996356,esports:match:4fe22357-f001-4501-8bbb-0facfc4f119a,PlayerChampGame,Akali,3020,4633,3916,3157,3135,1058,,,Kio,esports:player:e984b88e-bc75-446f-bc27-626660aba6cd,top,esports:team:6003ca46-1c3a-4127-9b4d-fc1616eab8c2,PlayerChampGame,RekSai,6693,3047,3053,3026,6695,2055,,,Lagiah,esports:player:d5306772-543f-47dc-8981-f1d20a7bd52d,jng,esports:team:6003ca46-1c3a-4127-9b4d-fc1616eab8c2,PlayerChampGame,Viktor,3111,6653,3040,3041,3157,1058,,,Defflok,esports:player:39f5760e-3133-457d-9c3c-a234b65ba174,mid,esports:team:6003ca46-1c3a-4127-9b4d-fc1616eab8c2,PlayerChampGame,Varus,3070,3158,6693,3814,6694,2421,,,Mazurr,esports:player:eb77608a-9e2f-46e5-88a3-e8ffa314c28d,bot,esports:team:6003ca46-1c3a-4127-9b4d-fc1616eab8c2,PlayerChampGame,Thresh,3117,3857,3190,1011,3067,2055,,,MjrDee,esports:player:42c9f37e-b307-49aa-971e-5ff1ec2cd91a,sup,esports:team:6003ca46-1c3a-4127-9b4d-fc1616eab8c2,PlayerChampGame,Sylas,6656,3158,3157,4629,2055,3067,2055,,Kulvas,esports:player:f1dfecd2-0e46-4d8c-94f5-f2af4dd4b013,top,esports:team:03c77c10-fe9e-434c-a60e-9735e1b71f9f,PlayerChampGame,XinZhao,6630,3047,3053,3026,2055,2420,,,Bedi,esports:player:91a48889-6e3f-4473-afb1-f490a58a599c,jng,esports:team:03c77c10-fe9e-434c-a60e-9735e1b71f9f,PlayerChampGame,Syndra,3020,1082,6655,3040,3157,4630,,,Jackisek,esports:player:1e1bfb3e-4ca7-4258-a018-f818fd9e7cbe,mid,esports:team:03c77c10-fe9e-434c-a60e-9735e1b71f9f,PlayerChampGame,Tristana,1055,3006,6671,3046,3031,1018,,,Mauss,esports:player:867a7a59-11cd-4fe4-a850-1c7b9684a5a9,bot,esports:team:03c77c10-fe9e-434c-a60e-9735e1b71f9f,PlayerChampGame,Nautilus,3111,3860,3190,3067,3024,2055,,,Meager,esports:player:1d0efaf5-4862-4827-b4b5-1187ccd6373a,sup,esports:team:03c77c10-fe9e-434c-a60e-9735e1b71f9f,PlayerGameStats,6,20.246337890625,3.5615033333333335,2.7891106060606057,1,Akali,1,6,0,0,540.4118245124025,2,,0,live:lol:riot:map:esportstmnt03-1996356,5340,1001,2,0.16221527777777778,12,213,27,16,3,8,0,0.011170863745474201,Kio,esports:player:e984b88e-bc75-446f-bc27-626660aba6cd,live:lol:riot:player:cacbf087-7774-3b22-9a56-779cc6007aef,0,top,blue,2,ING,esports:team:6003ca46-1c3a-4127-9b4d-fc1616eab8c2,344.187744140625,14531,0,27.57923698425293,6,7,PlayerGameStats,12,204.82786649816177,5.953391666666667,3.4403259259259262,1,RekSai,1,3,0,0,581.3845956937414,1,,0,live:lol:riot:map:esportstmnt03-1996356,5867,-209,0,0.5435305555555555,10,34,203.49990844726562,26.9999942779541,118.00003051757812,11,0,0.08628728770985852,Lagiah,esports:player:d5306772-543f-47dc-8981-f1d20a7bd52d,live:lol:riot:player:45097ef5-73e1-3bcc-b142-9ae09f4e0f60,0,jng,blue,0,ING,esports:team:6003ca46-1c3a-4127-9b4d-fc1616eab8c2,3482.07373046875,16004,0,50.94335174560547,11,11,PlayerGameStats,17,163.20013786764707,9.683916666666667,6.972716666666667,1,Viktor,1,3,0,0,547.7758548480659,0,,0,live:lol:riot:map:esportstmnt03-1996356,5149,-688,0,0.22622083333333332,5,247,33.599998474121094,0,31.099998474121094,11,0,0.4658251392229213,Defflok,esports:player:39f5760e-3133-457d-9c3c-a234b65ba174,live:lol:riot:player:7ea74ada-5536-3528-855d-57b0e2ac4fe3,0,mid,blue,0,ING,esports:team:6003ca46-1c3a-4127-9b4d-fc1616eab8c2,2774.40234375,15302,0,41.536529541015625,4,13,PlayerGameStats,16,157.52867934283088,1.8963277777777778,5.620191666666667,1,Varus,1,4,19.072920903722878,0,547.9109003128397,0,,0,live:lol:riot:map:esportstmnt03-1996356,5213,-467,0,0.14085833333333334,3,247,12.39999771118164,0,12.39999771118164,9,0,0.16706923791361655,Mazurr,esports:player:eb77608a-9e2f-46e5-88a3-e8ffa314c28d,live:lol:riot:player:25369fcc-11c9-360c-b988-a110f3fab9e1,0,bot,blue,0,ING,esports:team:6003ca46-1c3a-4127-9b4d-fc1616eab8c2,2677.987548828125,13426,0,47.4085578918457,13,17,PlayerGameStats,19,42.503651338465076,2.4172166666666666,,1,Thresh,1,4,14.546993762668931,65.18015590114206,133.06441744012062,0,0.3429055555555556,0,live:lol:riot:map:esportstmnt03-1996356,3180,-584,0,0.2020958333333333,0,31,0,0,0,10,0,0.15961184789364916,MjrDee,esports:player:42c9f37e-b307-49aa-971e-5ff1ec2cd91a,live:lol:riot:player:cf95d10b-44e3-3fe7-a482-e97f60ade582,0,sup,blue,0,ING,esports:team:6003ca46-1c3a-4127-9b4d-fc1616eab8c2,722.5620727539062,7908,0,91.4430923461914,7,50,PlayerGameStats,10,29.553452435661764,6.041776666666666,0.6692388888888889,1,Sylas,1,6,0,0,271.3274003435246,2,,0,live:lol:riot:map:esportstmnt03-1996356,4339,-1001,1,0.14088472222222223,4,156,12,0,7,10,0,0.06684649584499389,Kulvas,esports:player:f1dfecd2-0e46-4d8c-94f5-f2af4dd4b013,live:lol:riot:player:432e3c64-15c9-3c87-8b31-ef8fc6a5047e,0,top,red,0,VIK,esports:team:03c77c10-fe9e-434c-a60e-9735e1b71f9f,502.40869140625,10996,0,26.666458129882812,0,16,PlayerGameStats,7,126.23092830882354,3.84438125,3.6066833333333332,1,XinZhao,1,9,0,0,373.62134333867635,1,,1,live:lol:riot:map:esportstmnt03-1996356,6076,209,1,0.5264972222222222,6,37,129.00003051757812,11.5,88.50003051757812,7,0,0.0651566238060428,Bedi,esports:player:91a48889-6e3f-4473-afb1-f490a58a599c,live:lol:riot:player:2dcbca27-61df-33e8-9e31-e630f0017474,0,jng,red,1,VIK,esports:team:03c77c10-fe9e-434c-a60e-9735e1b71f9f,2145.92578125,11721,0,52.76536560058594,15,9,PlayerGameStats,6,110.52096737132354,6.972716666666667,3.8962833333333333,1,Syndra,1,5,0,0,607.397228917291,0,,0,live:lol:riot:map:esportstmnt03-1996356,5837,688,2,0.29033472222222223,6,247,16,0,16,11,0,0.3975367769324569,Jackisek,esports:player:1e1bfb3e-4ca7-4258-a018-f818fd9e7cbe,live:lol:riot:player:df8ff557-e5bf-37ac-b609-21d873d09c7e,0,mid,red,1,VIK,esports:team:03c77c10-fe9e-434c-a60e-9735e1b71f9f,1878.8564453125,13429,0,18.319242477416992,1,11,PlayerGameStats,4,148.11854463465073,4.688975,3.80355,1,Tristana,1,5,0,0,265.91810459455036,0,,0,live:lol:riot:map:esportstmnt03-1996356,5680,467,0,0.14795,3,223,13,0,13,9,0,0.19346978806177612,Mauss,esports:player:867a7a59-11cd-4fe4-a850-1c7b9684a5a9,live:lol:riot:player:06f7f23b-d2b8-3864-a0ae-e9d6ded056cb,0,bot,red,0,VIK,esports:team:03c77c10-fe9e-434c-a60e-9735e1b71f9f,2518.0152587890625,12453,0,37.17885971069336,12,13,PlayerGameStats,10,68.16908892463235,4.692670833333334,,1,Nautilus,1,5,0,32.96986478147612,159.88103065328855,0,0.5336541666666667,0,live:lol:riot:map:esportstmnt03-1996356,3764,584,0,0.23758749999999998,1,35,0,0,0,10,0,0.10626004197369114,Meager,esports:player:1d0efaf5-4862-4827-b4b5-1187ccd6373a,live:lol:riot:player:ba10101f-e5b1-3230-a614-2957280570fe,0,sup,red,0,VIK,esports:team:03c77c10-fe9e-434c-a60e-9735e1b71f9f,1158.87451171875,7696,0,84.7430648803711,8,55,Nocturne,Gwen,Viego,Volibear,Hecarim,Hitpoint Masters,XinZhao,Nautilus,Sylas,Tristana,Syndra,1,1,BEST_OF,SnapshotPlayerStats,True,6,0,Akali,12,0,1967,6,2021-06-27T14:47:33.509Z,True,2053128,0,2109,2450,,,3020,4633,3916,3157,3135,1058,,,,17,0,213,27,16,3,False,Kio,esports:player:e984b88e-bc75-446f-bc27-626660aba6cd,live:lol:riot:player:cacbf087-7774-3b22-9a56-779cc6007aef,14044,13808,0,8010,8009,9104,8014,8453,8473,0,30,ING,esports:team:6003ca46-1c3a-4127-9b4d-fc1616eab8c2,live:lol:riot:team:105593161016793151,14531,3364,,,,,2022-01-11T23:52:54.038Z,27.57923698425293,6,7,ING,17598,SnapshotPlayerStats,True,12,0,RekSai,10,0,1820,3,2021-06-27T14:47:33.509Z,True,2053128,0,1234,2306,,,6693,3047,3053,3026,6695,2055,,,,17,0,34,203.49990844726562,26.9999942779541,118.00003051757812,False,Lagiah,esports:player:d5306772-543f-47dc-8981-f1d20a7bd52d,live:lol:riot:player:45097ef5-73e1-3bcc-b142-9ae09f4e0f60,12763,13397,0,9923,8143,8138,8105,9111,9104,0,30,ING,esports:team:6003ca46-1c3a-4127-9b4d-fc1616eab8c2,live:lol:riot:team:105593161016793151,16004,3364,,,,,2022-01-11T23:52:54.038Z,50.94335174560547,11,11,ING,17068,SnapshotPlayerStats,True,17,30,Viktor,5,0,1097,3,2021-06-27T14:47:33.509Z,True,2053128,0,1168,2044,,,3111,6653,3040,3041,3157,1058,,,,17,0,247,33.599998474121094,0,31.099998474121094,False,Defflok,esports:player:39f5760e-3133-457d-9c3c-a234b65ba174,live:lol:riot:player:7ea74ada-5536-3528-855d-57b0e2ac4fe3,12856,13053,0,8230,8226,8210,8236,8321,8347,0,30,ING,esports:team:6003ca46-1c3a-4127-9b4d-fc1616eab8c2,live:lol:riot:team:105593161016793151,15302,3363,,,,,2022-01-11T23:52:54.038Z,41.536529541015625,4,13,ING,17472,SnapshotPlayerStats,True,16,0,Varus,3,0,1491,4,2021-06-27T14:47:33.509Z,True,2053128,0,2172,2172,,,3070,3158,6693,3814,6694,2421,,,,16,0,247,12.39999771118164,0,12.39999771118164,False,Mazurr,esports:player:eb77608a-9e2f-46e5-88a3-e8ffa314c28d,live:lol:riot:player:25369fcc-11c9-360c-b988-a110f3fab9e1,12677,13576,0,9923,8139,8138,8135,8009,8017,0,30,ING,esports:team:6003ca46-1c3a-4127-9b4d-fc1616eab8c2,live:lol:riot:team:105593161016793151,13426,3363,,,,,2022-01-11T23:52:54.038Z,47.4085578918457,13,17,ING,15608,SnapshotPlayerStats,True,19,22,Thresh,0,0,933,4,2021-06-27T14:47:33.509Z,True,2053128,30,1476,2678,,,3117,3857,3190,1011,3067,,,,,14,0,31,0,0,0,False,MjrDee,esports:player:42c9f37e-b307-49aa-971e-5ff1ec2cd91a,live:lol:riot:player:cf95d10b-44e3-3fe7-a482-e97f60ade582,12667,12847,0,8439,8463,8473,8242,8306,8347,0,30,ING,esports:team:6003ca46-1c3a-4127-9b4d-fc1616eab8c2,live:lol:riot:team:105593161016793151,7908,3364,,,,,2022-01-11T23:52:54.038Z,91.4430923461914,7,50,ING,11530,SnapshotPlayerStats,True,10,30,Sylas,4,0,101,6,2021-06-27T14:47:33.509Z,True,2053128,0,2500,2500,,,6656,3158,3157,4629,2055,,,,,15,0,156,12,0,7,False,Kulvas,esports:player:f1dfecd2-0e46-4d8c-94f5-f2af4dd4b013,live:lol:riot:player:432e3c64-15c9-3c87-8b31-ef8fc6a5047e,14340,14391,0,8010,8009,9105,8299,8345,8347,0,30,VIK,esports:team:03c77c10-fe9e-434c-a60e-9735e1b71f9f,live:lol:riot:team:105593129376630217,10996,3363,,,,,2022-01-11T23:52:54.038Z,26.666458129882812,0,16,ING,13238,SnapshotPlayerStats,False,7,0,XinZhao,6,0,457,9,2021-06-27T14:47:33.509Z,True,2053128,0,0,2377,,,6630,3047,3053,3026,2055,,,,,13,0,37,129.00003051757812,11.5,88.50003051757812,False,Bedi,esports:player:91a48889-6e3f-4473-afb1-f490a58a599c,live:lol:riot:player:2dcbca27-61df-33e8-9e31-e630f0017474,12892,13684,36.11879348754883,8010,9111,9104,8014,8304,8347,0,30,VIK,esports:team:03c77c10-fe9e-434c-a60e-9735e1b71f9f,live:lol:riot:team:105593129376630217,11721,3364,,,,,2022-01-11T23:52:54.038Z,52.76536560058594,15,9,ING,11152,SnapshotPlayerStats,True,6,0,Syndra,6,0,730,5,2021-06-27T14:47:33.509Z,True,2053128,0,1865,1865,,,3020,1082,6655,3040,3157,4630,,,,16,0,247,16,0,16,False,Jackisek,esports:player:1e1bfb3e-4ca7-4258-a018-f818fd9e7cbe,live:lol:riot:player:df8ff557-e5bf-37ac-b609-21d873d09c7e,14312,14506,0,8112,8139,8138,8135,8347,8345,0,30,VIK,esports:team:03c77c10-fe9e-434c-a60e-9735e1b71f9f,live:lol:riot:team:105593129376630217,13429,3363,,,,,2022-01-11T23:52:54.038Z,18.319242477416992,1,11,ING,15410,SnapshotPlayerStats,False,4,0,Tristana,3,0,543,5,2021-06-27T14:47:33.509Z,True,2053128,0,78,1702,,,1055,3006,6671,3046,3031,1018,,,,14,0,223,13,0,13,False,Mauss,esports:player:867a7a59-11cd-4fe4-a850-1c7b9684a5a9,live:lol:riot:player:06f7f23b-d2b8-3864-a0ae-e9d6ded056cb,13902,12952,30.013200759887695,9923,8139,8138,8135,9101,9104,0,30,VIK,esports:team:03c77c10-fe9e-434c-a60e-9735e1b71f9f,live:lol:riot:team:105593129376630217,12453,3363,,,,,2022-01-11T23:52:54.038Z,37.17885971069336,12,13,ING,12258,SnapshotPlayerStats,False,10,51,Nautilus,1,0,571,5,2021-06-27T14:47:33.509Z,True,2053128,30,0,2072,,,3111,3860,3190,3067,3024,2055,,,,12,0,35,0,0,0,False,Meager,esports:player:1d0efaf5-4862-4827-b4b5-1187ccd6373a,live:lol:riot:player:ba10101f-e5b1-3230-a614-2957280570fe,12531,13014,28.732763290405273,8439,8401,8473,8242,8345,8352,0,30,VIK,esports:team:03c77c10-fe9e-434c-a60e-9735e1b71f9f,live:lol:riot:team:105593129376630217,7696,3364,,,,,2022-01-11T23:52:54.038Z,84.7430648803711,8,55,ING,9904,ING,esports:team:6003ca46-1c3a-4127-9b4d-fc1616eab8c2,blue,live:lol:riot:team:105593161016793151,VIK,esports:team:03c77c10-fe9e-434c-a60e-9735e1b71f9f,red,live:lol:riot:team:105593129376630217,TeamGameStats,70,1,20,4,67171,30,ING,esports:team:6003ca46-1c3a-4127-9b4d-fc1616eab8c2,9,TeamGameStats,37,0,30,2,56295,20,VIK,esports:team:03c77c10-fe9e-434c-a60e-9735e1b71f9f,3,WinProbability,0,0.4347559540613023,0.5652440459386977,WinProbability,0.25,0.39342977674003604,0.6065702232599639,WinProbability,0.5,0.3866149477754937,0.6133850522245063,WinProbability,0.75,0.38580598364642193,0.6141940163535781,WinProbability,1,0.3864908661616456,0.6135091338383545,WinProbability,1.25,0.3860438884656768,0.6139561115343233,WinProbability,1.5,0.3864057687979819,0.6135942312020182,WinProbability,1.75,0.38615226872479563,0.6138477312752044,WinProbability,2,0.3884050665365182,0.6115949334634818,WinProbability,2.25,0.41307859274048087,0.5869214072595191,WinProbability,2.5,0.4820794128050911,0.5179205871949089,WinProbability,2.75,0.5117582651618466,0.48824173483815336,WinProbability,3,0.5212259634872085,0.4787740365127915,WinProbability,3.25,0.48279715437706683,0.5172028456229332,WinProbability,3.5,0.35439810134188615,0.6456018986581138,WinProbability,3.75,0.2721749153442844,0.7278250846557156,WinProbability,4,0.23381675065860932,0.7661832493413907,WinProbability,4.25,0.1727349795415712,0.8272650204584289,WinProbability,4.5,0.16409977488052715,0.8359002251194728,WinProbability,4.75,0.29875921555330637,0.7012407844466937,WinProbability,5,0.3843843409661486,0.6156156590338514,WinProbability,5.25,0.4887028618725123,0.5112971381274878,WinProbability,5.5,0.5994546395454063,0.40054536045459366,WinProbability,5.75,0.6786408297307387,0.3213591702692613,WinProbability,6,0.737069587266379,0.26293041273362106,WinProbability,6.25,0.6376516103952805,0.3623483896047195,WinProbability,6.5,0.5596338102826072,0.44036618971739283,WinProbability,6.75,0.49410293675162414,0.5058970632483759,WinProbability,7,0.48911015662080753,0.5108898433791924,WinProbability,7.25,0.5161409804558323,0.48385901954416766,WinProbability,7.5,0.5453411068897471,0.45465889311025287,WinProbability,7.75,0.5766057816495671,0.4233942183504329,WinProbability,8,0.5568061018769958,0.44319389812300425,WinProbability,8.25,0.48813573592944265,0.5118642640705573,WinProbability,8.5,0.3933590387694123,0.6066409612305876,WinProbability,8.75,0.3293752711199316,0.6706247288800684,WinProbability,9,0.29901021217326695,0.700989787826733,WinProbability,9.25,0.284842135350463,0.715157864649537,WinProbability,9.5,0.2868456812016112,0.7131543187983889,WinProbability,9.75,0.2738162281573823,0.7261837718426176,WinProbability,10,0.29693097213011815,0.7030690278698819,WinProbability,10.25,0.2698573731694394,0.7301426268305606,WinProbability,10.5,0.26126921270150466,0.7387307872984954,WinProbability,10.75,0.2872172576263124,0.7127827423736877,WinProbability,11,0.31243319701426525,0.6875668029857347,WinProbability,11.25,0.2944121896333764,0.7055878103666235,WinProbability,11.5,0.2892650146318102,0.7107349853681898,WinProbability,11.75,0.26768367208370947,0.7323163279162905,WinProbability,12,0.2754920789073176,0.7245079210926824,WinProbability,12.25,0.3088009220325777,0.6911990779674223,WinProbability,12.5,0.31418152884222467,0.6858184711577753,WinProbability,12.75,0.3088151412034427,0.6911848587965572,WinProbability,13,0.32346662975081153,0.6765333702491885,WinProbability,13.25,0.32588453794473504,0.674115462055265,WinProbability,13.5,0.33243540538940825,0.6675645946105917,WinProbability,13.75,0.3999585755295215,0.6000414244704785,WinProbability,14,0.5046356382343742,0.4953643617656258,WinProbability,14.25,0.5238193776939278,0.47618062230607217,WinProbability,14.5,0.5108479176474574,0.4891520823525426,WinProbability,14.75,0.5028349006852181,0.4971650993147819,WinProbability,15,0.556915368438297,0.44308463156170297,WinProbability,15.25,0.5969094093408432,0.40309059065915676,WinProbability,15.5,0.5249465953799092,0.4750534046200908,WinProbability,15.75,0.40434772279743203,0.595652277202568,WinProbability,16,0.3788895883345408,0.6211104116654592,WinProbability,16.25,0.3984718146529239,0.6015281853470761,WinProbability,16.5,0.4622379888487088,0.5377620111512912,WinProbability,16.75,0.4693036001281878,0.5306963998718122,WinProbability,17,0.5120255074664817,0.4879744925335183,WinProbability,17.25,0.5857533544970733,0.41424664550292667,WinProbability,17.5,0.6653889276239561,0.3346110723760439,WinProbability,17.75,0.8004957181180612,0.1995042818819388,WinProbability,18,0.8472793957809923,0.15272060421900768,WinProbability,18.25,0.8873568329399233,0.11264316706007671,WinProbability,18.5,0.9282329539241194,0.07176704607588058,WinProbability,18.75,0.9453422423237211,0.054657757676278895,WinProbability,19,0.9452412279110756,0.054758772088924434,WinProbability,19.25,0.9266983019514838,0.07330169804851616,WinProbability,19.5,0.9271968914669227,0.07280310853307725,WinProbability,19.75,0.935280922390682,0.06471907760931805,WinProbability,20,0.954835742267463,0.04516425773253696,WinProbability,20.25,0.9639159381806744,0.03608406181932555,WinProbability,20.5,0.9662898220925232,0.03371017790747677,WinProbability,20.75,0.9557430831590238,0.04425691684097621,WinProbability,21,0.9618322508281355,0.038167749171864496,WinProbability,21.25,0.9583058131390967,0.041694186860903315,WinProbability,21.5,0.9602532253877675,0.03974677461223253,WinProbability,21.75,0.964595550495303,0.03540444950469701,WinProbability,22,0.9619259643498634,0.03807403565013656,WinProbability,22.25,0.9616876692907627,0.03831233070923734,WinProbability,22.5,0.962206552295934,0.03779344770406601,WinProbability,22.75,0.9651367221705767,0.034863277829423334,WinProbability,23,0.9785938058760562,0.021406194123943845,WinProbability,23.25,0.9868235997256132,0.013176400274386824,WinProbability,23.5,0.9899101175982776,0.010089882401722372,WinProbability,23.75,0.9928736029029591,0.007126397097040882,WinProbability,24,0.9942477409102127,0.0057522590897872705,WinProbability,24.25,0.9956276327990267,0.004372367200973337,WinProbability,24.5,0.9965563501238475,0.0034436498761525325,WinProbability,24.75,0.9973837049947188,0.002616295005281155,WinProbability,25,0.9982323879102573,0.0017676120897427428,WinProbability,25.25,0.9988200964712162,0.0011799035287838322,WinProbability,25.5,0.9991937944019277,0.0008062055980723182,WinProbability,25.75,0.9995173088529727,0.0004826911470272588,WinProbability,26,0.9997035187544223,0.0002964812455776844,WinProbability,26.25,0.9998061165241944,0.00019388347580562293,WinProbability,26.5,0.9998612870012725,0.0001387129987274749,WinProbability,26.75,0.999899134622497,0.00010086537750297886,WinProbability,27,0.9999322691594997,6.773084050026856e-05,WinProbability,27.25,0.9999509761523152,4.902384768479262e-05,WinProbability,27.5,0.9999649467614466,3.505323855335085e-05,WinProbability,27.75,0.9999759618709515,2.4038129048498114e-05,WinProbability,28,0.999984673904384,1.5326095616052804e-05,WinProbability,28.25,0.9999887371110349,1.1262888965135609e-05,WinProbability,28.5,0.9999915386632428,8.461336757248361e-06,WinProbability,28.75,0.9999940394461133,5.9605538866858154e-06,WinProbability,29,0.9999956686516007,4.331348399277957e-06,WinProbability,29.25,0.9999968182067,3.181793299944502e-06,WinProbability,29.5,0.9999977748600047,2.2251399952599726e-06,WinProbability,29.75,0.9999983017051695,1.6982948305432899e-06,WinProbability,30,0.9999986795735204,1.3204264796007337e-06,WinProbability,30.25,0.9999989866191498,1.013380850234391e-06,WinProbability,30.5,0.9999991955565845,8.044434155474178e-07,WinProbability,30.75,0.9999993437480105,6.562519895281227e-07,WinProbability,31,0.9999992618049006,7.381950993812225e-07,WinProbability,31.25,0.9999992494724951,7.50527504922438e-07,WinProbability,31.5,0.9999992878264258,7.121735742243729e-07,WinProbability,31.75,0.9999992999026398,7.000973601956062e-07,WinProbability,32,0.9999993033280792,6.966719208190142e-07,WinProbability,32.25,0.9999993311363939,6.688636060570019e-07,WinProbability,32.5,0.9999994651168813,5.348831186857694e-07,WinProbability,32.75,0.9999995972327121,4.0276728785482163e-07,WinProbability,33,0.9999996768379458,3.2316205422766586e-07,WinProbability,33.25,0.9999997747669798,2.2523302023458314e-07,WinProbability,33.5,0.9999998509186677,1.4908133227908849e-07,WinProbability,33.75,0.999999889008495,1.1099150498683485e-07,WinProbability,34,0.9999999296436834,7.035631655050167e-08,blue,ING,esports:team:6003ca46-1c3a-4127-9b4d-fc1616eab8c2,live:lol:riot:team:105593161016793151,1624816588,2021-06-27T14:00:00Z,400,esports:match:4fe22357-f001-4501-8bbb-0facfc4f119a,,MatchScore,0,1,TeamDetails,VIK,370,Vikingekrig Esports,0,0,PlayerHistory,PlayerDetails,3460,Martin Kuhajda,https://factorassets.global.ssl.fastly.net/player-headshots/esports:player:867a7a59-11cd-4fe4-a850-1c7b9684a5a9/latest.png,Mauss,esports:player:867a7a59-11cd-4fe4-a850-1c7b9684a5a9,esports:player:867a7a59-11cd-4fe4-a850-1c7b9684a5a9,bot,esports:tournament:1bdec7a4-7a9f-4a85-9cb7-9c0e8ebdb386,PlayerHistory,PlayerDetails,968,Jakub Kotulan,https://factorassets.global.ssl.fastly.net/player-headshots/esports:player:f1dfecd2-0e46-4d8c-94f5-f2af4dd4b013/latest.png,Kulvas,esports:player:f1dfecd2-0e46-4d8c-94f5-f2af4dd4b013,esports:player:f1dfecd2-0e46-4d8c-94f5-f2af4dd4b013,top,esports:tournament:1bdec7a4-7a9f-4a85-9cb7-9c0e8ebdb386,PlayerHistory,PlayerDetails,2846,Piotr Bedorf,https://factorassets.global.ssl.fastly.net/player-headshots/esports:player:91a48889-6e3f-4473-afb1-f490a58a599c/latest.png,Bedi,esports:player:91a48889-6e3f-4473-afb1-f490a58a599c,esports:player:91a48889-6e3f-4473-afb1-f490a58a599c,jng,esports:tournament:1bdec7a4-7a9f-4a85-9cb7-9c0e8ebdb386,PlayerHistory,PlayerDetails,2047,Kamil Pękacki,,Meager,esports:player:1d0efaf5-4862-4827-b4b5-1187ccd6373a,esports:player:1d0efaf5-4862-4827-b4b5-1187ccd6373a,sup,esports:tournament:1bdec7a4-7a9f-4a85-9cb7-9c0e8ebdb386,PlayerHistory,PlayerDetails,787,Adam Jeřábek,https://factorassets.global.ssl.fastly.net/player-headshots/esports:player:1e1bfb3e-4ca7-4258-a018-f818fd9e7cbe/latest.png,Jackisek,esports:player:1e1bfb3e-4ca7-4258-a018-f818fd9e7cbe,esports:player:1e1bfb3e-4ca7-4258-a018-f818fd9e7cbe,mid,esports:tournament:1bdec7a4-7a9f-4a85-9cb7-9c0e8ebdb386,TeamRank,,46,0.44703229329561284,,0.44703229329561284,VIK,esports:team:03c77c10-fe9e-434c-a60e-9735e1b71f9f,PlayerDetails,3460,Martin Kuhajda,https://factorassets.global.ssl.fastly.net/player-headshots/esports:player:867a7a59-11cd-4fe4-a850-1c7b9684a5a9/latest.png,Mauss,esports:player:867a7a59-11cd-4fe4-a850-1c7b9684a5a9,Mauss,esports:player:867a7a59-11cd-4fe4-a850-1c7b9684a5a9,bot,PlayerDetails,968,Jakub Kotulan,https://factorassets.global.ssl.fastly.net/player-headshots/esports:player:f1dfecd2-0e46-4d8c-94f5-f2af4dd4b013/latest.png,Kulvas,esports:player:f1dfecd2-0e46-4d8c-94f5-f2af4dd4b013,Kulvas,esports:player:f1dfecd2-0e46-4d8c-94f5-f2af4dd4b013,top,PlayerDetails,2846,Piotr Bedorf,https://factorassets.global.ssl.fastly.net/player-headshots/esports:player:91a48889-6e3f-4473-afb1-f490a58a599c/latest.png,Bedi,esports:player:91a48889-6e3f-4473-afb1-f490a58a599c,Bedi,esports:player:91a48889-6e3f-4473-afb1-f490a58a599c,jng,PlayerDetails,2047,Kamil Pękacki,,Meager,esports:player:1d0efaf5-4862-4827-b4b5-1187ccd6373a,Meager,esports:player:1d0efaf5-4862-4827-b4b5-1187ccd6373a,sup,PlayerDetails,787,Adam Jeřábek,https://factorassets.global.ssl.fastly.net/player-headshots/esports:player:1e1bfb3e-4ca7-4258-a018-f818fd9e7cbe/latest.png,Jackisek,esports:player:1e1bfb3e-4ca7-4258-a018-f818fd9e7cbe,Jackisek,esports:player:1e1bfb3e-4ca7-4258-a018-f818fd9e7cbe,mid,TeamLogo,False,False,https://factorassets.global.ssl.fastly.net/teamlogo/esports:team:03c77c10-fe9e-434c-a60e-9735e1b71f9f/latest.png,esports:team:03c77c10-fe9e-434c-a60e-9735e1b71f9f,Tournament,Series,Hitpoint Masters,esports:series:96d248bb-1f3a-4ceb-8c9f-4fb3593ee57f,esports:tournament:1bdec7a4-7a9f-4a85-9cb7-9c0e8ebdb386,TeamDetails,ING,322,Inside Games,0,0,PlayerHistory,PlayerDetails,205648,Ivan Ivanov,,Sentherus,esports:player:005f5ced-e134-4804-9dd5-ee4288c8f372,esports:player:005f5ced-e134-4804-9dd5-ee4288c8f372,jng,esports:tournament:c718c526-f07d-41c1-b9cb-7806b74ac279,PlayerHistory,PlayerDetails,205647,Pavel Yotov,,Alien,esports:player:0fc1961e-0d93-4e62-977b-e9e55a37fb85,esports:player:0fc1961e-0d93-4e62-977b-e9e55a37fb85,mid,esports:tournament:c718c526-f07d-41c1-b9cb-7806b74ac279,PlayerHistory,PlayerDetails,1623,Karol Bieszczad,https://factorassets.global.ssl.fastly.net/player-headshots/default.png,Sheja,esports:player:8761d407-8ecc-41a8-82c1-902c287e4db6,esports:player:8761d407-8ecc-41a8-82c1-902c287e4db6,bot,esports:tournament:c718c526-f07d-41c1-b9cb-7806b74ac279,PlayerHistory,PlayerDetails,274278,Jáchym Kroš,,Krosak,esports:player:99392b19-197f-4947-8420-f376cb58bdd9,esports:player:99392b19-197f-4947-8420-f376cb58bdd9,top,esports:tournament:c718c526-f07d-41c1-b9cb-7806b74ac279,PlayerHistory,PlayerDetails,2929,Mario Benito Sanchez,https://factorassets.global.ssl.fastly.net/player-headshots/default.png,Shyelander,esports:player:9be984d2-af01-4ba6-bebd-2d3d5fedd234,esports:player:9be984d2-af01-4ba6-bebd-2d3d5fedd234,jng,esports:tournament:c718c526-f07d-41c1-b9cb-7806b74ac279,PlayerHistory,PlayerDetails,283000,Denis Urbánek,,Marzo,esports:player:afe3907f-d8ae-4665-b65d-5d19ac971e37,esports:player:afe3907f-d8ae-4665-b65d-5d19ac971e37,bot,esports:tournament:c718c526-f07d-41c1-b9cb-7806b74ac279,PlayerHistory,PlayerDetails,3487,Viktor Liptai,https://factorassets.global.ssl.fastly.net/player-headshots/esports:player:e7e35402-d2fc-4105-a63d-2fecea228961/latest.png,Emperor,esports:player:e7e35402-d2fc-4105-a63d-2fecea228961,esports:player:e7e35402-d2fc-4105-a63d-2fecea228961,top,esports:tournament:c718c526-f07d-41c1-b9cb-7806b74ac279,PlayerHistory,PlayerDetails,3241,João Loureiro,https://factorassets.global.ssl.fastly.net/player-headshots/default.png,Joao,esports:player:f14edae6-d771-4838-9b31-7a7c2ada9ae3,esports:player:f14edae6-d771-4838-9b31-7a7c2ada9ae3,sup,esports:tournament:c718c526-f07d-41c1-b9cb-7806b74ac279,PlayerHistory,PlayerDetails,794,Lukáš Chudý,https://factorassets.global.ssl.fastly.net/player-headshots/esports:player:feaeaa9e-cc0a-4214-b363-030a2b50104a/latest.png,Vizi,esports:player:feaeaa9e-cc0a-4214-b363-030a2b50104a,esports:player:feaeaa9e-cc0a-4214-b363-030a2b50104a,sup,esports:tournament:c718c526-f07d-41c1-b9cb-7806b74ac279,PlayerHistory,PlayerDetails,2147,Adam Čadek,https://factorassets.global.ssl.fastly.net/player-headshots/esports:player:213a0dfd-13fa-4333-98fd-8da30c52f85b/latest.png,NephAddie,esports:player:213a0dfd-13fa-4333-98fd-8da30c52f85b,esports:player:213a0dfd-13fa-4333-98fd-8da30c52f85b,bot,esports:tournament:c718c526-f07d-41c1-b9cb-7806b74ac279,PlayerHistory,PlayerDetails,604327,Tibor Charčenko,,Charca1,esports:player:54c4a504-7569-4a72-a72a-e17e259117cd,esports:player:54c4a504-7569-4a72-a72a-e17e259117cd,bot,esports:tournament:c718c526-f07d-41c1-b9cb-7806b74ac279,PlayerHistory,PlayerDetails,2944,Petr Jirovský,https://factorassets.global.ssl.fastly.net/player-headshots/esports:player:e2a4d176-7797-4d46-b7d9-02632c029bb2/latest.png,Demro,esports:player:e2a4d176-7797-4d46-b7d9-02632c029bb2,esports:player:e2a4d176-7797-4d46-b7d9-02632c029bb2,jng,esports:tournament:4230c264-6cb1-498d-8425-573c4a7adff7,PlayerHistory,PlayerDetails,515,Konstantinos Perperidis,https://factorassets.global.ssl.fastly.net/player-headshots/default.png,Nero,esports:player:adaf1a7d-624f-4150-b5ff-b33a7c1fa2db,esports:player:adaf1a7d-624f-4150-b5ff-b33a7c1fa2db,sup,esports:tournament:4230c264-6cb1-498d-8425-573c4a7adff7,PlayerHistory,PlayerDetails,1622,Martin Trungel,https://factorassets.global.ssl.fastly.net/player-headshots/default.png,Trungi,esports:player:1941bec4-a82e-434d-9f1b-6417a23275bc,esports:player:1941bec4-a82e-434d-9f1b-6417a23275bc,top,esports:tournament:4230c264-6cb1-498d-8425-573c4a7adff7,PlayerHistory,PlayerDetails,1623,Karol Bieszczad,https://factorassets.global.ssl.fastly.net/player-headshots/default.png,Sheja,esports:player:8761d407-8ecc-41a8-82c1-902c287e4db6,esports:player:8761d407-8ecc-41a8-82c1-902c287e4db6,bot,esports:tournament:4230c264-6cb1-498d-8425-573c4a7adff7,PlayerHistory,PlayerDetails,1564,Stanislav Hynk,https://factorassets.global.ssl.fastly.net/player-headshots/esports:player:9624b9c6-a5e6-4cf4-8aca-2c50eee96aa2/latest.png,Stanik,esports:player:9624b9c6-a5e6-4cf4-8aca-2c50eee96aa2,esports:player:9624b9c6-a5e6-4cf4-8aca-2c50eee96aa2,mid,esports:tournament:4230c264-6cb1-498d-8425-573c4a7adff7,PlayerHistory,PlayerDetails,1768,Michal Kratochvíla,https://factorassets.global.ssl.fastly.net/player-headshots/esports:player:39f5760e-3133-457d-9c3c-a234b65ba174/latest.png,Defflok,esports:player:39f5760e-3133-457d-9c3c-a234b65ba174,esports:player:39f5760e-3133-457d-9c3c-a234b65ba174,mid,esports:tournament:05d4d10b-3359-46c6-8f0f-40623fdf9f74,PlayerHistory,PlayerDetails,1506,Ondrej Hrnecek,https://factorassets.global.ssl.fastly.net/player-headshots/default.png,MjrDee,esports:player:42c9f37e-b307-49aa-971e-5ff1ec2cd91a,esports:player:42c9f37e-b307-49aa-971e-5ff1ec2cd91a,sup,esports:tournament:05d4d10b-3359-46c6-8f0f-40623fdf9f74,PlayerHistory,PlayerDetails,1847,Jiří Odehnal,https://factorassets.global.ssl.fastly.net/player-headshots/esports:player:0dcf603b-106d-4357-ab7c-4eea1dc40f19/latest.png,Savero,esports:player:0dcf603b-106d-4357-ab7c-4eea1dc40f19,esports:player:0dcf603b-106d-4357-ab7c-4eea1dc40f19,jng,esports:tournament:05d4d10b-3359-46c6-8f0f-40623fdf9f74,PlayerHistory,PlayerDetails,2977,Simon Králik,https://factorassets.global.ssl.fastly.net/player-headshots/esports:player:e984b88e-bc75-446f-bc27-626660aba6cd/latest.png,Kio,esports:player:e984b88e-bc75-446f-bc27-626660aba6cd,esports:player:e984b88e-bc75-446f-bc27-626660aba6cd,top,esports:tournament:05d4d10b-3359-46c6-8f0f-40623fdf9f74,PlayerHistory,PlayerDetails,3191,Tommy Tran,,Tommy,esports:player:1dea5194-99eb-4809-a77e-4ab61679da6f,esports:player:1dea5194-99eb-4809-a77e-4ab61679da6f,bot,esports:tournament:05d4d10b-3359-46c6-8f0f-40623fdf9f74,PlayerHistory,PlayerDetails,3127,Luboš Sobota,https://factorassets.global.ssl.fastly.net/player-headshots/esports:player:68efdfd7-47ed-4f34-b9d3-a3446a8cf9c9/latest.png,N3znamy,esports:player:68efdfd7-47ed-4f34-b9d3-a3446a8cf9c9,esports:player:68efdfd7-47ed-4f34-b9d3-a3446a8cf9c9,jng,esports:tournament:05d4d10b-3359-46c6-8f0f-40623fdf9f74,PlayerHistory,PlayerDetails,2806,Björn Kalcum,https://factorassets.global.ssl.fastly.net/player-headshots/esports:player:d5306772-543f-47dc-8981-f1d20a7bd52d/latest.png,Lagiah,esports:player:d5306772-543f-47dc-8981-f1d20a7bd52d,esports:player:d5306772-543f-47dc-8981-f1d20a7bd52d,jng,esports:tournament:1bdec7a4-7a9f-4a85-9cb7-9c0e8ebdb386,PlayerHistory,PlayerDetails,2977,Simon Králik,https://factorassets.global.ssl.fastly.net/player-headshots/esports:player:e984b88e-bc75-446f-bc27-626660aba6cd/latest.png,Kio,esports:player:e984b88e-bc75-446f-bc27-626660aba6cd,esports:player:e984b88e-bc75-446f-bc27-626660aba6cd,top,esports:tournament:1bdec7a4-7a9f-4a85-9cb7-9c0e8ebdb386,PlayerHistory,PlayerDetails,281,Matúš Mazur,https://factorassets.global.ssl.fastly.net/player-headshots/esports:player:eb77608a-9e2f-46e5-88a3-e8ffa314c28d/latest.png,MAZURR,esports:player:eb77608a-9e2f-46e5-88a3-e8ffa314c28d,esports:player:eb77608a-9e2f-46e5-88a3-e8ffa314c28d,bot,esports:tournament:1bdec7a4-7a9f-4a85-9cb7-9c0e8ebdb386,PlayerHistory,PlayerDetails,1506,Ondrej Hrnecek,https://factorassets.global.ssl.fastly.net/player-headshots/default.png,MjrDee,esports:player:42c9f37e-b307-49aa-971e-5ff1ec2cd91a,esports:player:42c9f37e-b307-49aa-971e-5ff1ec2cd91a,sup,esports:tournament:1bdec7a4-7a9f-4a85-9cb7-9c0e8ebdb386,PlayerHistory,PlayerDetails,3191,Tommy Tran,,Tommy,esports:player:1dea5194-99eb-4809-a77e-4ab61679da6f,esports:player:1dea5194-99eb-4809-a77e-4ab61679da6f,bot,esports:tournament:1bdec7a4-7a9f-4a85-9cb7-9c0e8ebdb386,PlayerHistory,PlayerDetails,1768,Michal Kratochvíla,https://factorassets.global.ssl.fastly.net/player-headshots/esports:player:39f5760e-3133-457d-9c3c-a234b65ba174/latest.png,Defflok,esports:player:39f5760e-3133-457d-9c3c-a234b65ba174,esports:player:39f5760e-3133-457d-9c3c-a234b65ba174,mid,esports:tournament:1bdec7a4-7a9f-4a85-9cb7-9c0e8ebdb386,TeamRank,,76,0.40169823144948774,,0.40169823144948774,ING,esports:team:6003ca46-1c3a-4127-9b4d-fc1616eab8c2,Roster,PlayerDetails,2929,Mario Benito Sanchez,https://factorassets.global.ssl.fastly.net/player-headshots/default.png,Shyelander,esports:player:9be984d2-af01-4ba6-bebd-2d3d5fedd234,Shyelander,esports:player:9be984d2-af01-4ba6-bebd-2d3d5fedd234,jng,PlayerDetails,2806,Björn Kalcum,https://factorassets.global.ssl.fastly.net/player-headshots/esports:player:d5306772-543f-47dc-8981-f1d20a7bd52d/latest.png,Lagiah,esports:player:d5306772-543f-47dc-8981-f1d20a7bd52d,Lagiah,esports:player:d5306772-543f-47dc-8981-f1d20a7bd52d,jng,PlayerDetails,2977,Simon Králik,https://factorassets.global.ssl.fastly.net/player-headshots/esports:player:e984b88e-bc75-446f-bc27-626660aba6cd/latest.png,Kio,esports:player:e984b88e-bc75-446f-bc27-626660aba6cd,Kio,esports:player:e984b88e-bc75-446f-bc27-626660aba6cd,top,PlayerDetails,281,Matúš Mazur,https://factorassets.global.ssl.fastly.net/player-headshots/esports:player:eb77608a-9e2f-46e5-88a3-e8ffa314c28d/latest.png,MAZURR,esports:player:eb77608a-9e2f-46e5-88a3-e8ffa314c28d,MAZURR,esports:player:eb77608a-9e2f-46e5-88a3-e8ffa314c28d,bot,PlayerDetails,1506,Ondrej Hrnecek,https://factorassets.global.ssl.fastly.net/player-headshots/default.png,MjrDee,esports:player:42c9f37e-b307-49aa-971e-5ff1ec2cd91a,MjrDee,esports:player:42c9f37e-b307-49aa-971e-5ff1ec2cd91a,sup,PlayerDetails,3191,Tommy Tran,,Tommy,esports:player:1dea5194-99eb-4809-a77e-4ab61679da6f,Tommy,esports:player:1dea5194-99eb-4809-a77e-4ab61679da6f,bot,PlayerDetails,1768,Michal Kratochvíla,https://factorassets.global.ssl.fastly.net/player-headshots/esports:player:39f5760e-3133-457d-9c3c-a234b65ba174/latest.png,Defflok,esports:player:39f5760e-3133-457d-9c3c-a234b65ba174,Defflok,esports:player:39f5760e-3133-457d-9c3c-a234b65ba174,mid,TeamLogo,True,False,https://factorassets.global.ssl.fastly.net/teamlogo/esports:team:6003ca46-1c3a-4127-9b4d-fc1616eab8c2/latest.png,esports:team:6003ca46-1c3a-4127-9b4d-fc1616eab8c2,Tournament,Series,Hitpoint Masters,esports:series:96d248bb-1f3a-4ceb-8c9f-4fb3593ee57f,esports:tournament:c718c526-f07d-41c1-b9cb-7806b74ac279,Tournament,Series,Hitpoint Masters,esports:series:96d248bb-1f3a-4ceb-8c9f-4fb3593ee57f,esports:tournament:4230c264-6cb1-498d-8425-573c4a7adff7,Tournament,Series,Hitpoint Masters,esports:series:96d248bb-1f3a-4ceb-8c9f-4fb3593ee57f,esports:tournament:05d4d10b-3359-46c6-8f0f-40623fdf9f74,Tournament,2021-07-17,1666873658,Summer,Season,Hitpoint Masters 2021,2021,esports:season:da11dfd9-a156-480b-b6fb-c178a4eb46f0,Series,Hitpoint Masters,esports:series:96d248bb-1f3a-4ceb-8c9f-4fb3593ee57f,2021-06-17,Minor,Minor,4,esports:tournament:1bdec7a4-7a9f-4a85-9cb7-9c0e8ebdb386,1,False,1416,statistics,Hitpoint Masters,TeamDetails,VIK,370,Vikingekrig Esports,PlayerHistory,PlayerDetails,3460,Martin Kuhajda,https://factorassets.global.ssl.fastly.net/player-headshots/esports:player:867a7a59-11cd-4fe4-a850-1c7b9684a5a9/latest.png,Mauss,esports:player:867a7a59-11cd-4fe4-a850-1c7b9684a5a9,esports:player:867a7a59-11cd-4fe4-a850-1c7b9684a5a9,bot,esports:tournament:1bdec7a4-7a9f-4a85-9cb7-9c0e8ebdb386,PlayerHistory,PlayerDetails,968,Jakub Kotulan,https://factorassets.global.ssl.fastly.net/player-headshots/esports:player:f1dfecd2-0e46-4d8c-94f5-f2af4dd4b013/latest.png,Kulvas,esports:player:f1dfecd2-0e46-4d8c-94f5-f2af4dd4b013,esports:player:f1dfecd2-0e46-4d8c-94f5-f2af4dd4b013,top,esports:tournament:1bdec7a4-7a9f-4a85-9cb7-9c0e8ebdb386,PlayerHistory,PlayerDetails,2846,Piotr Bedorf,https://factorassets.global.ssl.fastly.net/player-headshots/esports:player:91a48889-6e3f-4473-afb1-f490a58a599c/latest.png,Bedi,esports:player:91a48889-6e3f-4473-afb1-f490a58a599c,esports:player:91a48889-6e3f-4473-afb1-f490a58a599c,jng,esports:tournament:1bdec7a4-7a9f-4a85-9cb7-9c0e8ebdb386,PlayerHistory,PlayerDetails,2047,Kamil Pękacki,,Meager,esports:player:1d0efaf5-4862-4827-b4b5-1187ccd6373a,esports:player:1d0efaf5-4862-4827-b4b5-1187ccd6373a,sup,esports:tournament:1bdec7a4-7a9f-4a85-9cb7-9c0e8ebdb386,PlayerHistory,PlayerDetails,787,Adam Jeřábek,https://factorassets.global.ssl.fastly.net/player-headshots/esports:player:1e1bfb3e-4ca7-4258-a018-f818fd9e7cbe/latest.png,Jackisek,esports:player:1e1bfb3e-4ca7-4258-a018-f818fd9e7cbe,esports:player:1e1bfb3e-4ca7-4258-a018-f818fd9e7cbe,mid,esports:tournament:1bdec7a4-7a9f-4a85-9cb7-9c0e8ebdb386,TeamRank,,46,0.44703229329561284,,0.44703229329561284,VIK,esports:team:03c77c10-fe9e-434c-a60e-9735e1b71f9f,TeamLogo,False,False,https://factorassets.global.ssl.fastly.net/teamlogo/esports:team:03c77c10-fe9e-434c-a60e-9735e1b71f9f/latest.png,esports:team:03c77c10-fe9e-434c-a60e-9735e1b71f9f,Tournament,Series,Hitpoint Masters,esports:series:96d248bb-1f3a-4ceb-8c9f-4fb3593ee57f,esports:tournament:1bdec7a4-7a9f-4a85-9cb7-9c0e8ebdb386,TeamDetails,ING,322,Inside Games,PlayerHistory,PlayerDetails,205648,Ivan Ivanov,,Sentherus,esports:player:005f5ced-e134-4804-9dd5-ee4288c8f372,esports:player:005f5ced-e134-4804-9dd5-ee4288c8f372,jng,esports:tournament:c718c526-f07d-41c1-b9cb-7806b74ac279,PlayerHistory,PlayerDetails,205647,Pavel Yotov,,Alien,esports:player:0fc1961e-0d93-4e62-977b-e9e55a37fb85,esports:player:0fc1961e-0d93-4e62-977b-e9e55a37fb85,mid,esports:tournament:c718c526-f07d-41c1-b9cb-7806b74ac279,PlayerHistory,PlayerDetails,1623,Karol Bieszczad,https://factorassets.global.ssl.fastly.net/player-headshots/default.png,Sheja,esports:player:8761d407-8ecc-41a8-82c1-902c287e4db6,esports:player:8761d407-8ecc-41a8-82c1-902c287e4db6,bot,esports:tournament:c718c526-f07d-41c1-b9cb-7806b74ac279,PlayerHistory,PlayerDetails,274278,Jáchym Kroš,,Krosak,esports:player:99392b19-197f-4947-8420-f376cb58bdd9,esports:player:99392b19-197f-4947-8420-f376cb58bdd9,top,esports:tournament:c718c526-f07d-41c1-b9cb-7806b74ac279,PlayerHistory,PlayerDetails,2929,Mario Benito Sanchez,https://factorassets.global.ssl.fastly.net/player-headshots/default.png,Shyelander,esports:player:9be984d2-af01-4ba6-bebd-2d3d5fedd234,esports:player:9be984d2-af01-4ba6-bebd-2d3d5fedd234,jng,esports:tournament:c718c526-f07d-41c1-b9cb-7806b74ac279,PlayerHistory,PlayerDetails,283000,Denis Urbánek,,Marzo,esports:player:afe3907f-d8ae-4665-b65d-5d19ac971e37,esports:player:afe3907f-d8ae-4665-b65d-5d19ac971e37,bot,esports:tournament:c718c526-f07d-41c1-b9cb-7806b74ac279,PlayerHistory,PlayerDetails,3487,Viktor Liptai,https://factorassets.global.ssl.fastly.net/player-headshots/esports:player:e7e35402-d2fc-4105-a63d-2fecea228961/latest.png,Emperor,esports:player:e7e35402-d2fc-4105-a63d-2fecea228961,esports:player:e7e35402-d2fc-4105-a63d-2fecea228961,top,esports:tournament:c718c526-f07d-41c1-b9cb-7806b74ac279,PlayerHistory,PlayerDetails,3241,João Loureiro,https://factorassets.global.ssl.fastly.net/player-headshots/default.png,Joao,esports:player:f14edae6-d771-4838-9b31-7a7c2ada9ae3,esports:player:f14edae6-d771-4838-9b31-7a7c2ada9ae3,sup,esports:tournament:c718c526-f07d-41c1-b9cb-7806b74ac279,PlayerHistory,PlayerDetails,794,Lukáš Chudý,https://factorassets.global.ssl.fastly.net/player-headshots/esports:player:feaeaa9e-cc0a-4214-b363-030a2b50104a/latest.png,Vizi,esports:player:feaeaa9e-cc0a-4214-b363-030a2b50104a,esports:player:feaeaa9e-cc0a-4214-b363-030a2b50104a,sup,esports:tournament:c718c526-f07d-41c1-b9cb-7806b74ac279,PlayerHistory,PlayerDetails,2147,Adam Čadek,https://factorassets.global.ssl.fastly.net/player-headshots/esports:player:213a0dfd-13fa-4333-98fd-8da30c52f85b/latest.png,NephAddie,esports:player:213a0dfd-13fa-4333-98fd-8da30c52f85b,esports:player:213a0dfd-13fa-4333-98fd-8da30c52f85b,bot,esports:tournament:c718c526-f07d-41c1-b9cb-7806b74ac279,PlayerHistory,PlayerDetails,604327,Tibor Charčenko,,Charca1,esports:player:54c4a504-7569-4a72-a72a-e17e259117cd,esports:player:54c4a504-7569-4a72-a72a-e17e259117cd,bot,esports:tournament:c718c526-f07d-41c1-b9cb-7806b74ac279,PlayerHistory,PlayerDetails,2944,Petr Jirovský,https://factorassets.global.ssl.fastly.net/player-headshots/esports:player:e2a4d176-7797-4d46-b7d9-02632c029bb2/latest.png,Demro,esports:player:e2a4d176-7797-4d46-b7d9-02632c029bb2,esports:player:e2a4d176-7797-4d46-b7d9-02632c029bb2,jng,esports:tournament:4230c264-6cb1-498d-8425-573c4a7adff7,PlayerHistory,PlayerDetails,515,Konstantinos Perperidis,https://factorassets.global.ssl.fastly.net/player-headshots/default.png,Nero,esports:player:adaf1a7d-624f-4150-b5ff-b33a7c1fa2db,esports:player:adaf1a7d-624f-4150-b5ff-b33a7c1fa2db,sup,esports:tournament:4230c264-6cb1-498d-8425-573c4a7adff7,PlayerHistory,PlayerDetails,1622,Martin Trungel,https://factorassets.global.ssl.fastly.net/player-headshots/default.png,Trungi,esports:player:1941bec4-a82e-434d-9f1b-6417a23275bc,esports:player:1941bec4-a82e-434d-9f1b-6417a23275bc,top,esports:tournament:4230c264-6cb1-498d-8425-573c4a7adff7,PlayerHistory,PlayerDetails,1623,Karol Bieszczad,https://factorassets.global.ssl.fastly.net/player-headshots/default.png,Sheja,esports:player:8761d407-8ecc-41a8-82c1-902c287e4db6,esports:player:8761d407-8ecc-41a8-82c1-902c287e4db6,bot,esports:tournament:4230c264-6cb1-498d-8425-573c4a7adff7,PlayerHistory,PlayerDetails,1564,Stanislav Hynk,https://factorassets.global.ssl.fastly.net/player-headshots/esports:player:9624b9c6-a5e6-4cf4-8aca-2c50eee96aa2/latest.png,Stanik,esports:player:9624b9c6-a5e6-4cf4-8aca-2c50eee96aa2,esports:player:9624b9c6-a5e6-4cf4-8aca-2c50eee96aa2,mid,esports:tournament:4230c264-6cb1-498d-8425-573c4a7adff7,PlayerHistory,PlayerDetails,1768,Michal Kratochvíla,https://factorassets.global.ssl.fastly.net/player-headshots/esports:player:39f5760e-3133-457d-9c3c-a234b65ba174/latest.png,Defflok,esports:player:39f5760e-3133-457d-9c3c-a234b65ba174,esports:player:39f5760e-3133-457d-9c3c-a234b65ba174,mid,esports:tournament:05d4d10b-3359-46c6-8f0f-40623fdf9f74,PlayerHistory,PlayerDetails,1506,Ondrej Hrnecek,https://factorassets.global.ssl.fastly.net/player-headshots/default.png,MjrDee,esports:player:42c9f37e-b307-49aa-971e-5ff1ec2cd91a,esports:player:42c9f37e-b307-49aa-971e-5ff1ec2cd91a,sup,esports:tournament:05d4d10b-3359-46c6-8f0f-40623fdf9f74,PlayerHistory,PlayerDetails,1847,Jiří Odehnal,https://factorassets.global.ssl.fastly.net/player-headshots/esports:player:0dcf603b-106d-4357-ab7c-4eea1dc40f19/latest.png,Savero,esports:player:0dcf603b-106d-4357-ab7c-4eea1dc40f19,esports:player:0dcf603b-106d-4357-ab7c-4eea1dc40f19,jng,esports:tournament:05d4d10b-3359-46c6-8f0f-40623fdf9f74,PlayerHistory,PlayerDetails,2977,Simon Králik,https://factorassets.global.ssl.fastly.net/player-headshots/esports:player:e984b88e-bc75-446f-bc27-626660aba6cd/latest.png,Kio,esports:player:e984b88e-bc75-446f-bc27-626660aba6cd,esports:player:e984b88e-bc75-446f-bc27-626660aba6cd,top,esports:tournament:05d4d10b-3359-46c6-8f0f-40623fdf9f74,PlayerHistory,PlayerDetails,3191,Tommy Tran,,Tommy,esports:player:1dea5194-99eb-4809-a77e-4ab61679da6f,esports:player:1dea5194-99eb-4809-a77e-4ab61679da6f,bot,esports:tournament:05d4d10b-3359-46c6-8f0f-40623fdf9f74,PlayerHistory,PlayerDetails,3127,Luboš Sobota,https://factorassets.global.ssl.fastly.net/player-headshots/esports:player:68efdfd7-47ed-4f34-b9d3-a3446a8cf9c9/latest.png,N3znamy,esports:player:68efdfd7-47ed-4f34-b9d3-a3446a8cf9c9,esports:player:68efdfd7-47ed-4f34-b9d3-a3446a8cf9c9,jng,esports:tournament:05d4d10b-3359-46c6-8f0f-40623fdf9f74,PlayerHistory,PlayerDetails,2806,Björn Kalcum,https://factorassets.global.ssl.fastly.net/player-headshots/esports:player:d5306772-543f-47dc-8981-f1d20a7bd52d/latest.png,Lagiah,esports:player:d5306772-543f-47dc-8981-f1d20a7bd52d,esports:player:d5306772-543f-47dc-8981-f1d20a7bd52d,jng,esports:tournament:1bdec7a4-7a9f-4a85-9cb7-9c0e8ebdb386,PlayerHistory,PlayerDetails,2977,Simon Králik,https://factorassets.global.ssl.fastly.net/player-headshots/esports:player:e984b88e-bc75-446f-bc27-626660aba6cd/latest.png,Kio,esports:player:e984b88e-bc75-446f-bc27-626660aba6cd,esports:player:e984b88e-bc75-446f-bc27-626660aba6cd,top,esports:tournament:1bdec7a4-7a9f-4a85-9cb7-9c0e8ebdb386,PlayerHistory,PlayerDetails,281,Matúš Mazur,https://factorassets.global.ssl.fastly.net/player-headshots/esports:player:eb77608a-9e2f-46e5-88a3-e8ffa314c28d/latest.png,MAZURR,esports:player:eb77608a-9e2f-46e5-88a3-e8ffa314c28d,esports:player:eb77608a-9e2f-46e5-88a3-e8ffa314c28d,bot,esports:tournament:1bdec7a4-7a9f-4a85-9cb7-9c0e8ebdb386,PlayerHistory,PlayerDetails,1506,Ondrej Hrnecek,https://factorassets.global.ssl.fastly.net/player-headshots/default.png,MjrDee,esports:player:42c9f37e-b307-49aa-971e-5ff1ec2cd91a,esports:player:42c9f37e-b307-49aa-971e-5ff1ec2cd91a,sup,esports:tournament:1bdec7a4-7a9f-4a85-9cb7-9c0e8ebdb386,PlayerHistory,PlayerDetails,3191,Tommy Tran,,Tommy,esports:player:1dea5194-99eb-4809-a77e-4ab61679da6f,esports:player:1dea5194-99eb-4809-a77e-4ab61679da6f,bot,esports:tournament:1bdec7a4-7a9f-4a85-9cb7-9c0e8ebdb386,PlayerHistory,PlayerDetails,1768,Michal Kratochvíla,https://factorassets.global.ssl.fastly.net/player-headshots/esports:player:39f5760e-3133-457d-9c3c-a234b65ba174/latest.png,Defflok,esports:player:39f5760e-3133-457d-9c3c-a234b65ba174,esports:player:39f5760e-3133-457d-9c3c-a234b65ba174,mid,esports:tournament:1bdec7a4-7a9f-4a85-9cb7-9c0e8ebdb386,TeamRank,,76,0.40169823144948774,,0.40169823144948774,ING,esports:team:6003ca46-1c3a-4127-9b4d-fc1616eab8c2,Roster,PlayerDetails,2929,Mario Benito Sanchez,https://factorassets.global.ssl.fastly.net/player-headshots/default.png,Shyelander,esports:player:9be984d2-af01-4ba6-bebd-2d3d5fedd234,Shyelander,esports:player:9be984d2-af01-4ba6-bebd-2d3d5fedd234,jng,TeamLogo,True,False,https://factorassets.global.ssl.fastly.net/teamlogo/esports:team:6003ca46-1c3a-4127-9b4d-fc1616eab8c2/latest.png,esports:team:6003ca46-1c3a-4127-9b4d-fc1616eab8c2,Tournament,Series,Hitpoint Masters,esports:series:96d248bb-1f3a-4ceb-8c9f-4fb3593ee57f,esports:tournament:c718c526-f07d-41c1-b9cb-7806b74ac279,Tournament,Series,Hitpoint Masters,esports:series:96d248bb-1f3a-4ceb-8c9f-4fb3593ee57f,esports:tournament:4230c264-6cb1-498d-8425-573c4a7adff7,Tournament,Series,Hitpoint Masters,esports:series:96d248bb-1f3a-4ceb-8c9f-4fb3593ee57f,esports:tournament:05d4d10b-3359-46c6-8f0f-40623fdf9f74,1416,VIK-ING,1,statistics,False
