,buildId,dynamicIds_0,dynamicIds_1,dynamicIds_2,dynamicIds_3,dynamicIds_4,gssp,isFallback,page,props___N_SSP,props_pageProps_match_isPreMatch,props_pageProps_match_matchInfo___typename,props_pageProps_match_matchInfo_factorId,props_pageProps_match_matchInfo_games_0___typename,props_pageProps_match_matchInfo_games_0_bb1,props_pageProps_match_matchInfo_games_0_bb2,props_pageProps_match_matchInfo_games_0_bb3,props_pageProps_match_matchInfo_games_0_bb4,props_pageProps_match_matchInfo_games_0_bb5,props_pageProps_match_matchInfo_games_0_bp1,props_pageProps_match_matchInfo_games_0_bp2,props_pageProps_match_matchInfo_games_0_bp3,props_pageProps_match_matchInfo_games_0_bp4,props_pageProps_match_matchInfo_games_0_bp5,props_pageProps_match_matchInfo_games_0_gameDurationMins,props_pageProps_match_matchInfo_games_0_gameGold_0___typename,props_pageProps_match_matchInfo_games_0_gameGold_0_gameTime,props_pageProps_match_matchInfo_games_0_gameGold_0_goldDifference,props_pageProps_match_matchInfo_games_0_gameGold_0_team1Perid,props_pageProps_match_matchInfo_games_0_gameGold_0_team1TotalGold,props_pageProps_match_matchInfo_games_0_gameGold_0_team2Perid,props_pageProps_match_matchInfo_games_0_gameGold_0_team2TotalGold,props_pageProps_match_matchInfo_games_0_gameGold_1___typename,props_pageProps_match_matchInfo_games_0_gameGold_1_gameTime,props_pageProps_match_matchInfo_games_0_gameGold_1_goldDifference,props_pageProps_match_matchInfo_games_0_gameGold_1_team1Perid,props_pageProps_match_matchInfo_games_0_gameGold_1_team1TotalGold,props_pageProps_match_matchInfo_games_0_gameGold_1_team2Perid,props_pageProps_match_matchInfo_games_0_gameGold_1_team2TotalGold,props_pageProps_match_matchInfo_games_0_gameGold_2___typename,props_pageProps_match_matchInfo_games_0_gameGold_2_gameTime,props_pageProps_match_matchInfo_games_0_gameGold_2_goldDifference,props_pageProps_match_matchInfo_games_0_gameGold_2_team1Perid,props_pageProps_match_matchInfo_games_0_gameGold_2_team1TotalGold,props_pageProps_match_matchInfo_games_0_gameGold_2_team2Perid,props_pageProps_match_matchInfo_games_0_gameGold_2_team2TotalGold,props_pageProps_match_matchInfo_games_0_gameGold_3___typename,props_pageProps_match_matchInfo_games_0_gameGold_3_gameTime,props_pageProps_match_matchInfo_games_0_gameGold_3_goldDifference,props_pageProps_match_matchInfo_games_0_gameGold_3_team1Perid,props_pageProps_match_matchInfo_games_0_gameGold_3_team1TotalGold,props_pageProps_match_matchInfo_games_0_gameGold_3_team2Perid,props_pageProps_match_matchInfo_games_0_gameGold_3_team2TotalGold,props_pageProps_match_matchInfo_games_0_gameGold_4___typename,props_pageProps_match_matchInfo_games_0_gameGold_4_gameTime,props_pageProps_match_matchInfo_games_0_gameGold_4_goldDifference,props_pageProps_match_matchInfo_games_0_gameGold_4_team1Perid,props_pageProps_match_matchInfo_games_0_gameGold_4_team1TotalGold,props_pageProps_match_matchInfo_games_0_gameGold_4_team2Perid,props_pageProps_match_matchInfo_games_0_gameGold_4_team2TotalGold,props_pageProps_match_matchInfo_games_0_gameGold_5___typename,props_pageProps_match_matchInfo_games_0_gameGold_5_gameTime,props_pageProps_match_matchInfo_games_0_gameGold_5_goldDifference,props_pageProps_match_matchInfo_games_0_gameGold_5_team1Perid,props_pageProps_match_matchInfo_games_0_gameGold_5_team1TotalGold,props_pageProps_match_matchInfo_games_0_gameGold_5_team2Perid,props_pageProps_match_matchInfo_games_0_gameGold_5_team2TotalGold,props_pageProps_match_matchInfo_games_0_gameGold_6___typename,props_pageProps_match_matchInfo_games_0_gameGold_6_gameTime,props_pageProps_match_matchInfo_games_0_gameGold_6_goldDifference,props_pageProps_match_matchInfo_games_0_gameGold_6_team1Perid,props_pageProps_match_matchInfo_games_0_gameGold_6_team1TotalGold,props_pageProps_match_matchInfo_games_0_gameGold_6_team2Perid,props_pageProps_match_matchInfo_games_0_gameGold_6_team2TotalGold,props_pageProps_match_matchInfo_games_0_gameGold_7___typename,props_pageProps_match_matchInfo_games_0_gameGold_7_gameTime,props_pageProps_match_matchInfo_games_0_gameGold_7_goldDifference,props_pageProps_match_matchInfo_games_0_gameGold_7_team1Perid,props_pageProps_match_matchInfo_games_0_gameGold_7_team1TotalGold,props_pageProps_match_matchInfo_games_0_gameGold_7_team2Perid,props_pageProps_match_matchInfo_games_0_gameGold_7_team2TotalGold,props_pageProps_match_matchInfo_games_0_gameGold_8___typename,props_pageProps_match_matchInfo_games_0_gameGold_8_gameTime,props_pageProps_match_matchInfo_games_0_gameGold_8_goldDifference,props_pageProps_match_matchInfo_games_0_gameGold_8_team1Perid,props_pageProps_match_matchInfo_games_0_gameGold_8_team1TotalGold,props_pageProps_match_matchInfo_games_0_gameGold_8_team2Perid,props_pageProps_match_matchInfo_games_0_gameGold_8_team2TotalGold,props_pageProps_match_matchInfo_games_0_gameGold_9___typename,props_pageProps_match_matchInfo_games_0_gameGold_9_gameTime,props_pageProps_match_matchInfo_games_0_gameGold_9_goldDifference,props_pageProps_match_matchInfo_games_0_gameGold_9_team1Perid,props_pageProps_match_matchInfo_games_0_gameGold_9_team1TotalGold,props_pageProps_match_matchInfo_games_0_gameGold_9_team2Perid,props_pageProps_match_matchInfo_games_0_gameGold_9_team2TotalGold,props_pageProps_match_matchInfo_games_0_gameGold_10___typename,props_pageProps_match_matchInfo_games_0_gameGold_10_gameTime,props_pageProps_match_matchInfo_games_0_gameGold_10_goldDifference,props_pageProps_match_matchInfo_games_0_gameGold_10_team1Perid,props_pageProps_match_matchInfo_games_0_gameGold_10_team1TotalGold,props_pageProps_match_matchInfo_games_0_gameGold_10_team2Perid,props_pageProps_match_matchInfo_games_0_gameGold_10_team2TotalGold,props_pageProps_match_matchInfo_games_0_gameGold_11___typename,props_pageProps_match_matchInfo_games_0_gameGold_11_gameTime,props_pageProps_match_matchInfo_games_0_gameGold_11_goldDifference,props_pageProps_match_matchInfo_games_0_gameGold_11_team1Perid,props_pageProps_match_matchInfo_games_0_gameGold_11_team1TotalGold,props_pageProps_match_matchInfo_games_0_gameGold_11_team2Perid,props_pageProps_match_matchInfo_games_0_gameGold_11_team2TotalGold,props_pageProps_match_matchInfo_games_0_gameGold_12___typename,props_pageProps_match_matchInfo_games_0_gameGold_12_gameTime,props_pageProps_match_matchInfo_games_0_gameGold_12_goldDifference,props_pageProps_match_matchInfo_games_0_gameGold_12_team1Perid,props_pageProps_match_matchInfo_games_0_gameGold_12_team1TotalGold,props_pageProps_match_matchInfo_games_0_gameGold_12_team2Perid,props_pageProps_match_matchInfo_games_0_gameGold_12_team2TotalGold,props_pageProps_match_matchInfo_games_0_gameGold_13___typename,props_pageProps_match_matchInfo_games_0_gameGold_13_gameTime,props_pageProps_match_matchInfo_games_0_gameGold_13_goldDifference,props_pageProps_match_matchInfo_games_0_gameGold_13_team1Perid,props_pageProps_match_matchInfo_games_0_gameGold_13_team1TotalGold,props_pageProps_match_matchInfo_games_0_gameGold_13_team2Perid,props_pageProps_match_matchInfo_games_0_gameGold_13_team2TotalGold,props_pageProps_match_matchInfo_games_0_gameGold_14___typename,props_pageProps_match_matchInfo_games_0_gameGold_14_gameTime,props_pageProps_match_matchInfo_games_0_gameGold_14_goldDifference,props_pageProps_match_matchInfo_games_0_gameGold_14_team1Perid,props_pageProps_match_matchInfo_games_0_gameGold_14_team1TotalGold,props_pageProps_match_matchInfo_games_0_gameGold_14_team2Perid,props_pageProps_match_matchInfo_games_0_gameGold_14_team2TotalGold,props_pageProps_match_matchInfo_games_0_gameGold_15___typename,props_pageProps_match_matchInfo_games_0_gameGold_15_gameTime,props_pageProps_match_matchInfo_games_0_gameGold_15_goldDifference,props_pageProps_match_matchInfo_games_0_gameGold_15_team1Perid,props_pageProps_match_matchInfo_games_0_gameGold_15_team1TotalGold,props_pageProps_match_matchInfo_games_0_gameGold_15_team2Perid,props_pageProps_match_matchInfo_games_0_gameGold_15_team2TotalGold,props_pageProps_match_matchInfo_games_0_gameGold_16___typename,props_pageProps_match_matchInfo_games_0_gameGold_16_gameTime,props_pageProps_match_matchInfo_games_0_gameGold_16_goldDifference,props_pageProps_match_matchInfo_games_0_gameGold_16_team1Perid,props_pageProps_match_matchInfo_games_0_gameGold_16_team1TotalGold,props_pageProps_match_matchInfo_games_0_gameGold_16_team2Perid,props_pageProps_match_matchInfo_games_0_gameGold_16_team2TotalGold,props_pageProps_match_matchInfo_games_0_gameGold_17___typename,props_pageProps_match_matchInfo_games_0_gameGold_17_gameTime,props_pageProps_match_matchInfo_games_0_gameGold_17_goldDifference,props_pageProps_match_matchInfo_games_0_gameGold_17_team1Perid,props_pageProps_match_matchInfo_games_0_gameGold_17_team1TotalGold,props_pageProps_match_matchInfo_games_0_gameGold_17_team2Perid,props_pageProps_match_matchInfo_games_0_gameGold_17_team2TotalGold,props_pageProps_match_matchInfo_games_0_gameGold_18___typename,props_pageProps_match_matchInfo_games_0_gameGold_18_gameTime,props_pageProps_match_matchInfo_games_0_gameGold_18_goldDifference,props_pageProps_match_matchInfo_games_0_gameGold_18_team1Perid,props_pageProps_match_matchInfo_games_0_gameGold_18_team1TotalGold,props_pageProps_match_matchInfo_games_0_gameGold_18_team2Perid,props_pageProps_match_matchInfo_games_0_gameGold_18_team2TotalGold,props_pageProps_match_matchInfo_games_0_gameGold_19___typename,props_pageProps_match_matchInfo_games_0_gameGold_19_gameTime,props_pageProps_match_matchInfo_games_0_gameGold_19_goldDifference,props_pageProps_match_matchInfo_games_0_gameGold_19_team1Perid,props_pageProps_match_matchInfo_games_0_gameGold_19_team1TotalGold,props_pageProps_match_matchInfo_games_0_gameGold_19_team2Perid,props_pageProps_match_matchInfo_games_0_gameGold_19_team2TotalGold,props_pageProps_match_matchInfo_games_0_gameGold_20___typename,props_pageProps_match_matchInfo_games_0_gameGold_20_gameTime,props_pageProps_match_matchInfo_games_0_gameGold_20_goldDifference,props_pageProps_match_matchInfo_games_0_gameGold_20_team1Perid,props_pageProps_match_matchInfo_games_0_gameGold_20_team1TotalGold,props_pageProps_match_matchInfo_games_0_gameGold_20_team2Perid,props_pageProps_match_matchInfo_games_0_gameGold_20_team2TotalGold,props_pageProps_match_matchInfo_games_0_gameGold_21___typename,props_pageProps_match_matchInfo_games_0_gameGold_21_gameTime,props_pageProps_match_matchInfo_games_0_gameGold_21_goldDifference,props_pageProps_match_matchInfo_games_0_gameGold_21_team1Perid,props_pageProps_match_matchInfo_games_0_gameGold_21_team1TotalGold,props_pageProps_match_matchInfo_games_0_gameGold_21_team2Perid,props_pageProps_match_matchInfo_games_0_gameGold_21_team2TotalGold,props_pageProps_match_matchInfo_games_0_gameGold_22___typename,props_pageProps_match_matchInfo_games_0_gameGold_22_gameTime,props_pageProps_match_matchInfo_games_0_gameGold_22_goldDifference,props_pageProps_match_matchInfo_games_0_gameGold_22_team1Perid,props_pageProps_match_matchInfo_games_0_gameGold_22_team1TotalGold,props_pageProps_match_matchInfo_games_0_gameGold_22_team2Perid,props_pageProps_match_matchInfo_games_0_gameGold_22_team2TotalGold,props_pageProps_match_matchInfo_games_0_gameGold_23___typename,props_pageProps_match_matchInfo_games_0_gameGold_23_gameTime,props_pageProps_match_matchInfo_games_0_gameGold_23_goldDifference,props_pageProps_match_matchInfo_games_0_gameGold_23_team1Perid,props_pageProps_match_matchInfo_games_0_gameGold_23_team1TotalGold,props_pageProps_match_matchInfo_games_0_gameGold_23_team2Perid,props_pageProps_match_matchInfo_games_0_gameGold_23_team2TotalGold,props_pageProps_match_matchInfo_games_0_gameGold_24___typename,props_pageProps_match_matchInfo_games_0_gameGold_24_gameTime,props_pageProps_match_matchInfo_games_0_gameGold_24_goldDifference,props_pageProps_match_matchInfo_games_0_gameGold_24_team1Perid,props_pageProps_match_matchInfo_games_0_gameGold_24_team1TotalGold,props_pageProps_match_matchInfo_games_0_gameGold_24_team2Perid,props_pageProps_match_matchInfo_games_0_gameGold_24_team2TotalGold,props_pageProps_match_matchInfo_games_0_gameGold_25___typename,props_pageProps_match_matchInfo_games_0_gameGold_25_gameTime,props_pageProps_match_matchInfo_games_0_gameGold_25_goldDifference,props_pageProps_match_matchInfo_games_0_gameGold_25_team1Perid,props_pageProps_match_matchInfo_games_0_gameGold_25_team1TotalGold,props_pageProps_match_matchInfo_games_0_gameGold_25_team2Perid,props_pageProps_match_matchInfo_games_0_gameGold_25_team2TotalGold,props_pageProps_match_matchInfo_games_0_gameGold_26___typename,props_pageProps_match_matchInfo_games_0_gameGold_26_gameTime,props_pageProps_match_matchInfo_games_0_gameGold_26_goldDifference,props_pageProps_match_matchInfo_games_0_gameGold_26_team1Perid,props_pageProps_match_matchInfo_games_0_gameGold_26_team1TotalGold,props_pageProps_match_matchInfo_games_0_gameGold_26_team2Perid,props_pageProps_match_matchInfo_games_0_gameGold_26_team2TotalGold,props_pageProps_match_matchInfo_games_0_gameGold_27___typename,props_pageProps_match_matchInfo_games_0_gameGold_27_gameTime,props_pageProps_match_matchInfo_games_0_gameGold_27_goldDifference,props_pageProps_match_matchInfo_games_0_gameGold_27_team1Perid,props_pageProps_match_matchInfo_games_0_gameGold_27_team1TotalGold,props_pageProps_match_matchInfo_games_0_gameGold_27_team2Perid,props_pageProps_match_matchInfo_games_0_gameGold_27_team2TotalGold,props_pageProps_match_matchInfo_games_0_gameGold_28___typename,props_pageProps_match_matchInfo_games_0_gameGold_28_gameTime,props_pageProps_match_matchInfo_games_0_gameGold_28_goldDifference,props_pageProps_match_matchInfo_games_0_gameGold_28_team1Perid,props_pageProps_match_matchInfo_games_0_gameGold_28_team1TotalGold,props_pageProps_match_matchInfo_games_0_gameGold_28_team2Perid,props_pageProps_match_matchInfo_games_0_gameGold_28_team2TotalGold,props_pageProps_match_matchInfo_games_0_gameGold_29___typename,props_pageProps_match_matchInfo_games_0_gameGold_29_gameTime,props_pageProps_match_matchInfo_games_0_gameGold_29_goldDifference,props_pageProps_match_matchInfo_games_0_gameGold_29_team1Perid,props_pageProps_match_matchInfo_games_0_gameGold_29_team1TotalGold,props_pageProps_match_matchInfo_games_0_gameGold_29_team2Perid,props_pageProps_match_matchInfo_games_0_gameGold_29_team2TotalGold,props_pageProps_match_matchInfo_games_0_gameGold_30___typename,props_pageProps_match_matchInfo_games_0_gameGold_30_gameTime,props_pageProps_match_matchInfo_games_0_gameGold_30_goldDifference,props_pageProps_match_matchInfo_games_0_gameGold_30_team1Perid,props_pageProps_match_matchInfo_games_0_gameGold_30_team1TotalGold,props_pageProps_match_matchInfo_games_0_gameGold_30_team2Perid,props_pageProps_match_matchInfo_games_0_gameGold_30_team2TotalGold,props_pageProps_match_matchInfo_games_0_gameGold_31___typename,props_pageProps_match_matchInfo_games_0_gameGold_31_gameTime,props_pageProps_match_matchInfo_games_0_gameGold_31_goldDifference,props_pageProps_match_matchInfo_games_0_gameGold_31_team1Perid,props_pageProps_match_matchInfo_games_0_gameGold_31_team1TotalGold,props_pageProps_match_matchInfo_games_0_gameGold_31_team2Perid,props_pageProps_match_matchInfo_games_0_gameGold_31_team2TotalGold,props_pageProps_match_matchInfo_games_0_gameGold_32___typename,props_pageProps_match_matchInfo_games_0_gameGold_32_gameTime,props_pageProps_match_matchInfo_games_0_gameGold_32_goldDifference,props_pageProps_match_matchInfo_games_0_gameGold_32_team1Perid,props_pageProps_match_matchInfo_games_0_gameGold_32_team1TotalGold,props_pageProps_match_matchInfo_games_0_gameGold_32_team2Perid,props_pageProps_match_matchInfo_games_0_gameGold_32_team2TotalGold,props_pageProps_match_matchInfo_games_0_gameGold_33___typename,props_pageProps_match_matchInfo_games_0_gameGold_33_gameTime,props_pageProps_match_matchInfo_games_0_gameGold_33_goldDifference,props_pageProps_match_matchInfo_games_0_gameGold_33_team1Perid,props_pageProps_match_matchInfo_games_0_gameGold_33_team1TotalGold,props_pageProps_match_matchInfo_games_0_gameGold_33_team2Perid,props_pageProps_match_matchInfo_games_0_gameGold_33_team2TotalGold,props_pageProps_match_matchInfo_games_0_gameGold_34___typename,props_pageProps_match_matchInfo_games_0_gameGold_34_gameTime,props_pageProps_match_matchInfo_games_0_gameGold_34_goldDifference,props_pageProps_match_matchInfo_games_0_gameGold_34_team1Perid,props_pageProps_match_matchInfo_games_0_gameGold_34_team1TotalGold,props_pageProps_match_matchInfo_games_0_gameGold_34_team2Perid,props_pageProps_match_matchInfo_games_0_gameGold_34_team2TotalGold,props_pageProps_match_matchInfo_games_0_gameGold_35___typename,props_pageProps_match_matchInfo_games_0_gameGold_35_gameTime,props_pageProps_match_matchInfo_games_0_gameGold_35_goldDifference,props_pageProps_match_matchInfo_games_0_gameGold_35_team1Perid,props_pageProps_match_matchInfo_games_0_gameGold_35_team1TotalGold,props_pageProps_match_matchInfo_games_0_gameGold_35_team2Perid,props_pageProps_match_matchInfo_games_0_gameGold_35_team2TotalGold,props_pageProps_match_matchInfo_games_0_gameGold_36___typename,props_pageProps_match_matchInfo_games_0_gameGold_36_gameTime,props_pageProps_match_matchInfo_games_0_gameGold_36_goldDifference,props_pageProps_match_matchInfo_games_0_gameGold_36_team1Perid,props_pageProps_match_matchInfo_games_0_gameGold_36_team1TotalGold,props_pageProps_match_matchInfo_games_0_gameGold_36_team2Perid,props_pageProps_match_matchInfo_games_0_gameGold_36_team2TotalGold,props_pageProps_match_matchInfo_games_0_gameGold_37___typename,props_pageProps_match_matchInfo_games_0_gameGold_37_gameTime,props_pageProps_match_matchInfo_games_0_gameGold_37_goldDifference,props_pageProps_match_matchInfo_games_0_gameGold_37_team1Perid,props_pageProps_match_matchInfo_games_0_gameGold_37_team1TotalGold,props_pageProps_match_matchInfo_games_0_gameGold_37_team2Perid,props_pageProps_match_matchInfo_games_0_gameGold_37_team2TotalGold,props_pageProps_match_matchInfo_games_0_gameGold_38___typename,props_pageProps_match_matchInfo_games_0_gameGold_38_gameTime,props_pageProps_match_matchInfo_games_0_gameGold_38_goldDifference,props_pageProps_match_matchInfo_games_0_gameGold_38_team1Perid,props_pageProps_match_matchInfo_games_0_gameGold_38_team1TotalGold,props_pageProps_match_matchInfo_games_0_gameGold_38_team2Perid,props_pageProps_match_matchInfo_games_0_gameGold_38_team2TotalGold,props_pageProps_match_matchInfo_games_0_gameGold_39___typename,props_pageProps_match_matchInfo_games_0_gameGold_39_gameTime,props_pageProps_match_matchInfo_games_0_gameGold_39_goldDifference,props_pageProps_match_matchInfo_games_0_gameGold_39_team1Perid,props_pageProps_match_matchInfo_games_0_gameGold_39_team1TotalGold,props_pageProps_match_matchInfo_games_0_gameGold_39_team2Perid,props_pageProps_match_matchInfo_games_0_gameGold_39_team2TotalGold,props_pageProps_match_matchInfo_games_0_gameGold_40___typename,props_pageProps_match_matchInfo_games_0_gameGold_40_gameTime,props_pageProps_match_matchInfo_games_0_gameGold_40_goldDifference,props_pageProps_match_matchInfo_games_0_gameGold_40_team1Perid,props_pageProps_match_matchInfo_games_0_gameGold_40_team1TotalGold,props_pageProps_match_matchInfo_games_0_gameGold_40_team2Perid,props_pageProps_match_matchInfo_games_0_gameGold_40_team2TotalGold,props_pageProps_match_matchInfo_games_0_gameGold_41___typename,props_pageProps_match_matchInfo_games_0_gameGold_41_gameTime,props_pageProps_match_matchInfo_games_0_gameGold_41_goldDifference,props_pageProps_match_matchInfo_games_0_gameGold_41_team1Perid,props_pageProps_match_matchInfo_games_0_gameGold_41_team1TotalGold,props_pageProps_match_matchInfo_games_0_gameGold_41_team2Perid,props_pageProps_match_matchInfo_games_0_gameGold_41_team2TotalGold,props_pageProps_match_matchInfo_games_0_gameGold_42___typename,props_pageProps_match_matchInfo_games_0_gameGold_42_gameTime,props_pageProps_match_matchInfo_games_0_gameGold_42_goldDifference,props_pageProps_match_matchInfo_games_0_gameGold_42_team1Perid,props_pageProps_match_matchInfo_games_0_gameGold_42_team1TotalGold,props_pageProps_match_matchInfo_games_0_gameGold_42_team2Perid,props_pageProps_match_matchInfo_games_0_gameGold_42_team2TotalGold,props_pageProps_match_matchInfo_games_0_gameGold_43___typename,props_pageProps_match_matchInfo_games_0_gameGold_43_gameTime,props_pageProps_match_matchInfo_games_0_gameGold_43_goldDifference,props_pageProps_match_matchInfo_games_0_gameGold_43_team1Perid,props_pageProps_match_matchInfo_games_0_gameGold_43_team1TotalGold,props_pageProps_match_matchInfo_games_0_gameGold_43_team2Perid,props_pageProps_match_matchInfo_games_0_gameGold_43_team2TotalGold,props_pageProps_match_matchInfo_games_0_gameGold_44___typename,props_pageProps_match_matchInfo_games_0_gameGold_44_gameTime,props_pageProps_match_matchInfo_games_0_gameGold_44_goldDifference,props_pageProps_match_matchInfo_games_0_gameGold_44_team1Perid,props_pageProps_match_matchInfo_games_0_gameGold_44_team1TotalGold,props_pageProps_match_matchInfo_games_0_gameGold_44_team2Perid,props_pageProps_match_matchInfo_games_0_gameGold_44_team2TotalGold,props_pageProps_match_matchInfo_games_0_gameGold_45___typename,props_pageProps_match_matchInfo_games_0_gameGold_45_gameTime,props_pageProps_match_matchInfo_games_0_gameGold_45_goldDifference,props_pageProps_match_matchInfo_games_0_gameGold_45_team1Perid,props_pageProps_match_matchInfo_games_0_gameGold_45_team1TotalGold,props_pageProps_match_matchInfo_games_0_gameGold_45_team2Perid,props_pageProps_match_matchInfo_games_0_gameGold_45_team2TotalGold,props_pageProps_match_matchInfo_games_0_gameGold_46___typename,props_pageProps_match_matchInfo_games_0_gameGold_46_gameTime,props_pageProps_match_matchInfo_games_0_gameGold_46_goldDifference,props_pageProps_match_matchInfo_games_0_gameGold_46_team1Perid,props_pageProps_match_matchInfo_games_0_gameGold_46_team1TotalGold,props_pageProps_match_matchInfo_games_0_gameGold_46_team2Perid,props_pageProps_match_matchInfo_games_0_gameGold_46_team2TotalGold,props_pageProps_match_matchInfo_games_0_gameGold_47___typename,props_pageProps_match_matchInfo_games_0_gameGold_47_gameTime,props_pageProps_match_matchInfo_games_0_gameGold_47_goldDifference,props_pageProps_match_matchInfo_games_0_gameGold_47_team1Perid,props_pageProps_match_matchInfo_games_0_gameGold_47_team1TotalGold,props_pageProps_match_matchInfo_games_0_gameGold_47_team2Perid,props_pageProps_match_matchInfo_games_0_gameGold_47_team2TotalGold,props_pageProps_match_matchInfo_games_0_gameGold_48___typename,props_pageProps_match_matchInfo_games_0_gameGold_48_gameTime,props_pageProps_match_matchInfo_games_0_gameGold_48_goldDifference,props_pageProps_match_matchInfo_games_0_gameGold_48_team1Perid,props_pageProps_match_matchInfo_games_0_gameGold_48_team1TotalGold,props_pageProps_match_matchInfo_games_0_gameGold_48_team2Perid,props_pageProps_match_matchInfo_games_0_gameGold_48_team2TotalGold,props_pageProps_match_matchInfo_games_0_gameGold_49___typename,props_pageProps_match_matchInfo_games_0_gameGold_49_gameTime,props_pageProps_match_matchInfo_games_0_gameGold_49_goldDifference,props_pageProps_match_matchInfo_games_0_gameGold_49_team1Perid,props_pageProps_match_matchInfo_games_0_gameGold_49_team1TotalGold,props_pageProps_match_matchInfo_games_0_gameGold_49_team2Perid,props_pageProps_match_matchInfo_games_0_gameGold_49_team2TotalGold,props_pageProps_match_matchInfo_games_0_gameGold_50___typename,props_pageProps_match_matchInfo_games_0_gameGold_50_gameTime,props_pageProps_match_matchInfo_games_0_gameGold_50_goldDifference,props_pageProps_match_matchInfo_games_0_gameGold_50_team1Perid,props_pageProps_match_matchInfo_games_0_gameGold_50_team1TotalGold,props_pageProps_match_matchInfo_games_0_gameGold_50_team2Perid,props_pageProps_match_matchInfo_games_0_gameGold_50_team2TotalGold,props_pageProps_match_matchInfo_games_0_gameGold_51___typename,props_pageProps_match_matchInfo_games_0_gameGold_51_gameTime,props_pageProps_match_matchInfo_games_0_gameGold_51_goldDifference,props_pageProps_match_matchInfo_games_0_gameGold_51_team1Perid,props_pageProps_match_matchInfo_games_0_gameGold_51_team1TotalGold,props_pageProps_match_matchInfo_games_0_gameGold_51_team2Perid,props_pageProps_match_matchInfo_games_0_gameGold_51_team2TotalGold,props_pageProps_match_matchInfo_games_0_gameGold_52___typename,props_pageProps_match_matchInfo_games_0_gameGold_52_gameTime,props_pageProps_match_matchInfo_games_0_gameGold_52_goldDifference,props_pageProps_match_matchInfo_games_0_gameGold_52_team1Perid,props_pageProps_match_matchInfo_games_0_gameGold_52_team1TotalGold,props_pageProps_match_matchInfo_games_0_gameGold_52_team2Perid,props_pageProps_match_matchInfo_games_0_gameGold_52_team2TotalGold,props_pageProps_match_matchInfo_games_0_gameGold_53___typename,props_pageProps_match_matchInfo_games_0_gameGold_53_gameTime,props_pageProps_match_matchInfo_games_0_gameGold_53_goldDifference,props_pageProps_match_matchInfo_games_0_gameGold_53_team1Perid,props_pageProps_match_matchInfo_games_0_gameGold_53_team1TotalGold,props_pageProps_match_matchInfo_games_0_gameGold_53_team2Perid,props_pageProps_match_matchInfo_games_0_gameGold_53_team2TotalGold,props_pageProps_match_matchInfo_games_0_gameGold_54___typename,props_pageProps_match_matchInfo_games_0_gameGold_54_gameTime,props_pageProps_match_matchInfo_games_0_gameGold_54_goldDifference,props_pageProps_match_matchInfo_games_0_gameGold_54_team1Perid,props_pageProps_match_matchInfo_games_0_gameGold_54_team1TotalGold,props_pageProps_match_matchInfo_games_0_gameGold_54_team2Perid,props_pageProps_match_matchInfo_games_0_gameGold_54_team2TotalGold,props_pageProps_match_matchInfo_games_0_gameGold_55___typename,props_pageProps_match_matchInfo_games_0_gameGold_55_gameTime,props_pageProps_match_matchInfo_games_0_gameGold_55_goldDifference,props_pageProps_match_matchInfo_games_0_gameGold_55_team1Perid,props_pageProps_match_matchInfo_games_0_gameGold_55_team1TotalGold,props_pageProps_match_matchInfo_games_0_gameGold_55_team2Perid,props_pageProps_match_matchInfo_games_0_gameGold_55_team2TotalGold,props_pageProps_match_matchInfo_games_0_gameGold_56___typename,props_pageProps_match_matchInfo_games_0_gameGold_56_gameTime,props_pageProps_match_matchInfo_games_0_gameGold_56_goldDifference,props_pageProps_match_matchInfo_games_0_gameGold_56_team1Perid,props_pageProps_match_matchInfo_games_0_gameGold_56_team1TotalGold,props_pageProps_match_matchInfo_games_0_gameGold_56_team2Perid,props_pageProps_match_matchInfo_games_0_gameGold_56_team2TotalGold,props_pageProps_match_matchInfo_games_0_gameGold_57___typename,props_pageProps_match_matchInfo_games_0_gameGold_57_gameTime,props_pageProps_match_matchInfo_games_0_gameGold_57_goldDifference,props_pageProps_match_matchInfo_games_0_gameGold_57_team1Perid,props_pageProps_match_matchInfo_games_0_gameGold_57_team1TotalGold,props_pageProps_match_matchInfo_games_0_gameGold_57_team2Perid,props_pageProps_match_matchInfo_games_0_gameGold_57_team2TotalGold,props_pageProps_match_matchInfo_games_0_gameGold_58___typename,props_pageProps_match_matchInfo_games_0_gameGold_58_gameTime,props_pageProps_match_matchInfo_games_0_gameGold_58_goldDifference,props_pageProps_match_matchInfo_games_0_gameGold_58_team1Perid,props_pageProps_match_matchInfo_games_0_gameGold_58_team1TotalGold,props_pageProps_match_matchInfo_games_0_gameGold_58_team2Perid,props_pageProps_match_matchInfo_games_0_gameGold_58_team2TotalGold,props_pageProps_match_matchInfo_games_0_gameGold_59___typename,props_pageProps_match_matchInfo_games_0_gameGold_59_gameTime,props_pageProps_match_matchInfo_games_0_gameGold_59_goldDifference,props_pageProps_match_matchInfo_games_0_gameGold_59_team1Perid,props_pageProps_match_matchInfo_games_0_gameGold_59_team1TotalGold,props_pageProps_match_matchInfo_games_0_gameGold_59_team2Perid,props_pageProps_match_matchInfo_games_0_gameGold_59_team2TotalGold,props_pageProps_match_matchInfo_games_0_gameGold_60___typename,props_pageProps_match_matchInfo_games_0_gameGold_60_gameTime,props_pageProps_match_matchInfo_games_0_gameGold_60_goldDifference,props_pageProps_match_matchInfo_games_0_gameGold_60_team1Perid,props_pageProps_match_matchInfo_games_0_gameGold_60_team1TotalGold,props_pageProps_match_matchInfo_games_0_gameGold_60_team2Perid,props_pageProps_match_matchInfo_games_0_gameGold_60_team2TotalGold,props_pageProps_match_matchInfo_games_0_gameGold_61___typename,props_pageProps_match_matchInfo_games_0_gameGold_61_gameTime,props_pageProps_match_matchInfo_games_0_gameGold_61_goldDifference,props_pageProps_match_matchInfo_games_0_gameGold_61_team1Perid,props_pageProps_match_matchInfo_games_0_gameGold_61_team1TotalGold,props_pageProps_match_matchInfo_games_0_gameGold_61_team2Perid,props_pageProps_match_matchInfo_games_0_gameGold_61_team2TotalGold,props_pageProps_match_matchInfo_games_0_gameGold_62___typename,props_pageProps_match_matchInfo_games_0_gameGold_62_gameTime,props_pageProps_match_matchInfo_games_0_gameGold_62_goldDifference,props_pageProps_match_matchInfo_games_0_gameGold_62_team1Perid,props_pageProps_match_matchInfo_games_0_gameGold_62_team1TotalGold,props_pageProps_match_matchInfo_games_0_gameGold_62_team2Perid,props_pageProps_match_matchInfo_games_0_gameGold_62_team2TotalGold,props_pageProps_match_matchInfo_games_0_gameGold_63___typename,props_pageProps_match_matchInfo_games_0_gameGold_63_gameTime,props_pageProps_match_matchInfo_games_0_gameGold_63_goldDifference,props_pageProps_match_matchInfo_games_0_gameGold_63_team1Perid,props_pageProps_match_matchInfo_games_0_gameGold_63_team1TotalGold,props_pageProps_match_matchInfo_games_0_gameGold_63_team2Perid,props_pageProps_match_matchInfo_games_0_gameGold_63_team2TotalGold,props_pageProps_match_matchInfo_games_0_gameGold_64___typename,props_pageProps_match_matchInfo_games_0_gameGold_64_gameTime,props_pageProps_match_matchInfo_games_0_gameGold_64_goldDifference,props_pageProps_match_matchInfo_games_0_gameGold_64_team1Perid,props_pageProps_match_matchInfo_games_0_gameGold_64_team1TotalGold,props_pageProps_match_matchInfo_games_0_gameGold_64_team2Perid,props_pageProps_match_matchInfo_games_0_gameGold_64_team2TotalGold,props_pageProps_match_matchInfo_games_0_gameGold_65___typename,props_pageProps_match_matchInfo_games_0_gameGold_65_gameTime,props_pageProps_match_matchInfo_games_0_gameGold_65_goldDifference,props_pageProps_match_matchInfo_games_0_gameGold_65_team1Perid,props_pageProps_match_matchInfo_games_0_gameGold_65_team1TotalGold,props_pageProps_match_matchInfo_games_0_gameGold_65_team2Perid,props_pageProps_match_matchInfo_games_0_gameGold_65_team2TotalGold,props_pageProps_match_matchInfo_games_0_gameGold_66___typename,props_pageProps_match_matchInfo_games_0_gameGold_66_gameTime,props_pageProps_match_matchInfo_games_0_gameGold_66_goldDifference,props_pageProps_match_matchInfo_games_0_gameGold_66_team1Perid,props_pageProps_match_matchInfo_games_0_gameGold_66_team1TotalGold,props_pageProps_match_matchInfo_games_0_gameGold_66_team2Perid,props_pageProps_match_matchInfo_games_0_gameGold_66_team2TotalGold,props_pageProps_match_matchInfo_games_0_gameGold_67___typename,props_pageProps_match_matchInfo_games_0_gameGold_67_gameTime,props_pageProps_match_matchInfo_games_0_gameGold_67_goldDifference,props_pageProps_match_matchInfo_games_0_gameGold_67_team1Perid,props_pageProps_match_matchInfo_games_0_gameGold_67_team1TotalGold,props_pageProps_match_matchInfo_games_0_gameGold_67_team2Perid,props_pageProps_match_matchInfo_games_0_gameGold_67_team2TotalGold,props_pageProps_match_matchInfo_games_0_gameGold_68___typename,props_pageProps_match_matchInfo_games_0_gameGold_68_gameTime,props_pageProps_match_matchInfo_games_0_gameGold_68_goldDifference,props_pageProps_match_matchInfo_games_0_gameGold_68_team1Perid,props_pageProps_match_matchInfo_games_0_gameGold_68_team1TotalGold,props_pageProps_match_matchInfo_games_0_gameGold_68_team2Perid,props_pageProps_match_matchInfo_games_0_gameGold_68_team2TotalGold,props_pageProps_match_matchInfo_games_0_gameGold_69___typename,props_pageProps_match_matchInfo_games_0_gameGold_69_gameTime,props_pageProps_match_matchInfo_games_0_gameGold_69_goldDifference,props_pageProps_match_matchInfo_games_0_gameGold_69_team1Perid,props_pageProps_match_matchInfo_games_0_gameGold_69_team1TotalGold,props_pageProps_match_matchInfo_games_0_gameGold_69_team2Perid,props_pageProps_match_matchInfo_games_0_gameGold_69_team2TotalGold,props_pageProps_match_matchInfo_games_0_gameGold_70___typename,props_pageProps_match_matchInfo_games_0_gameGold_70_gameTime,props_pageProps_match_matchInfo_games_0_gameGold_70_goldDifference,props_pageProps_match_matchInfo_games_0_gameGold_70_team1Perid,props_pageProps_match_matchInfo_games_0_gameGold_70_team1TotalGold,props_pageProps_match_matchInfo_games_0_gameGold_70_team2Perid,props_pageProps_match_matchInfo_games_0_gameGold_70_team2TotalGold,props_pageProps_match_matchInfo_games_0_gameGold_71___typename,props_pageProps_match_matchInfo_games_0_gameGold_71_gameTime,props_pageProps_match_matchInfo_games_0_gameGold_71_goldDifference,props_pageProps_match_matchInfo_games_0_gameGold_71_team1Perid,props_pageProps_match_matchInfo_games_0_gameGold_71_team1TotalGold,props_pageProps_match_matchInfo_games_0_gameGold_71_team2Perid,props_pageProps_match_matchInfo_games_0_gameGold_71_team2TotalGold,props_pageProps_match_matchInfo_games_0_gameGold_72___typename,props_pageProps_match_matchInfo_games_0_gameGold_72_gameTime,props_pageProps_match_matchInfo_games_0_gameGold_72_goldDifference,props_pageProps_match_matchInfo_games_0_gameGold_72_team1Perid,props_pageProps_match_matchInfo_games_0_gameGold_72_team1TotalGold,props_pageProps_match_matchInfo_games_0_gameGold_72_team2Perid,props_pageProps_match_matchInfo_games_0_gameGold_72_team2TotalGold,props_pageProps_match_matchInfo_games_0_gameGold_73___typename,props_pageProps_match_matchInfo_games_0_gameGold_73_gameTime,props_pageProps_match_matchInfo_games_0_gameGold_73_goldDifference,props_pageProps_match_matchInfo_games_0_gameGold_73_team1Perid,props_pageProps_match_matchInfo_games_0_gameGold_73_team1TotalGold,props_pageProps_match_matchInfo_games_0_gameGold_73_team2Perid,props_pageProps_match_matchInfo_games_0_gameGold_73_team2TotalGold,props_pageProps_match_matchInfo_games_0_gameGold_74___typename,props_pageProps_match_matchInfo_games_0_gameGold_74_gameTime,props_pageProps_match_matchInfo_games_0_gameGold_74_goldDifference,props_pageProps_match_matchInfo_games_0_gameGold_74_team1Perid,props_pageProps_match_matchInfo_games_0_gameGold_74_team1TotalGold,props_pageProps_match_matchInfo_games_0_gameGold_74_team2Perid,props_pageProps_match_matchInfo_games_0_gameGold_74_team2TotalGold,props_pageProps_match_matchInfo_games_0_gameGold_75___typename,props_pageProps_match_matchInfo_games_0_gameGold_75_gameTime,props_pageProps_match_matchInfo_games_0_gameGold_75_goldDifference,props_pageProps_match_matchInfo_games_0_gameGold_75_team1Perid,props_pageProps_match_matchInfo_games_0_gameGold_75_team1TotalGold,props_pageProps_match_matchInfo_games_0_gameGold_75_team2Perid,props_pageProps_match_matchInfo_games_0_gameGold_75_team2TotalGold,props_pageProps_match_matchInfo_games_0_gameGold_76___typename,props_pageProps_match_matchInfo_games_0_gameGold_76_gameTime,props_pageProps_match_matchInfo_games_0_gameGold_76_goldDifference,props_pageProps_match_matchInfo_games_0_gameGold_76_team1Perid,props_pageProps_match_matchInfo_games_0_gameGold_76_team1TotalGold,props_pageProps_match_matchInfo_games_0_gameGold_76_team2Perid,props_pageProps_match_matchInfo_games_0_gameGold_76_team2TotalGold,props_pageProps_match_matchInfo_games_0_gameGold_77___typename,props_pageProps_match_matchInfo_games_0_gameGold_77_gameTime,props_pageProps_match_matchInfo_games_0_gameGold_77_goldDifference,props_pageProps_match_matchInfo_games_0_gameGold_77_team1Perid,props_pageProps_match_matchInfo_games_0_gameGold_77_team1TotalGold,props_pageProps_match_matchInfo_games_0_gameGold_77_team2Perid,props_pageProps_match_matchInfo_games_0_gameGold_77_team2TotalGold,props_pageProps_match_matchInfo_games_0_gameGold_78___typename,props_pageProps_match_matchInfo_games_0_gameGold_78_gameTime,props_pageProps_match_matchInfo_games_0_gameGold_78_goldDifference,props_pageProps_match_matchInfo_games_0_gameGold_78_team1Perid,props_pageProps_match_matchInfo_games_0_gameGold_78_team1TotalGold,props_pageProps_match_matchInfo_games_0_gameGold_78_team2Perid,props_pageProps_match_matchInfo_games_0_gameGold_78_team2TotalGold,props_pageProps_match_matchInfo_games_0_gameGold_79___typename,props_pageProps_match_matchInfo_games_0_gameGold_79_gameTime,props_pageProps_match_matchInfo_games_0_gameGold_79_goldDifference,props_pageProps_match_matchInfo_games_0_gameGold_79_team1Perid,props_pageProps_match_matchInfo_games_0_gameGold_79_team1TotalGold,props_pageProps_match_matchInfo_games_0_gameGold_79_team2Perid,props_pageProps_match_matchInfo_games_0_gameGold_79_team2TotalGold,props_pageProps_match_matchInfo_games_0_gameGold_80___typename,props_pageProps_match_matchInfo_games_0_gameGold_80_gameTime,props_pageProps_match_matchInfo_games_0_gameGold_80_goldDifference,props_pageProps_match_matchInfo_games_0_gameGold_80_team1Perid,props_pageProps_match_matchInfo_games_0_gameGold_80_team1TotalGold,props_pageProps_match_matchInfo_games_0_gameGold_80_team2Perid,props_pageProps_match_matchInfo_games_0_gameGold_80_team2TotalGold,props_pageProps_match_matchInfo_games_0_gameGold_81___typename,props_pageProps_match_matchInfo_games_0_gameGold_81_gameTime,props_pageProps_match_matchInfo_games_0_gameGold_81_goldDifference,props_pageProps_match_matchInfo_games_0_gameGold_81_team1Perid,props_pageProps_match_matchInfo_games_0_gameGold_81_team1TotalGold,props_pageProps_match_matchInfo_games_0_gameGold_81_team2Perid,props_pageProps_match_matchInfo_games_0_gameGold_81_team2TotalGold,props_pageProps_match_matchInfo_games_0_gameGold_82___typename,props_pageProps_match_matchInfo_games_0_gameGold_82_gameTime,props_pageProps_match_matchInfo_games_0_gameGold_82_goldDifference,props_pageProps_match_matchInfo_games_0_gameGold_82_team1Perid,props_pageProps_match_matchInfo_games_0_gameGold_82_team1TotalGold,props_pageProps_match_matchInfo_games_0_gameGold_82_team2Perid,props_pageProps_match_matchInfo_games_0_gameGold_82_team2TotalGold,props_pageProps_match_matchInfo_games_0_gameGold_83___typename,props_pageProps_match_matchInfo_games_0_gameGold_83_gameTime,props_pageProps_match_matchInfo_games_0_gameGold_83_goldDifference,props_pageProps_match_matchInfo_games_0_gameGold_83_team1Perid,props_pageProps_match_matchInfo_games_0_gameGold_83_team1TotalGold,props_pageProps_match_matchInfo_games_0_gameGold_83_team2Perid,props_pageProps_match_matchInfo_games_0_gameGold_83_team2TotalGold,props_pageProps_match_matchInfo_games_0_gameGold_84___typename,props_pageProps_match_matchInfo_games_0_gameGold_84_gameTime,props_pageProps_match_matchInfo_games_0_gameGold_84_goldDifference,props_pageProps_match_matchInfo_games_0_gameGold_84_team1Perid,props_pageProps_match_matchInfo_games_0_gameGold_84_team1TotalGold,props_pageProps_match_matchInfo_games_0_gameGold_84_team2Perid,props_pageProps_match_matchInfo_games_0_gameGold_84_team2TotalGold,props_pageProps_match_matchInfo_games_0_gameGold_85___typename,props_pageProps_match_matchInfo_games_0_gameGold_85_gameTime,props_pageProps_match_matchInfo_games_0_gameGold_85_goldDifference,props_pageProps_match_matchInfo_games_0_gameGold_85_team1Perid,props_pageProps_match_matchInfo_games_0_gameGold_85_team1TotalGold,props_pageProps_match_matchInfo_games_0_gameGold_85_team2Perid,props_pageProps_match_matchInfo_games_0_gameGold_85_team2TotalGold,props_pageProps_match_matchInfo_games_0_gameGold_86___typename,props_pageProps_match_matchInfo_games_0_gameGold_86_gameTime,props_pageProps_match_matchInfo_games_0_gameGold_86_goldDifference,props_pageProps_match_matchInfo_games_0_gameGold_86_team1Perid,props_pageProps_match_matchInfo_games_0_gameGold_86_team1TotalGold,props_pageProps_match_matchInfo_games_0_gameGold_86_team2Perid,props_pageProps_match_matchInfo_games_0_gameGold_86_team2TotalGold,props_pageProps_match_matchInfo_games_0_gameGold_87___typename,props_pageProps_match_matchInfo_games_0_gameGold_87_gameTime,props_pageProps_match_matchInfo_games_0_gameGold_87_goldDifference,props_pageProps_match_matchInfo_games_0_gameGold_87_team1Perid,props_pageProps_match_matchInfo_games_0_gameGold_87_team1TotalGold,props_pageProps_match_matchInfo_games_0_gameGold_87_team2Perid,props_pageProps_match_matchInfo_games_0_gameGold_87_team2TotalGold,props_pageProps_match_matchInfo_games_0_gameGold_88___typename,props_pageProps_match_matchInfo_games_0_gameGold_88_gameTime,props_pageProps_match_matchInfo_games_0_gameGold_88_goldDifference,props_pageProps_match_matchInfo_games_0_gameGold_88_team1Perid,props_pageProps_match_matchInfo_games_0_gameGold_88_team1TotalGold,props_pageProps_match_matchInfo_games_0_gameGold_88_team2Perid,props_pageProps_match_matchInfo_games_0_gameGold_88_team2TotalGold,props_pageProps_match_matchInfo_games_0_gameGold_89___typename,props_pageProps_match_matchInfo_games_0_gameGold_89_gameTime,props_pageProps_match_matchInfo_games_0_gameGold_89_goldDifference,props_pageProps_match_matchInfo_games_0_gameGold_89_team1Perid,props_pageProps_match_matchInfo_games_0_gameGold_89_team1TotalGold,props_pageProps_match_matchInfo_games_0_gameGold_89_team2Perid,props_pageProps_match_matchInfo_games_0_gameGold_89_team2TotalGold,props_pageProps_match_matchInfo_games_0_gameGold_90___typename,props_pageProps_match_matchInfo_games_0_gameGold_90_gameTime,props_pageProps_match_matchInfo_games_0_gameGold_90_goldDifference,props_pageProps_match_matchInfo_games_0_gameGold_90_team1Perid,props_pageProps_match_matchInfo_games_0_gameGold_90_team1TotalGold,props_pageProps_match_matchInfo_games_0_gameGold_90_team2Perid,props_pageProps_match_matchInfo_games_0_gameGold_90_team2TotalGold,props_pageProps_match_matchInfo_games_0_gameGold_91___typename,props_pageProps_match_matchInfo_games_0_gameGold_91_gameTime,props_pageProps_match_matchInfo_games_0_gameGold_91_goldDifference,props_pageProps_match_matchInfo_games_0_gameGold_91_team1Perid,props_pageProps_match_matchInfo_games_0_gameGold_91_team1TotalGold,props_pageProps_match_matchInfo_games_0_gameGold_91_team2Perid,props_pageProps_match_matchInfo_games_0_gameGold_91_team2TotalGold,props_pageProps_match_matchInfo_games_0_gameGold_92___typename,props_pageProps_match_matchInfo_games_0_gameGold_92_gameTime,props_pageProps_match_matchInfo_games_0_gameGold_92_goldDifference,props_pageProps_match_matchInfo_games_0_gameGold_92_team1Perid,props_pageProps_match_matchInfo_games_0_gameGold_92_team1TotalGold,props_pageProps_match_matchInfo_games_0_gameGold_92_team2Perid,props_pageProps_match_matchInfo_games_0_gameGold_92_team2TotalGold,props_pageProps_match_matchInfo_games_0_gameGold_93___typename,props_pageProps_match_matchInfo_games_0_gameGold_93_gameTime,props_pageProps_match_matchInfo_games_0_gameGold_93_goldDifference,props_pageProps_match_matchInfo_games_0_gameGold_93_team1Perid,props_pageProps_match_matchInfo_games_0_gameGold_93_team1TotalGold,props_pageProps_match_matchInfo_games_0_gameGold_93_team2Perid,props_pageProps_match_matchInfo_games_0_gameGold_93_team2TotalGold,props_pageProps_match_matchInfo_games_0_gameGold_94___typename,props_pageProps_match_matchInfo_games_0_gameGold_94_gameTime,props_pageProps_match_matchInfo_games_0_gameGold_94_goldDifference,props_pageProps_match_matchInfo_games_0_gameGold_94_team1Perid,props_pageProps_match_matchInfo_games_0_gameGold_94_team1TotalGold,props_pageProps_match_matchInfo_games_0_gameGold_94_team2Perid,props_pageProps_match_matchInfo_games_0_gameGold_94_team2TotalGold,props_pageProps_match_matchInfo_games_0_gameGold_95___typename,props_pageProps_match_matchInfo_games_0_gameGold_95_gameTime,props_pageProps_match_matchInfo_games_0_gameGold_95_goldDifference,props_pageProps_match_matchInfo_games_0_gameGold_95_team1Perid,props_pageProps_match_matchInfo_games_0_gameGold_95_team1TotalGold,props_pageProps_match_matchInfo_games_0_gameGold_95_team2Perid,props_pageProps_match_matchInfo_games_0_gameGold_95_team2TotalGold,props_pageProps_match_matchInfo_games_0_gameGold_96___typename,props_pageProps_match_matchInfo_games_0_gameGold_96_gameTime,props_pageProps_match_matchInfo_games_0_gameGold_96_goldDifference,props_pageProps_match_matchInfo_games_0_gameGold_96_team1Perid,props_pageProps_match_matchInfo_games_0_gameGold_96_team1TotalGold,props_pageProps_match_matchInfo_games_0_gameGold_96_team2Perid,props_pageProps_match_matchInfo_games_0_gameGold_96_team2TotalGold,props_pageProps_match_matchInfo_games_0_gameGold_97___typename,props_pageProps_match_matchInfo_games_0_gameGold_97_gameTime,props_pageProps_match_matchInfo_games_0_gameGold_97_goldDifference,props_pageProps_match_matchInfo_games_0_gameGold_97_team1Perid,props_pageProps_match_matchInfo_games_0_gameGold_97_team1TotalGold,props_pageProps_match_matchInfo_games_0_gameGold_97_team2Perid,props_pageProps_match_matchInfo_games_0_gameGold_97_team2TotalGold,props_pageProps_match_matchInfo_games_0_gameGold_98___typename,props_pageProps_match_matchInfo_games_0_gameGold_98_gameTime,props_pageProps_match_matchInfo_games_0_gameGold_98_goldDifference,props_pageProps_match_matchInfo_games_0_gameGold_98_team1Perid,props_pageProps_match_matchInfo_games_0_gameGold_98_team1TotalGold,props_pageProps_match_matchInfo_games_0_gameGold_98_team2Perid,props_pageProps_match_matchInfo_games_0_gameGold_98_team2TotalGold,props_pageProps_match_matchInfo_games_0_gameGold_99___typename,props_pageProps_match_matchInfo_games_0_gameGold_99_gameTime,props_pageProps_match_matchInfo_games_0_gameGold_99_goldDifference,props_pageProps_match_matchInfo_games_0_gameGold_99_team1Perid,props_pageProps_match_matchInfo_games_0_gameGold_99_team1TotalGold,props_pageProps_match_matchInfo_games_0_gameGold_99_team2Perid,props_pageProps_match_matchInfo_games_0_gameGold_99_team2TotalGold,props_pageProps_match_matchInfo_games_0_gameGold_100___typename,props_pageProps_match_matchInfo_games_0_gameGold_100_gameTime,props_pageProps_match_matchInfo_games_0_gameGold_100_goldDifference,props_pageProps_match_matchInfo_games_0_gameGold_100_team1Perid,props_pageProps_match_matchInfo_games_0_gameGold_100_team1TotalGold,props_pageProps_match_matchInfo_games_0_gameGold_100_team2Perid,props_pageProps_match_matchInfo_games_0_gameGold_100_team2TotalGold,props_pageProps_match_matchInfo_games_0_gameGold_101___typename,props_pageProps_match_matchInfo_games_0_gameGold_101_gameTime,props_pageProps_match_matchInfo_games_0_gameGold_101_goldDifference,props_pageProps_match_matchInfo_games_0_gameGold_101_team1Perid,props_pageProps_match_matchInfo_games_0_gameGold_101_team1TotalGold,props_pageProps_match_matchInfo_games_0_gameGold_101_team2Perid,props_pageProps_match_matchInfo_games_0_gameGold_101_team2TotalGold,props_pageProps_match_matchInfo_games_0_gameGold_102___typename,props_pageProps_match_matchInfo_games_0_gameGold_102_gameTime,props_pageProps_match_matchInfo_games_0_gameGold_102_goldDifference,props_pageProps_match_matchInfo_games_0_gameGold_102_team1Perid,props_pageProps_match_matchInfo_games_0_gameGold_102_team1TotalGold,props_pageProps_match_matchInfo_games_0_gameGold_102_team2Perid,props_pageProps_match_matchInfo_games_0_gameGold_102_team2TotalGold,props_pageProps_match_matchInfo_games_0_gameGold_103___typename,props_pageProps_match_matchInfo_games_0_gameGold_103_gameTime,props_pageProps_match_matchInfo_games_0_gameGold_103_goldDifference,props_pageProps_match_matchInfo_games_0_gameGold_103_team1Perid,props_pageProps_match_matchInfo_games_0_gameGold_103_team1TotalGold,props_pageProps_match_matchInfo_games_0_gameGold_103_team2Perid,props_pageProps_match_matchInfo_games_0_gameGold_103_team2TotalGold,props_pageProps_match_matchInfo_games_0_gameGold_104___typename,props_pageProps_match_matchInfo_games_0_gameGold_104_gameTime,props_pageProps_match_matchInfo_games_0_gameGold_104_goldDifference,props_pageProps_match_matchInfo_games_0_gameGold_104_team1Perid,props_pageProps_match_matchInfo_games_0_gameGold_104_team1TotalGold,props_pageProps_match_matchInfo_games_0_gameGold_104_team2Perid,props_pageProps_match_matchInfo_games_0_gameGold_104_team2TotalGold,props_pageProps_match_matchInfo_games_0_gameGold_105___typename,props_pageProps_match_matchInfo_games_0_gameGold_105_gameTime,props_pageProps_match_matchInfo_games_0_gameGold_105_goldDifference,props_pageProps_match_matchInfo_games_0_gameGold_105_team1Perid,props_pageProps_match_matchInfo_games_0_gameGold_105_team1TotalGold,props_pageProps_match_matchInfo_games_0_gameGold_105_team2Perid,props_pageProps_match_matchInfo_games_0_gameGold_105_team2TotalGold,props_pageProps_match_matchInfo_games_0_gameGold_106___typename,props_pageProps_match_matchInfo_games_0_gameGold_106_gameTime,props_pageProps_match_matchInfo_games_0_gameGold_106_goldDifference,props_pageProps_match_matchInfo_games_0_gameGold_106_team1Perid,props_pageProps_match_matchInfo_games_0_gameGold_106_team1TotalGold,props_pageProps_match_matchInfo_games_0_gameGold_106_team2Perid,props_pageProps_match_matchInfo_games_0_gameGold_106_team2TotalGold,props_pageProps_match_matchInfo_games_0_gameGold_107___typename,props_pageProps_match_matchInfo_games_0_gameGold_107_gameTime,props_pageProps_match_matchInfo_games_0_gameGold_107_goldDifference,props_pageProps_match_matchInfo_games_0_gameGold_107_team1Perid,props_pageProps_match_matchInfo_games_0_gameGold_107_team1TotalGold,props_pageProps_match_matchInfo_games_0_gameGold_107_team2Perid,props_pageProps_match_matchInfo_games_0_gameGold_107_team2TotalGold,props_pageProps_match_matchInfo_games_0_gameGold_108___typename,props_pageProps_match_matchInfo_games_0_gameGold_108_gameTime,props_pageProps_match_matchInfo_games_0_gameGold_108_goldDifference,props_pageProps_match_matchInfo_games_0_gameGold_108_team1Perid,props_pageProps_match_matchInfo_games_0_gameGold_108_team1TotalGold,props_pageProps_match_matchInfo_games_0_gameGold_108_team2Perid,props_pageProps_match_matchInfo_games_0_gameGold_108_team2TotalGold,props_pageProps_match_matchInfo_games_0_gameGold_109___typename,props_pageProps_match_matchInfo_games_0_gameGold_109_gameTime,props_pageProps_match_matchInfo_games_0_gameGold_109_goldDifference,props_pageProps_match_matchInfo_games_0_gameGold_109_team1Perid,props_pageProps_match_matchInfo_games_0_gameGold_109_team1TotalGold,props_pageProps_match_matchInfo_games_0_gameGold_109_team2Perid,props_pageProps_match_matchInfo_games_0_gameGold_109_team2TotalGold,props_pageProps_match_matchInfo_games_0_gameGold_110___typename,props_pageProps_match_matchInfo_games_0_gameGold_110_gameTime,props_pageProps_match_matchInfo_games_0_gameGold_110_goldDifference,props_pageProps_match_matchInfo_games_0_gameGold_110_team1Perid,props_pageProps_match_matchInfo_games_0_gameGold_110_team1TotalGold,props_pageProps_match_matchInfo_games_0_gameGold_110_team2Perid,props_pageProps_match_matchInfo_games_0_gameGold_110_team2TotalGold,props_pageProps_match_matchInfo_games_0_gameGold_111___typename,props_pageProps_match_matchInfo_games_0_gameGold_111_gameTime,props_pageProps_match_matchInfo_games_0_gameGold_111_goldDifference,props_pageProps_match_matchInfo_games_0_gameGold_111_team1Perid,props_pageProps_match_matchInfo_games_0_gameGold_111_team1TotalGold,props_pageProps_match_matchInfo_games_0_gameGold_111_team2Perid,props_pageProps_match_matchInfo_games_0_gameGold_111_team2TotalGold,props_pageProps_match_matchInfo_games_0_gameGold_112___typename,props_pageProps_match_matchInfo_games_0_gameGold_112_gameTime,props_pageProps_match_matchInfo_games_0_gameGold_112_goldDifference,props_pageProps_match_matchInfo_games_0_gameGold_112_team1Perid,props_pageProps_match_matchInfo_games_0_gameGold_112_team1TotalGold,props_pageProps_match_matchInfo_games_0_gameGold_112_team2Perid,props_pageProps_match_matchInfo_games_0_gameGold_112_team2TotalGold,props_pageProps_match_matchInfo_games_0_gameGold_113___typename,props_pageProps_match_matchInfo_games_0_gameGold_113_gameTime,props_pageProps_match_matchInfo_games_0_gameGold_113_goldDifference,props_pageProps_match_matchInfo_games_0_gameGold_113_team1Perid,props_pageProps_match_matchInfo_games_0_gameGold_113_team1TotalGold,props_pageProps_match_matchInfo_games_0_gameGold_113_team2Perid,props_pageProps_match_matchInfo_games_0_gameGold_113_team2TotalGold,props_pageProps_match_matchInfo_games_0_gameGold_114___typename,props_pageProps_match_matchInfo_games_0_gameGold_114_gameTime,props_pageProps_match_matchInfo_games_0_gameGold_114_goldDifference,props_pageProps_match_matchInfo_games_0_gameGold_114_team1Perid,props_pageProps_match_matchInfo_games_0_gameGold_114_team1TotalGold,props_pageProps_match_matchInfo_games_0_gameGold_114_team2Perid,props_pageProps_match_matchInfo_games_0_gameGold_114_team2TotalGold,props_pageProps_match_matchInfo_games_0_gameGold_115___typename,props_pageProps_match_matchInfo_games_0_gameGold_115_gameTime,props_pageProps_match_matchInfo_games_0_gameGold_115_goldDifference,props_pageProps_match_matchInfo_games_0_gameGold_115_team1Perid,props_pageProps_match_matchInfo_games_0_gameGold_115_team1TotalGold,props_pageProps_match_matchInfo_games_0_gameGold_115_team2Perid,props_pageProps_match_matchInfo_games_0_gameGold_115_team2TotalGold,props_pageProps_match_matchInfo_games_0_gameGold_116___typename,props_pageProps_match_matchInfo_games_0_gameGold_116_gameTime,props_pageProps_match_matchInfo_games_0_gameGold_116_goldDifference,props_pageProps_match_matchInfo_games_0_gameGold_116_team1Perid,props_pageProps_match_matchInfo_games_0_gameGold_116_team1TotalGold,props_pageProps_match_matchInfo_games_0_gameGold_116_team2Perid,props_pageProps_match_matchInfo_games_0_gameGold_116_team2TotalGold,props_pageProps_match_matchInfo_games_0_gameGold_117___typename,props_pageProps_match_matchInfo_games_0_gameGold_117_gameTime,props_pageProps_match_matchInfo_games_0_gameGold_117_goldDifference,props_pageProps_match_matchInfo_games_0_gameGold_117_team1Perid,props_pageProps_match_matchInfo_games_0_gameGold_117_team1TotalGold,props_pageProps_match_matchInfo_games_0_gameGold_117_team2Perid,props_pageProps_match_matchInfo_games_0_gameGold_117_team2TotalGold,props_pageProps_match_matchInfo_games_0_gameGold_118___typename,props_pageProps_match_matchInfo_games_0_gameGold_118_gameTime,props_pageProps_match_matchInfo_games_0_gameGold_118_goldDifference,props_pageProps_match_matchInfo_games_0_gameGold_118_team1Perid,props_pageProps_match_matchInfo_games_0_gameGold_118_team1TotalGold,props_pageProps_match_matchInfo_games_0_gameGold_118_team2Perid,props_pageProps_match_matchInfo_games_0_gameGold_118_team2TotalGold,props_pageProps_match_matchInfo_games_0_gameGold_119___typename,props_pageProps_match_matchInfo_games_0_gameGold_119_gameTime,props_pageProps_match_matchInfo_games_0_gameGold_119_goldDifference,props_pageProps_match_matchInfo_games_0_gameGold_119_team1Perid,props_pageProps_match_matchInfo_games_0_gameGold_119_team1TotalGold,props_pageProps_match_matchInfo_games_0_gameGold_119_team2Perid,props_pageProps_match_matchInfo_games_0_gameGold_119_team2TotalGold,props_pageProps_match_matchInfo_games_0_gameGold_120___typename,props_pageProps_match_matchInfo_games_0_gameGold_120_gameTime,props_pageProps_match_matchInfo_games_0_gameGold_120_goldDifference,props_pageProps_match_matchInfo_games_0_gameGold_120_team1Perid,props_pageProps_match_matchInfo_games_0_gameGold_120_team1TotalGold,props_pageProps_match_matchInfo_games_0_gameGold_120_team2Perid,props_pageProps_match_matchInfo_games_0_gameGold_120_team2TotalGold,props_pageProps_match_matchInfo_games_0_gameGold_121___typename,props_pageProps_match_matchInfo_games_0_gameGold_121_gameTime,props_pageProps_match_matchInfo_games_0_gameGold_121_goldDifference,props_pageProps_match_matchInfo_games_0_gameGold_121_team1Perid,props_pageProps_match_matchInfo_games_0_gameGold_121_team1TotalGold,props_pageProps_match_matchInfo_games_0_gameGold_121_team2Perid,props_pageProps_match_matchInfo_games_0_gameGold_121_team2TotalGold,props_pageProps_match_matchInfo_games_0_gameGold_122___typename,props_pageProps_match_matchInfo_games_0_gameGold_122_gameTime,props_pageProps_match_matchInfo_games_0_gameGold_122_goldDifference,props_pageProps_match_matchInfo_games_0_gameGold_122_team1Perid,props_pageProps_match_matchInfo_games_0_gameGold_122_team1TotalGold,props_pageProps_match_matchInfo_games_0_gameGold_122_team2Perid,props_pageProps_match_matchInfo_games_0_gameGold_122_team2TotalGold,props_pageProps_match_matchInfo_games_0_gameGold_123___typename,props_pageProps_match_matchInfo_games_0_gameGold_123_gameTime,props_pageProps_match_matchInfo_games_0_gameGold_123_goldDifference,props_pageProps_match_matchInfo_games_0_gameGold_123_team1Perid,props_pageProps_match_matchInfo_games_0_gameGold_123_team1TotalGold,props_pageProps_match_matchInfo_games_0_gameGold_123_team2Perid,props_pageProps_match_matchInfo_games_0_gameGold_123_team2TotalGold,props_pageProps_match_matchInfo_games_0_gameGold_124___typename,props_pageProps_match_matchInfo_games_0_gameGold_124_gameTime,props_pageProps_match_matchInfo_games_0_gameGold_124_goldDifference,props_pageProps_match_matchInfo_games_0_gameGold_124_team1Perid,props_pageProps_match_matchInfo_games_0_gameGold_124_team1TotalGold,props_pageProps_match_matchInfo_games_0_gameGold_124_team2Perid,props_pageProps_match_matchInfo_games_0_gameGold_124_team2TotalGold,props_pageProps_match_matchInfo_games_0_gameGold_125___typename,props_pageProps_match_matchInfo_games_0_gameGold_125_gameTime,props_pageProps_match_matchInfo_games_0_gameGold_125_goldDifference,props_pageProps_match_matchInfo_games_0_gameGold_125_team1Perid,props_pageProps_match_matchInfo_games_0_gameGold_125_team1TotalGold,props_pageProps_match_matchInfo_games_0_gameGold_125_team2Perid,props_pageProps_match_matchInfo_games_0_gameGold_125_team2TotalGold,props_pageProps_match_matchInfo_games_0_gameGold_126___typename,props_pageProps_match_matchInfo_games_0_gameGold_126_gameTime,props_pageProps_match_matchInfo_games_0_gameGold_126_goldDifference,props_pageProps_match_matchInfo_games_0_gameGold_126_team1Perid,props_pageProps_match_matchInfo_games_0_gameGold_126_team1TotalGold,props_pageProps_match_matchInfo_games_0_gameGold_126_team2Perid,props_pageProps_match_matchInfo_games_0_gameGold_126_team2TotalGold,props_pageProps_match_matchInfo_games_0_gameGold_127___typename,props_pageProps_match_matchInfo_games_0_gameGold_127_gameTime,props_pageProps_match_matchInfo_games_0_gameGold_127_goldDifference,props_pageProps_match_matchInfo_games_0_gameGold_127_team1Perid,props_pageProps_match_matchInfo_games_0_gameGold_127_team1TotalGold,props_pageProps_match_matchInfo_games_0_gameGold_127_team2Perid,props_pageProps_match_matchInfo_games_0_gameGold_127_team2TotalGold,props_pageProps_match_matchInfo_games_0_gameGold_128___typename,props_pageProps_match_matchInfo_games_0_gameGold_128_gameTime,props_pageProps_match_matchInfo_games_0_gameGold_128_goldDifference,props_pageProps_match_matchInfo_games_0_gameGold_128_team1Perid,props_pageProps_match_matchInfo_games_0_gameGold_128_team1TotalGold,props_pageProps_match_matchInfo_games_0_gameGold_128_team2Perid,props_pageProps_match_matchInfo_games_0_gameGold_128_team2TotalGold,props_pageProps_match_matchInfo_games_0_gameGold_129___typename,props_pageProps_match_matchInfo_games_0_gameGold_129_gameTime,props_pageProps_match_matchInfo_games_0_gameGold_129_goldDifference,props_pageProps_match_matchInfo_games_0_gameGold_129_team1Perid,props_pageProps_match_matchInfo_games_0_gameGold_129_team1TotalGold,props_pageProps_match_matchInfo_games_0_gameGold_129_team2Perid,props_pageProps_match_matchInfo_games_0_gameGold_129_team2TotalGold,props_pageProps_match_matchInfo_games_0_gameGold_130___typename,props_pageProps_match_matchInfo_games_0_gameGold_130_gameTime,props_pageProps_match_matchInfo_games_0_gameGold_130_goldDifference,props_pageProps_match_matchInfo_games_0_gameGold_130_team1Perid,props_pageProps_match_matchInfo_games_0_gameGold_130_team1TotalGold,props_pageProps_match_matchInfo_games_0_gameGold_130_team2Perid,props_pageProps_match_matchInfo_games_0_gameGold_130_team2TotalGold,props_pageProps_match_matchInfo_games_0_gameGold_131___typename,props_pageProps_match_matchInfo_games_0_gameGold_131_gameTime,props_pageProps_match_matchInfo_games_0_gameGold_131_goldDifference,props_pageProps_match_matchInfo_games_0_gameGold_131_team1Perid,props_pageProps_match_matchInfo_games_0_gameGold_131_team1TotalGold,props_pageProps_match_matchInfo_games_0_gameGold_131_team2Perid,props_pageProps_match_matchInfo_games_0_gameGold_131_team2TotalGold,props_pageProps_match_matchInfo_games_0_gameGold_132___typename,props_pageProps_match_matchInfo_games_0_gameGold_132_gameTime,props_pageProps_match_matchInfo_games_0_gameGold_132_goldDifference,props_pageProps_match_matchInfo_games_0_gameGold_132_team1Perid,props_pageProps_match_matchInfo_games_0_gameGold_132_team1TotalGold,props_pageProps_match_matchInfo_games_0_gameGold_132_team2Perid,props_pageProps_match_matchInfo_games_0_gameGold_132_team2TotalGold,props_pageProps_match_matchInfo_games_0_gameGold_133___typename,props_pageProps_match_matchInfo_games_0_gameGold_133_gameTime,props_pageProps_match_matchInfo_games_0_gameGold_133_goldDifference,props_pageProps_match_matchInfo_games_0_gameGold_133_team1Perid,props_pageProps_match_matchInfo_games_0_gameGold_133_team1TotalGold,props_pageProps_match_matchInfo_games_0_gameGold_133_team2Perid,props_pageProps_match_matchInfo_games_0_gameGold_133_team2TotalGold,props_pageProps_match_matchInfo_games_0_gameGold_134___typename,props_pageProps_match_matchInfo_games_0_gameGold_134_gameTime,props_pageProps_match_matchInfo_games_0_gameGold_134_goldDifference,props_pageProps_match_matchInfo_games_0_gameGold_134_team1Perid,props_pageProps_match_matchInfo_games_0_gameGold_134_team1TotalGold,props_pageProps_match_matchInfo_games_0_gameGold_134_team2Perid,props_pageProps_match_matchInfo_games_0_gameGold_134_team2TotalGold,props_pageProps_match_matchInfo_games_0_gameGold_135___typename,props_pageProps_match_matchInfo_games_0_gameGold_135_gameTime,props_pageProps_match_matchInfo_games_0_gameGold_135_goldDifference,props_pageProps_match_matchInfo_games_0_gameGold_135_team1Perid,props_pageProps_match_matchInfo_games_0_gameGold_135_team1TotalGold,props_pageProps_match_matchInfo_games_0_gameGold_135_team2Perid,props_pageProps_match_matchInfo_games_0_gameGold_135_team2TotalGold,props_pageProps_match_matchInfo_games_0_gameGold_136___typename,props_pageProps_match_matchInfo_games_0_gameGold_136_gameTime,props_pageProps_match_matchInfo_games_0_gameGold_136_goldDifference,props_pageProps_match_matchInfo_games_0_gameGold_136_team1Perid,props_pageProps_match_matchInfo_games_0_gameGold_136_team1TotalGold,props_pageProps_match_matchInfo_games_0_gameGold_136_team2Perid,props_pageProps_match_matchInfo_games_0_gameGold_136_team2TotalGold,props_pageProps_match_matchInfo_games_0_gameGold_137___typename,props_pageProps_match_matchInfo_games_0_gameGold_137_gameTime,props_pageProps_match_matchInfo_games_0_gameGold_137_goldDifference,props_pageProps_match_matchInfo_games_0_gameGold_137_team1Perid,props_pageProps_match_matchInfo_games_0_gameGold_137_team1TotalGold,props_pageProps_match_matchInfo_games_0_gameGold_137_team2Perid,props_pageProps_match_matchInfo_games_0_gameGold_137_team2TotalGold,props_pageProps_match_matchInfo_games_0_gameGold_138___typename,props_pageProps_match_matchInfo_games_0_gameGold_138_gameTime,props_pageProps_match_matchInfo_games_0_gameGold_138_goldDifference,props_pageProps_match_matchInfo_games_0_gameGold_138_team1Perid,props_pageProps_match_matchInfo_games_0_gameGold_138_team1TotalGold,props_pageProps_match_matchInfo_games_0_gameGold_138_team2Perid,props_pageProps_match_matchInfo_games_0_gameGold_138_team2TotalGold,props_pageProps_match_matchInfo_games_0_gameGold_139___typename,props_pageProps_match_matchInfo_games_0_gameGold_139_gameTime,props_pageProps_match_matchInfo_games_0_gameGold_139_goldDifference,props_pageProps_match_matchInfo_games_0_gameGold_139_team1Perid,props_pageProps_match_matchInfo_games_0_gameGold_139_team1TotalGold,props_pageProps_match_matchInfo_games_0_gameGold_139_team2Perid,props_pageProps_match_matchInfo_games_0_gameGold_139_team2TotalGold,props_pageProps_match_matchInfo_games_0_gameGold_140___typename,props_pageProps_match_matchInfo_games_0_gameGold_140_gameTime,props_pageProps_match_matchInfo_games_0_gameGold_140_goldDifference,props_pageProps_match_matchInfo_games_0_gameGold_140_team1Perid,props_pageProps_match_matchInfo_games_0_gameGold_140_team1TotalGold,props_pageProps_match_matchInfo_games_0_gameGold_140_team2Perid,props_pageProps_match_matchInfo_games_0_gameGold_140_team2TotalGold,props_pageProps_match_matchInfo_games_0_gameGold_141___typename,props_pageProps_match_matchInfo_games_0_gameGold_141_gameTime,props_pageProps_match_matchInfo_games_0_gameGold_141_goldDifference,props_pageProps_match_matchInfo_games_0_gameGold_141_team1Perid,props_pageProps_match_matchInfo_games_0_gameGold_141_team1TotalGold,props_pageProps_match_matchInfo_games_0_gameGold_141_team2Perid,props_pageProps_match_matchInfo_games_0_gameGold_141_team2TotalGold,props_pageProps_match_matchInfo_games_0_gameGold_142___typename,props_pageProps_match_matchInfo_games_0_gameGold_142_gameTime,props_pageProps_match_matchInfo_games_0_gameGold_142_goldDifference,props_pageProps_match_matchInfo_games_0_gameGold_142_team1Perid,props_pageProps_match_matchInfo_games_0_gameGold_142_team1TotalGold,props_pageProps_match_matchInfo_games_0_gameGold_142_team2Perid,props_pageProps_match_matchInfo_games_0_gameGold_142_team2TotalGold,props_pageProps_match_matchInfo_games_0_gameGold_143___typename,props_pageProps_match_matchInfo_games_0_gameGold_143_gameTime,props_pageProps_match_matchInfo_games_0_gameGold_143_goldDifference,props_pageProps_match_matchInfo_games_0_gameGold_143_team1Perid,props_pageProps_match_matchInfo_games_0_gameGold_143_team1TotalGold,props_pageProps_match_matchInfo_games_0_gameGold_143_team2Perid,props_pageProps_match_matchInfo_games_0_gameGold_143_team2TotalGold,props_pageProps_match_matchInfo_games_0_gameGold_144___typename,props_pageProps_match_matchInfo_games_0_gameGold_144_gameTime,props_pageProps_match_matchInfo_games_0_gameGold_144_goldDifference,props_pageProps_match_matchInfo_games_0_gameGold_144_team1Perid,props_pageProps_match_matchInfo_games_0_gameGold_144_team1TotalGold,props_pageProps_match_matchInfo_games_0_gameGold_144_team2Perid,props_pageProps_match_matchInfo_games_0_gameGold_144_team2TotalGold,props_pageProps_match_matchInfo_games_0_gameGold_145___typename,props_pageProps_match_matchInfo_games_0_gameGold_145_gameTime,props_pageProps_match_matchInfo_games_0_gameGold_145_goldDifference,props_pageProps_match_matchInfo_games_0_gameGold_145_team1Perid,props_pageProps_match_matchInfo_games_0_gameGold_145_team1TotalGold,props_pageProps_match_matchInfo_games_0_gameGold_145_team2Perid,props_pageProps_match_matchInfo_games_0_gameGold_145_team2TotalGold,props_pageProps_match_matchInfo_games_0_gameGold_146___typename,props_pageProps_match_matchInfo_games_0_gameGold_146_gameTime,props_pageProps_match_matchInfo_games_0_gameGold_146_goldDifference,props_pageProps_match_matchInfo_games_0_gameGold_146_team1Perid,props_pageProps_match_matchInfo_games_0_gameGold_146_team1TotalGold,props_pageProps_match_matchInfo_games_0_gameGold_146_team2Perid,props_pageProps_match_matchInfo_games_0_gameGold_146_team2TotalGold,props_pageProps_match_matchInfo_games_0_gameGold_147___typename,props_pageProps_match_matchInfo_games_0_gameGold_147_gameTime,props_pageProps_match_matchInfo_games_0_gameGold_147_goldDifference,props_pageProps_match_matchInfo_games_0_gameGold_147_team1Perid,props_pageProps_match_matchInfo_games_0_gameGold_147_team1TotalGold,props_pageProps_match_matchInfo_games_0_gameGold_147_team2Perid,props_pageProps_match_matchInfo_games_0_gameGold_147_team2TotalGold,props_pageProps_match_matchInfo_games_0_gameGold_148___typename,props_pageProps_match_matchInfo_games_0_gameGold_148_gameTime,props_pageProps_match_matchInfo_games_0_gameGold_148_goldDifference,props_pageProps_match_matchInfo_games_0_gameGold_148_team1Perid,props_pageProps_match_matchInfo_games_0_gameGold_148_team1TotalGold,props_pageProps_match_matchInfo_games_0_gameGold_148_team2Perid,props_pageProps_match_matchInfo_games_0_gameGold_148_team2TotalGold,props_pageProps_match_matchInfo_games_0_gameGold_149___typename,props_pageProps_match_matchInfo_games_0_gameGold_149_gameTime,props_pageProps_match_matchInfo_games_0_gameGold_149_goldDifference,props_pageProps_match_matchInfo_games_0_gameGold_149_team1Perid,props_pageProps_match_matchInfo_games_0_gameGold_149_team1TotalGold,props_pageProps_match_matchInfo_games_0_gameGold_149_team2Perid,props_pageProps_match_matchInfo_games_0_gameGold_149_team2TotalGold,props_pageProps_match_matchInfo_games_0_gameGold_150___typename,props_pageProps_match_matchInfo_games_0_gameGold_150_gameTime,props_pageProps_match_matchInfo_games_0_gameGold_150_goldDifference,props_pageProps_match_matchInfo_games_0_gameGold_150_team1Perid,props_pageProps_match_matchInfo_games_0_gameGold_150_team1TotalGold,props_pageProps_match_matchInfo_games_0_gameGold_150_team2Perid,props_pageProps_match_matchInfo_games_0_gameGold_150_team2TotalGold,props_pageProps_match_matchInfo_games_0_gameGold_151___typename,props_pageProps_match_matchInfo_games_0_gameGold_151_gameTime,props_pageProps_match_matchInfo_games_0_gameGold_151_goldDifference,props_pageProps_match_matchInfo_games_0_gameGold_151_team1Perid,props_pageProps_match_matchInfo_games_0_gameGold_151_team1TotalGold,props_pageProps_match_matchInfo_games_0_gameGold_151_team2Perid,props_pageProps_match_matchInfo_games_0_gameGold_151_team2TotalGold,props_pageProps_match_matchInfo_games_0_gameGold_152___typename,props_pageProps_match_matchInfo_games_0_gameGold_152_gameTime,props_pageProps_match_matchInfo_games_0_gameGold_152_goldDifference,props_pageProps_match_matchInfo_games_0_gameGold_152_team1Perid,props_pageProps_match_matchInfo_games_0_gameGold_152_team1TotalGold,props_pageProps_match_matchInfo_games_0_gameGold_152_team2Perid,props_pageProps_match_matchInfo_games_0_gameGold_152_team2TotalGold,props_pageProps_match_matchInfo_games_0_gameGold_153___typename,props_pageProps_match_matchInfo_games_0_gameGold_153_gameTime,props_pageProps_match_matchInfo_games_0_gameGold_153_goldDifference,props_pageProps_match_matchInfo_games_0_gameGold_153_team1Perid,props_pageProps_match_matchInfo_games_0_gameGold_153_team1TotalGold,props_pageProps_match_matchInfo_games_0_gameGold_153_team2Perid,props_pageProps_match_matchInfo_games_0_gameGold_153_team2TotalGold,props_pageProps_match_matchInfo_games_0_gameGold_154___typename,props_pageProps_match_matchInfo_games_0_gameGold_154_gameTime,props_pageProps_match_matchInfo_games_0_gameGold_154_goldDifference,props_pageProps_match_matchInfo_games_0_gameGold_154_team1Perid,props_pageProps_match_matchInfo_games_0_gameGold_154_team1TotalGold,props_pageProps_match_matchInfo_games_0_gameGold_154_team2Perid,props_pageProps_match_matchInfo_games_0_gameGold_154_team2TotalGold,props_pageProps_match_matchInfo_games_0_gameGold_155___typename,props_pageProps_match_matchInfo_games_0_gameGold_155_gameTime,props_pageProps_match_matchInfo_games_0_gameGold_155_goldDifference,props_pageProps_match_matchInfo_games_0_gameGold_155_team1Perid,props_pageProps_match_matchInfo_games_0_gameGold_155_team1TotalGold,props_pageProps_match_matchInfo_games_0_gameGold_155_team2Perid,props_pageProps_match_matchInfo_games_0_gameGold_155_team2TotalGold,props_pageProps_match_matchInfo_games_0_gameGold_156___typename,props_pageProps_match_matchInfo_games_0_gameGold_156_gameTime,props_pageProps_match_matchInfo_games_0_gameGold_156_goldDifference,props_pageProps_match_matchInfo_games_0_gameGold_156_team1Perid,props_pageProps_match_matchInfo_games_0_gameGold_156_team1TotalGold,props_pageProps_match_matchInfo_games_0_gameGold_156_team2Perid,props_pageProps_match_matchInfo_games_0_gameGold_156_team2TotalGold,props_pageProps_match_matchInfo_games_0_gameGold_157___typename,props_pageProps_match_matchInfo_games_0_gameGold_157_gameTime,props_pageProps_match_matchInfo_games_0_gameGold_157_goldDifference,props_pageProps_match_matchInfo_games_0_gameGold_157_team1Perid,props_pageProps_match_matchInfo_games_0_gameGold_157_team1TotalGold,props_pageProps_match_matchInfo_games_0_gameGold_157_team2Perid,props_pageProps_match_matchInfo_games_0_gameGold_157_team2TotalGold,props_pageProps_match_matchInfo_games_0_gameGold_158___typename,props_pageProps_match_matchInfo_games_0_gameGold_158_gameTime,props_pageProps_match_matchInfo_games_0_gameGold_158_goldDifference,props_pageProps_match_matchInfo_games_0_gameGold_158_team1Perid,props_pageProps_match_matchInfo_games_0_gameGold_158_team1TotalGold,props_pageProps_match_matchInfo_games_0_gameGold_158_team2Perid,props_pageProps_match_matchInfo_games_0_gameGold_158_team2TotalGold,props_pageProps_match_matchInfo_games_0_gameGold_159___typename,props_pageProps_match_matchInfo_games_0_gameGold_159_gameTime,props_pageProps_match_matchInfo_games_0_gameGold_159_goldDifference,props_pageProps_match_matchInfo_games_0_gameGold_159_team1Perid,props_pageProps_match_matchInfo_games_0_gameGold_159_team1TotalGold,props_pageProps_match_matchInfo_games_0_gameGold_159_team2Perid,props_pageProps_match_matchInfo_games_0_gameGold_159_team2TotalGold,props_pageProps_match_matchInfo_games_0_gameGold_160___typename,props_pageProps_match_matchInfo_games_0_gameGold_160_gameTime,props_pageProps_match_matchInfo_games_0_gameGold_160_goldDifference,props_pageProps_match_matchInfo_games_0_gameGold_160_team1Perid,props_pageProps_match_matchInfo_games_0_gameGold_160_team1TotalGold,props_pageProps_match_matchInfo_games_0_gameGold_160_team2Perid,props_pageProps_match_matchInfo_games_0_gameGold_160_team2TotalGold,props_pageProps_match_matchInfo_games_0_gameGold_161___typename,props_pageProps_match_matchInfo_games_0_gameGold_161_gameTime,props_pageProps_match_matchInfo_games_0_gameGold_161_goldDifference,props_pageProps_match_matchInfo_games_0_gameGold_161_team1Perid,props_pageProps_match_matchInfo_games_0_gameGold_161_team1TotalGold,props_pageProps_match_matchInfo_games_0_gameGold_161_team2Perid,props_pageProps_match_matchInfo_games_0_gameGold_161_team2TotalGold,props_pageProps_match_matchInfo_games_0_gameGold_162___typename,props_pageProps_match_matchInfo_games_0_gameGold_162_gameTime,props_pageProps_match_matchInfo_games_0_gameGold_162_goldDifference,props_pageProps_match_matchInfo_games_0_gameGold_162_team1Perid,props_pageProps_match_matchInfo_games_0_gameGold_162_team1TotalGold,props_pageProps_match_matchInfo_games_0_gameGold_162_team2Perid,props_pageProps_match_matchInfo_games_0_gameGold_162_team2TotalGold,props_pageProps_match_matchInfo_games_0_gameGold_163___typename,props_pageProps_match_matchInfo_games_0_gameGold_163_gameTime,props_pageProps_match_matchInfo_games_0_gameGold_163_goldDifference,props_pageProps_match_matchInfo_games_0_gameGold_163_team1Perid,props_pageProps_match_matchInfo_games_0_gameGold_163_team1TotalGold,props_pageProps_match_matchInfo_games_0_gameGold_163_team2Perid,props_pageProps_match_matchInfo_games_0_gameGold_163_team2TotalGold,props_pageProps_match_matchInfo_games_0_gameGold_164___typename,props_pageProps_match_matchInfo_games_0_gameGold_164_gameTime,props_pageProps_match_matchInfo_games_0_gameGold_164_goldDifference,props_pageProps_match_matchInfo_games_0_gameGold_164_team1Perid,props_pageProps_match_matchInfo_games_0_gameGold_164_team1TotalGold,props_pageProps_match_matchInfo_games_0_gameGold_164_team2Perid,props_pageProps_match_matchInfo_games_0_gameGold_164_team2TotalGold,props_pageProps_match_matchInfo_games_0_gameGold_165___typename,props_pageProps_match_matchInfo_games_0_gameGold_165_gameTime,props_pageProps_match_matchInfo_games_0_gameGold_165_goldDifference,props_pageProps_match_matchInfo_games_0_gameGold_165_team1Perid,props_pageProps_match_matchInfo_games_0_gameGold_165_team1TotalGold,props_pageProps_match_matchInfo_games_0_gameGold_165_team2Perid,props_pageProps_match_matchInfo_games_0_gameGold_165_team2TotalGold,props_pageProps_match_matchInfo_games_0_gameGold_166___typename,props_pageProps_match_matchInfo_games_0_gameGold_166_gameTime,props_pageProps_match_matchInfo_games_0_gameGold_166_goldDifference,props_pageProps_match_matchInfo_games_0_gameGold_166_team1Perid,props_pageProps_match_matchInfo_games_0_gameGold_166_team1TotalGold,props_pageProps_match_matchInfo_games_0_gameGold_166_team2Perid,props_pageProps_match_matchInfo_games_0_gameGold_166_team2TotalGold,props_pageProps_match_matchInfo_games_0_gameGold_167___typename,props_pageProps_match_matchInfo_games_0_gameGold_167_gameTime,props_pageProps_match_matchInfo_games_0_gameGold_167_goldDifference,props_pageProps_match_matchInfo_games_0_gameGold_167_team1Perid,props_pageProps_match_matchInfo_games_0_gameGold_167_team1TotalGold,props_pageProps_match_matchInfo_games_0_gameGold_167_team2Perid,props_pageProps_match_matchInfo_games_0_gameGold_167_team2TotalGold,props_pageProps_match_matchInfo_games_0_gameGold_168___typename,props_pageProps_match_matchInfo_games_0_gameGold_168_gameTime,props_pageProps_match_matchInfo_games_0_gameGold_168_goldDifference,props_pageProps_match_matchInfo_games_0_gameGold_168_team1Perid,props_pageProps_match_matchInfo_games_0_gameGold_168_team1TotalGold,props_pageProps_match_matchInfo_games_0_gameGold_168_team2Perid,props_pageProps_match_matchInfo_games_0_gameGold_168_team2TotalGold,props_pageProps_match_matchInfo_games_0_gameGold_169___typename,props_pageProps_match_matchInfo_games_0_gameGold_169_gameTime,props_pageProps_match_matchInfo_games_0_gameGold_169_goldDifference,props_pageProps_match_matchInfo_games_0_gameGold_169_team1Perid,props_pageProps_match_matchInfo_games_0_gameGold_169_team1TotalGold,props_pageProps_match_matchInfo_games_0_gameGold_169_team2Perid,props_pageProps_match_matchInfo_games_0_gameGold_169_team2TotalGold,props_pageProps_match_matchInfo_games_0_gameGold_170___typename,props_pageProps_match_matchInfo_games_0_gameGold_170_gameTime,props_pageProps_match_matchInfo_games_0_gameGold_170_goldDifference,props_pageProps_match_matchInfo_games_0_gameGold_170_team1Perid,props_pageProps_match_matchInfo_games_0_gameGold_170_team1TotalGold,props_pageProps_match_matchInfo_games_0_gameGold_170_team2Perid,props_pageProps_match_matchInfo_games_0_gameGold_170_team2TotalGold,props_pageProps_match_matchInfo_games_0_gameGold_171___typename,props_pageProps_match_matchInfo_games_0_gameGold_171_gameTime,props_pageProps_match_matchInfo_games_0_gameGold_171_goldDifference,props_pageProps_match_matchInfo_games_0_gameGold_171_team1Perid,props_pageProps_match_matchInfo_games_0_gameGold_171_team1TotalGold,props_pageProps_match_matchInfo_games_0_gameGold_171_team2Perid,props_pageProps_match_matchInfo_games_0_gameGold_171_team2TotalGold,props_pageProps_match_matchInfo_games_0_gameGold_172___typename,props_pageProps_match_matchInfo_games_0_gameGold_172_gameTime,props_pageProps_match_matchInfo_games_0_gameGold_172_goldDifference,props_pageProps_match_matchInfo_games_0_gameGold_172_team1Perid,props_pageProps_match_matchInfo_games_0_gameGold_172_team1TotalGold,props_pageProps_match_matchInfo_games_0_gameGold_172_team2Perid,props_pageProps_match_matchInfo_games_0_gameGold_172_team2TotalGold,props_pageProps_match_matchInfo_games_0_gameGold_173___typename,props_pageProps_match_matchInfo_games_0_gameGold_173_gameTime,props_pageProps_match_matchInfo_games_0_gameGold_173_goldDifference,props_pageProps_match_matchInfo_games_0_gameGold_173_team1Perid,props_pageProps_match_matchInfo_games_0_gameGold_173_team1TotalGold,props_pageProps_match_matchInfo_games_0_gameGold_173_team2Perid,props_pageProps_match_matchInfo_games_0_gameGold_173_team2TotalGold,props_pageProps_match_matchInfo_games_0_gameGold_174___typename,props_pageProps_match_matchInfo_games_0_gameGold_174_gameTime,props_pageProps_match_matchInfo_games_0_gameGold_174_goldDifference,props_pageProps_match_matchInfo_games_0_gameGold_174_team1Perid,props_pageProps_match_matchInfo_games_0_gameGold_174_team1TotalGold,props_pageProps_match_matchInfo_games_0_gameGold_174_team2Perid,props_pageProps_match_matchInfo_games_0_gameGold_174_team2TotalGold,props_pageProps_match_matchInfo_games_0_gameGold_175___typename,props_pageProps_match_matchInfo_games_0_gameGold_175_gameTime,props_pageProps_match_matchInfo_games_0_gameGold_175_goldDifference,props_pageProps_match_matchInfo_games_0_gameGold_175_team1Perid,props_pageProps_match_matchInfo_games_0_gameGold_175_team1TotalGold,props_pageProps_match_matchInfo_games_0_gameGold_175_team2Perid,props_pageProps_match_matchInfo_games_0_gameGold_175_team2TotalGold,props_pageProps_match_matchInfo_games_0_gameGold_176___typename,props_pageProps_match_matchInfo_games_0_gameGold_176_gameTime,props_pageProps_match_matchInfo_games_0_gameGold_176_goldDifference,props_pageProps_match_matchInfo_games_0_gameGold_176_team1Perid,props_pageProps_match_matchInfo_games_0_gameGold_176_team1TotalGold,props_pageProps_match_matchInfo_games_0_gameGold_176_team2Perid,props_pageProps_match_matchInfo_games_0_gameGold_176_team2TotalGold,props_pageProps_match_matchInfo_games_0_gameGold_177___typename,props_pageProps_match_matchInfo_games_0_gameGold_177_gameTime,props_pageProps_match_matchInfo_games_0_gameGold_177_goldDifference,props_pageProps_match_matchInfo_games_0_gameGold_177_team1Perid,props_pageProps_match_matchInfo_games_0_gameGold_177_team1TotalGold,props_pageProps_match_matchInfo_games_0_gameGold_177_team2Perid,props_pageProps_match_matchInfo_games_0_gameGold_177_team2TotalGold,props_pageProps_match_matchInfo_games_0_gameGold_178___typename,props_pageProps_match_matchInfo_games_0_gameGold_178_gameTime,props_pageProps_match_matchInfo_games_0_gameGold_178_goldDifference,props_pageProps_match_matchInfo_games_0_gameGold_178_team1Perid,props_pageProps_match_matchInfo_games_0_gameGold_178_team1TotalGold,props_pageProps_match_matchInfo_games_0_gameGold_178_team2Perid,props_pageProps_match_matchInfo_games_0_gameGold_178_team2TotalGold,props_pageProps_match_matchInfo_games_0_gameGold_179___typename,props_pageProps_match_matchInfo_games_0_gameGold_179_gameTime,props_pageProps_match_matchInfo_games_0_gameGold_179_goldDifference,props_pageProps_match_matchInfo_games_0_gameGold_179_team1Perid,props_pageProps_match_matchInfo_games_0_gameGold_179_team1TotalGold,props_pageProps_match_matchInfo_games_0_gameGold_179_team2Perid,props_pageProps_match_matchInfo_games_0_gameGold_179_team2TotalGold,props_pageProps_match_matchInfo_games_0_gameGold_180___typename,props_pageProps_match_matchInfo_games_0_gameGold_180_gameTime,props_pageProps_match_matchInfo_games_0_gameGold_180_goldDifference,props_pageProps_match_matchInfo_games_0_gameGold_180_team1Perid,props_pageProps_match_matchInfo_games_0_gameGold_180_team1TotalGold,props_pageProps_match_matchInfo_games_0_gameGold_180_team2Perid,props_pageProps_match_matchInfo_games_0_gameGold_180_team2TotalGold,props_pageProps_match_matchInfo_games_0_gameGold_181___typename,props_pageProps_match_matchInfo_games_0_gameGold_181_gameTime,props_pageProps_match_matchInfo_games_0_gameGold_181_goldDifference,props_pageProps_match_matchInfo_games_0_gameGold_181_team1Perid,props_pageProps_match_matchInfo_games_0_gameGold_181_team1TotalGold,props_pageProps_match_matchInfo_games_0_gameGold_181_team2Perid,props_pageProps_match_matchInfo_games_0_gameGold_181_team2TotalGold,props_pageProps_match_matchInfo_games_0_gameGold_182___typename,props_pageProps_match_matchInfo_games_0_gameGold_182_gameTime,props_pageProps_match_matchInfo_games_0_gameGold_182_goldDifference,props_pageProps_match_matchInfo_games_0_gameGold_182_team1Perid,props_pageProps_match_matchInfo_games_0_gameGold_182_team1TotalGold,props_pageProps_match_matchInfo_games_0_gameGold_182_team2Perid,props_pageProps_match_matchInfo_games_0_gameGold_182_team2TotalGold,props_pageProps_match_matchInfo_games_0_gameGold_183___typename,props_pageProps_match_matchInfo_games_0_gameGold_183_gameTime,props_pageProps_match_matchInfo_games_0_gameGold_183_goldDifference,props_pageProps_match_matchInfo_games_0_gameGold_183_team1Perid,props_pageProps_match_matchInfo_games_0_gameGold_183_team1TotalGold,props_pageProps_match_matchInfo_games_0_gameGold_183_team2Perid,props_pageProps_match_matchInfo_games_0_gameGold_183_team2TotalGold,props_pageProps_match_matchInfo_games_0_gameGold_184___typename,props_pageProps_match_matchInfo_games_0_gameGold_184_gameTime,props_pageProps_match_matchInfo_games_0_gameGold_184_goldDifference,props_pageProps_match_matchInfo_games_0_gameGold_184_team1Perid,props_pageProps_match_matchInfo_games_0_gameGold_184_team1TotalGold,props_pageProps_match_matchInfo_games_0_gameGold_184_team2Perid,props_pageProps_match_matchInfo_games_0_gameGold_184_team2TotalGold,props_pageProps_match_matchInfo_games_0_gameGold_185___typename,props_pageProps_match_matchInfo_games_0_gameGold_185_gameTime,props_pageProps_match_matchInfo_games_0_gameGold_185_goldDifference,props_pageProps_match_matchInfo_games_0_gameGold_185_team1Perid,props_pageProps_match_matchInfo_games_0_gameGold_185_team1TotalGold,props_pageProps_match_matchInfo_games_0_gameGold_185_team2Perid,props_pageProps_match_matchInfo_games_0_gameGold_185_team2TotalGold,props_pageProps_match_matchInfo_games_0_gameGold_186___typename,props_pageProps_match_matchInfo_games_0_gameGold_186_gameTime,props_pageProps_match_matchInfo_games_0_gameGold_186_goldDifference,props_pageProps_match_matchInfo_games_0_gameGold_186_team1Perid,props_pageProps_match_matchInfo_games_0_gameGold_186_team1TotalGold,props_pageProps_match_matchInfo_games_0_gameGold_186_team2Perid,props_pageProps_match_matchInfo_games_0_gameGold_186_team2TotalGold,props_pageProps_match_matchInfo_games_0_gameGold_187___typename,props_pageProps_match_matchInfo_games_0_gameGold_187_gameTime,props_pageProps_match_matchInfo_games_0_gameGold_187_goldDifference,props_pageProps_match_matchInfo_games_0_gameGold_187_team1Perid,props_pageProps_match_matchInfo_games_0_gameGold_187_team1TotalGold,props_pageProps_match_matchInfo_games_0_gameGold_187_team2Perid,props_pageProps_match_matchInfo_games_0_gameGold_187_team2TotalGold,props_pageProps_match_matchInfo_games_0_gameGold_188___typename,props_pageProps_match_matchInfo_games_0_gameGold_188_gameTime,props_pageProps_match_matchInfo_games_0_gameGold_188_goldDifference,props_pageProps_match_matchInfo_games_0_gameGold_188_team1Perid,props_pageProps_match_matchInfo_games_0_gameGold_188_team1TotalGold,props_pageProps_match_matchInfo_games_0_gameGold_188_team2Perid,props_pageProps_match_matchInfo_games_0_gameGold_188_team2TotalGold,props_pageProps_match_matchInfo_games_0_gameGold_189___typename,props_pageProps_match_matchInfo_games_0_gameGold_189_gameTime,props_pageProps_match_matchInfo_games_0_gameGold_189_goldDifference,props_pageProps_match_matchInfo_games_0_gameGold_189_team1Perid,props_pageProps_match_matchInfo_games_0_gameGold_189_team1TotalGold,props_pageProps_match_matchInfo_games_0_gameGold_189_team2Perid,props_pageProps_match_matchInfo_games_0_gameGold_189_team2TotalGold,props_pageProps_match_matchInfo_games_0_gameGold_190___typename,props_pageProps_match_matchInfo_games_0_gameGold_190_gameTime,props_pageProps_match_matchInfo_games_0_gameGold_190_goldDifference,props_pageProps_match_matchInfo_games_0_gameGold_190_team1Perid,props_pageProps_match_matchInfo_games_0_gameGold_190_team1TotalGold,props_pageProps_match_matchInfo_games_0_gameGold_190_team2Perid,props_pageProps_match_matchInfo_games_0_gameGold_190_team2TotalGold,props_pageProps_match_matchInfo_games_0_gameGold_191___typename,props_pageProps_match_matchInfo_games_0_gameGold_191_gameTime,props_pageProps_match_matchInfo_games_0_gameGold_191_goldDifference,props_pageProps_match_matchInfo_games_0_gameGold_191_team1Perid,props_pageProps_match_matchInfo_games_0_gameGold_191_team1TotalGold,props_pageProps_match_matchInfo_games_0_gameGold_191_team2Perid,props_pageProps_match_matchInfo_games_0_gameGold_191_team2TotalGold,props_pageProps_match_matchInfo_games_0_gameGold_192___typename,props_pageProps_match_matchInfo_games_0_gameGold_192_gameTime,props_pageProps_match_matchInfo_games_0_gameGold_192_goldDifference,props_pageProps_match_matchInfo_games_0_gameGold_192_team1Perid,props_pageProps_match_matchInfo_games_0_gameGold_192_team1TotalGold,props_pageProps_match_matchInfo_games_0_gameGold_192_team2Perid,props_pageProps_match_matchInfo_games_0_gameGold_192_team2TotalGold,props_pageProps_match_matchInfo_games_0_gameGold_193___typename,props_pageProps_match_matchInfo_games_0_gameGold_193_gameTime,props_pageProps_match_matchInfo_games_0_gameGold_193_goldDifference,props_pageProps_match_matchInfo_games_0_gameGold_193_team1Perid,props_pageProps_match_matchInfo_games_0_gameGold_193_team1TotalGold,props_pageProps_match_matchInfo_games_0_gameGold_193_team2Perid,props_pageProps_match_matchInfo_games_0_gameGold_193_team2TotalGold,props_pageProps_match_matchInfo_games_0_gameGold_194___typename,props_pageProps_match_matchInfo_games_0_gameGold_194_gameTime,props_pageProps_match_matchInfo_games_0_gameGold_194_goldDifference,props_pageProps_match_matchInfo_games_0_gameGold_194_team1Perid,props_pageProps_match_matchInfo_games_0_gameGold_194_team1TotalGold,props_pageProps_match_matchInfo_games_0_gameGold_194_team2Perid,props_pageProps_match_matchInfo_games_0_gameGold_194_team2TotalGold,props_pageProps_match_matchInfo_games_0_gameGold_195___typename,props_pageProps_match_matchInfo_games_0_gameGold_195_gameTime,props_pageProps_match_matchInfo_games_0_gameGold_195_goldDifference,props_pageProps_match_matchInfo_games_0_gameGold_195_team1Perid,props_pageProps_match_matchInfo_games_0_gameGold_195_team1TotalGold,props_pageProps_match_matchInfo_games_0_gameGold_195_team2Perid,props_pageProps_match_matchInfo_games_0_gameGold_195_team2TotalGold,props_pageProps_match_matchInfo_games_0_gameGold_196___typename,props_pageProps_match_matchInfo_games_0_gameGold_196_gameTime,props_pageProps_match_matchInfo_games_0_gameGold_196_goldDifference,props_pageProps_match_matchInfo_games_0_gameGold_196_team1Perid,props_pageProps_match_matchInfo_games_0_gameGold_196_team1TotalGold,props_pageProps_match_matchInfo_games_0_gameGold_196_team2Perid,props_pageProps_match_matchInfo_games_0_gameGold_196_team2TotalGold,props_pageProps_match_matchInfo_games_0_gameGold_197___typename,props_pageProps_match_matchInfo_games_0_gameGold_197_gameTime,props_pageProps_match_matchInfo_games_0_gameGold_197_goldDifference,props_pageProps_match_matchInfo_games_0_gameGold_197_team1Perid,props_pageProps_match_matchInfo_games_0_gameGold_197_team1TotalGold,props_pageProps_match_matchInfo_games_0_gameGold_197_team2Perid,props_pageProps_match_matchInfo_games_0_gameGold_197_team2TotalGold,props_pageProps_match_matchInfo_games_0_gameGold_198___typename,props_pageProps_match_matchInfo_games_0_gameGold_198_gameTime,props_pageProps_match_matchInfo_games_0_gameGold_198_goldDifference,props_pageProps_match_matchInfo_games_0_gameGold_198_team1Perid,props_pageProps_match_matchInfo_games_0_gameGold_198_team1TotalGold,props_pageProps_match_matchInfo_games_0_gameGold_198_team2Perid,props_pageProps_match_matchInfo_games_0_gameGold_198_team2TotalGold,props_pageProps_match_matchInfo_games_0_gameGold_199___typename,props_pageProps_match_matchInfo_games_0_gameGold_199_gameTime,props_pageProps_match_matchInfo_games_0_gameGold_199_goldDifference,props_pageProps_match_matchInfo_games_0_gameGold_199_team1Perid,props_pageProps_match_matchInfo_games_0_gameGold_199_team1TotalGold,props_pageProps_match_matchInfo_games_0_gameGold_199_team2Perid,props_pageProps_match_matchInfo_games_0_gameGold_199_team2TotalGold,props_pageProps_match_matchInfo_games_0_gameGold_200___typename,props_pageProps_match_matchInfo_games_0_gameGold_200_gameTime,props_pageProps_match_matchInfo_games_0_gameGold_200_goldDifference,props_pageProps_match_matchInfo_games_0_gameGold_200_team1Perid,props_pageProps_match_matchInfo_games_0_gameGold_200_team1TotalGold,props_pageProps_match_matchInfo_games_0_gameGold_200_team2Perid,props_pageProps_match_matchInfo_games_0_gameGold_200_team2TotalGold,props_pageProps_match_matchInfo_games_0_gameGold_201___typename,props_pageProps_match_matchInfo_games_0_gameGold_201_gameTime,props_pageProps_match_matchInfo_games_0_gameGold_201_goldDifference,props_pageProps_match_matchInfo_games_0_gameGold_201_team1Perid,props_pageProps_match_matchInfo_games_0_gameGold_201_team1TotalGold,props_pageProps_match_matchInfo_games_0_gameGold_201_team2Perid,props_pageProps_match_matchInfo_games_0_gameGold_201_team2TotalGold,props_pageProps_match_matchInfo_games_0_gameGold_202___typename,props_pageProps_match_matchInfo_games_0_gameGold_202_gameTime,props_pageProps_match_matchInfo_games_0_gameGold_202_goldDifference,props_pageProps_match_matchInfo_games_0_gameGold_202_team1Perid,props_pageProps_match_matchInfo_games_0_gameGold_202_team1TotalGold,props_pageProps_match_matchInfo_games_0_gameGold_202_team2Perid,props_pageProps_match_matchInfo_games_0_gameGold_202_team2TotalGold,props_pageProps_match_matchInfo_games_0_gameGold_203___typename,props_pageProps_match_matchInfo_games_0_gameGold_203_gameTime,props_pageProps_match_matchInfo_games_0_gameGold_203_goldDifference,props_pageProps_match_matchInfo_games_0_gameGold_203_team1Perid,props_pageProps_match_matchInfo_games_0_gameGold_203_team1TotalGold,props_pageProps_match_matchInfo_games_0_gameGold_203_team2Perid,props_pageProps_match_matchInfo_games_0_gameGold_203_team2TotalGold,props_pageProps_match_matchInfo_games_0_gameGold_204___typename,props_pageProps_match_matchInfo_games_0_gameGold_204_gameTime,props_pageProps_match_matchInfo_games_0_gameGold_204_goldDifference,props_pageProps_match_matchInfo_games_0_gameGold_204_team1Perid,props_pageProps_match_matchInfo_games_0_gameGold_204_team1TotalGold,props_pageProps_match_matchInfo_games_0_gameGold_204_team2Perid,props_pageProps_match_matchInfo_games_0_gameGold_204_team2TotalGold,props_pageProps_match_matchInfo_games_0_gameGold_205___typename,props_pageProps_match_matchInfo_games_0_gameGold_205_gameTime,props_pageProps_match_matchInfo_games_0_gameGold_205_goldDifference,props_pageProps_match_matchInfo_games_0_gameGold_205_team1Perid,props_pageProps_match_matchInfo_games_0_gameGold_205_team1TotalGold,props_pageProps_match_matchInfo_games_0_gameGold_205_team2Perid,props_pageProps_match_matchInfo_games_0_gameGold_205_team2TotalGold,props_pageProps_match_matchInfo_games_0_gameGold_206___typename,props_pageProps_match_matchInfo_games_0_gameGold_206_gameTime,props_pageProps_match_matchInfo_games_0_gameGold_206_goldDifference,props_pageProps_match_matchInfo_games_0_gameGold_206_team1Perid,props_pageProps_match_matchInfo_games_0_gameGold_206_team1TotalGold,props_pageProps_match_matchInfo_games_0_gameGold_206_team2Perid,props_pageProps_match_matchInfo_games_0_gameGold_206_team2TotalGold,props_pageProps_match_matchInfo_games_0_gameGold_207___typename,props_pageProps_match_matchInfo_games_0_gameGold_207_gameTime,props_pageProps_match_matchInfo_games_0_gameGold_207_goldDifference,props_pageProps_match_matchInfo_games_0_gameGold_207_team1Perid,props_pageProps_match_matchInfo_games_0_gameGold_207_team1TotalGold,props_pageProps_match_matchInfo_games_0_gameGold_207_team2Perid,props_pageProps_match_matchInfo_games_0_gameGold_207_team2TotalGold,props_pageProps_match_matchInfo_games_0_gameGold_208___typename,props_pageProps_match_matchInfo_games_0_gameGold_208_gameTime,props_pageProps_match_matchInfo_games_0_gameGold_208_goldDifference,props_pageProps_match_matchInfo_games_0_gameGold_208_team1Perid,props_pageProps_match_matchInfo_games_0_gameGold_208_team1TotalGold,props_pageProps_match_matchInfo_games_0_gameGold_208_team2Perid,props_pageProps_match_matchInfo_games_0_gameGold_208_team2TotalGold,props_pageProps_match_matchInfo_games_0_gameGold_209___typename,props_pageProps_match_matchInfo_games_0_gameGold_209_gameTime,props_pageProps_match_matchInfo_games_0_gameGold_209_goldDifference,props_pageProps_match_matchInfo_games_0_gameGold_209_team1Perid,props_pageProps_match_matchInfo_games_0_gameGold_209_team1TotalGold,props_pageProps_match_matchInfo_games_0_gameGold_209_team2Perid,props_pageProps_match_matchInfo_games_0_gameGold_209_team2TotalGold,props_pageProps_match_matchInfo_games_0_gameGold_210___typename,props_pageProps_match_matchInfo_games_0_gameGold_210_gameTime,props_pageProps_match_matchInfo_games_0_gameGold_210_goldDifference,props_pageProps_match_matchInfo_games_0_gameGold_210_team1Perid,props_pageProps_match_matchInfo_games_0_gameGold_210_team1TotalGold,props_pageProps_match_matchInfo_games_0_gameGold_210_team2Perid,props_pageProps_match_matchInfo_games_0_gameGold_210_team2TotalGold,props_pageProps_match_matchInfo_games_0_gameGold_211___typename,props_pageProps_match_matchInfo_games_0_gameGold_211_gameTime,props_pageProps_match_matchInfo_games_0_gameGold_211_goldDifference,props_pageProps_match_matchInfo_games_0_gameGold_211_team1Perid,props_pageProps_match_matchInfo_games_0_gameGold_211_team1TotalGold,props_pageProps_match_matchInfo_games_0_gameGold_211_team2Perid,props_pageProps_match_matchInfo_games_0_gameGold_211_team2TotalGold,props_pageProps_match_matchInfo_games_0_gameGold_212___typename,props_pageProps_match_matchInfo_games_0_gameGold_212_gameTime,props_pageProps_match_matchInfo_games_0_gameGold_212_goldDifference,props_pageProps_match_matchInfo_games_0_gameGold_212_team1Perid,props_pageProps_match_matchInfo_games_0_gameGold_212_team1TotalGold,props_pageProps_match_matchInfo_games_0_gameGold_212_team2Perid,props_pageProps_match_matchInfo_games_0_gameGold_212_team2TotalGold,props_pageProps_match_matchInfo_games_0_gameGold_213___typename,props_pageProps_match_matchInfo_games_0_gameGold_213_gameTime,props_pageProps_match_matchInfo_games_0_gameGold_213_goldDifference,props_pageProps_match_matchInfo_games_0_gameGold_213_team1Perid,props_pageProps_match_matchInfo_games_0_gameGold_213_team1TotalGold,props_pageProps_match_matchInfo_games_0_gameGold_213_team2Perid,props_pageProps_match_matchInfo_games_0_gameGold_213_team2TotalGold,props_pageProps_match_matchInfo_games_0_gameGold_214___typename,props_pageProps_match_matchInfo_games_0_gameGold_214_gameTime,props_pageProps_match_matchInfo_games_0_gameGold_214_goldDifference,props_pageProps_match_matchInfo_games_0_gameGold_214_team1Perid,props_pageProps_match_matchInfo_games_0_gameGold_214_team1TotalGold,props_pageProps_match_matchInfo_games_0_gameGold_214_team2Perid,props_pageProps_match_matchInfo_games_0_gameGold_214_team2TotalGold,props_pageProps_match_matchInfo_games_0_gameGold_215___typename,props_pageProps_match_matchInfo_games_0_gameGold_215_gameTime,props_pageProps_match_matchInfo_games_0_gameGold_215_goldDifference,props_pageProps_match_matchInfo_games_0_gameGold_215_team1Perid,props_pageProps_match_matchInfo_games_0_gameGold_215_team1TotalGold,props_pageProps_match_matchInfo_games_0_gameGold_215_team2Perid,props_pageProps_match_matchInfo_games_0_gameGold_215_team2TotalGold,props_pageProps_match_matchInfo_games_0_gameGold_216___typename,props_pageProps_match_matchInfo_games_0_gameGold_216_gameTime,props_pageProps_match_matchInfo_games_0_gameGold_216_goldDifference,props_pageProps_match_matchInfo_games_0_gameGold_216_team1Perid,props_pageProps_match_matchInfo_games_0_gameGold_216_team1TotalGold,props_pageProps_match_matchInfo_games_0_gameGold_216_team2Perid,props_pageProps_match_matchInfo_games_0_gameGold_216_team2TotalGold,props_pageProps_match_matchInfo_games_0_gameGold_217___typename,props_pageProps_match_matchInfo_games_0_gameGold_217_gameTime,props_pageProps_match_matchInfo_games_0_gameGold_217_goldDifference,props_pageProps_match_matchInfo_games_0_gameGold_217_team1Perid,props_pageProps_match_matchInfo_games_0_gameGold_217_team1TotalGold,props_pageProps_match_matchInfo_games_0_gameGold_217_team2Perid,props_pageProps_match_matchInfo_games_0_gameGold_217_team2TotalGold,props_pageProps_match_matchInfo_games_0_gameGold_218___typename,props_pageProps_match_matchInfo_games_0_gameGold_218_gameTime,props_pageProps_match_matchInfo_games_0_gameGold_218_goldDifference,props_pageProps_match_matchInfo_games_0_gameGold_218_team1Perid,props_pageProps_match_matchInfo_games_0_gameGold_218_team1TotalGold,props_pageProps_match_matchInfo_games_0_gameGold_218_team2Perid,props_pageProps_match_matchInfo_games_0_gameGold_218_team2TotalGold,props_pageProps_match_matchInfo_games_0_gameGold_219___typename,props_pageProps_match_matchInfo_games_0_gameGold_219_gameTime,props_pageProps_match_matchInfo_games_0_gameGold_219_goldDifference,props_pageProps_match_matchInfo_games_0_gameGold_219_team1Perid,props_pageProps_match_matchInfo_games_0_gameGold_219_team1TotalGold,props_pageProps_match_matchInfo_games_0_gameGold_219_team2Perid,props_pageProps_match_matchInfo_games_0_gameGold_219_team2TotalGold,props_pageProps_match_matchInfo_games_0_gameGold_220___typename,props_pageProps_match_matchInfo_games_0_gameGold_220_gameTime,props_pageProps_match_matchInfo_games_0_gameGold_220_goldDifference,props_pageProps_match_matchInfo_games_0_gameGold_220_team1Perid,props_pageProps_match_matchInfo_games_0_gameGold_220_team1TotalGold,props_pageProps_match_matchInfo_games_0_gameGold_220_team2Perid,props_pageProps_match_matchInfo_games_0_gameGold_220_team2TotalGold,props_pageProps_match_matchInfo_games_0_gameGold_221___typename,props_pageProps_match_matchInfo_games_0_gameGold_221_gameTime,props_pageProps_match_matchInfo_games_0_gameGold_221_goldDifference,props_pageProps_match_matchInfo_games_0_gameGold_221_team1Perid,props_pageProps_match_matchInfo_games_0_gameGold_221_team1TotalGold,props_pageProps_match_matchInfo_games_0_gameGold_221_team2Perid,props_pageProps_match_matchInfo_games_0_gameGold_221_team2TotalGold,props_pageProps_match_matchInfo_games_0_gameGold_222___typename,props_pageProps_match_matchInfo_games_0_gameGold_222_gameTime,props_pageProps_match_matchInfo_games_0_gameGold_222_goldDifference,props_pageProps_match_matchInfo_games_0_gameGold_222_team1Perid,props_pageProps_match_matchInfo_games_0_gameGold_222_team1TotalGold,props_pageProps_match_matchInfo_games_0_gameGold_222_team2Perid,props_pageProps_match_matchInfo_games_0_gameGold_222_team2TotalGold,props_pageProps_match_matchInfo_games_0_gameGold_223___typename,props_pageProps_match_matchInfo_games_0_gameGold_223_gameTime,props_pageProps_match_matchInfo_games_0_gameGold_223_goldDifference,props_pageProps_match_matchInfo_games_0_gameGold_223_team1Perid,props_pageProps_match_matchInfo_games_0_gameGold_223_team1TotalGold,props_pageProps_match_matchInfo_games_0_gameGold_223_team2Perid,props_pageProps_match_matchInfo_games_0_gameGold_223_team2TotalGold,props_pageProps_match_matchInfo_games_0_gameGold_224___typename,props_pageProps_match_matchInfo_games_0_gameGold_224_gameTime,props_pageProps_match_matchInfo_games_0_gameGold_224_goldDifference,props_pageProps_match_matchInfo_games_0_gameGold_224_team1Perid,props_pageProps_match_matchInfo_games_0_gameGold_224_team1TotalGold,props_pageProps_match_matchInfo_games_0_gameGold_224_team2Perid,props_pageProps_match_matchInfo_games_0_gameGold_224_team2TotalGold,props_pageProps_match_matchInfo_games_0_gameGold_225___typename,props_pageProps_match_matchInfo_games_0_gameGold_225_gameTime,props_pageProps_match_matchInfo_games_0_gameGold_225_goldDifference,props_pageProps_match_matchInfo_games_0_gameGold_225_team1Perid,props_pageProps_match_matchInfo_games_0_gameGold_225_team1TotalGold,props_pageProps_match_matchInfo_games_0_gameGold_225_team2Perid,props_pageProps_match_matchInfo_games_0_gameGold_225_team2TotalGold,props_pageProps_match_matchInfo_games_0_gameGold_226___typename,props_pageProps_match_matchInfo_games_0_gameGold_226_gameTime,props_pageProps_match_matchInfo_games_0_gameGold_226_goldDifference,props_pageProps_match_matchInfo_games_0_gameGold_226_team1Perid,props_pageProps_match_matchInfo_games_0_gameGold_226_team1TotalGold,props_pageProps_match_matchInfo_games_0_gameGold_226_team2Perid,props_pageProps_match_matchInfo_games_0_gameGold_226_team2TotalGold,props_pageProps_match_matchInfo_games_0_gameGold_227___typename,props_pageProps_match_matchInfo_games_0_gameGold_227_gameTime,props_pageProps_match_matchInfo_games_0_gameGold_227_goldDifference,props_pageProps_match_matchInfo_games_0_gameGold_227_team1Perid,props_pageProps_match_matchInfo_games_0_gameGold_227_team1TotalGold,props_pageProps_match_matchInfo_games_0_gameGold_227_team2Perid,props_pageProps_match_matchInfo_games_0_gameGold_227_team2TotalGold,props_pageProps_match_matchInfo_games_0_gameGold_228___typename,props_pageProps_match_matchInfo_games_0_gameGold_228_gameTime,props_pageProps_match_matchInfo_games_0_gameGold_228_goldDifference,props_pageProps_match_matchInfo_games_0_gameGold_228_team1Perid,props_pageProps_match_matchInfo_games_0_gameGold_228_team1TotalGold,props_pageProps_match_matchInfo_games_0_gameGold_228_team2Perid,props_pageProps_match_matchInfo_games_0_gameGold_228_team2TotalGold,props_pageProps_match_matchInfo_games_0_gameGold_229___typename,props_pageProps_match_matchInfo_games_0_gameGold_229_gameTime,props_pageProps_match_matchInfo_games_0_gameGold_229_goldDifference,props_pageProps_match_matchInfo_games_0_gameGold_229_team1Perid,props_pageProps_match_matchInfo_games_0_gameGold_229_team1TotalGold,props_pageProps_match_matchInfo_games_0_gameGold_229_team2Perid,props_pageProps_match_matchInfo_games_0_gameGold_229_team2TotalGold,props_pageProps_match_matchInfo_games_0_gameGold_230___typename,props_pageProps_match_matchInfo_games_0_gameGold_230_gameTime,props_pageProps_match_matchInfo_games_0_gameGold_230_goldDifference,props_pageProps_match_matchInfo_games_0_gameGold_230_team1Perid,props_pageProps_match_matchInfo_games_0_gameGold_230_team1TotalGold,props_pageProps_match_matchInfo_games_0_gameGold_230_team2Perid,props_pageProps_match_matchInfo_games_0_gameGold_230_team2TotalGold,props_pageProps_match_matchInfo_games_0_gameGold_231___typename,props_pageProps_match_matchInfo_games_0_gameGold_231_gameTime,props_pageProps_match_matchInfo_games_0_gameGold_231_goldDifference,props_pageProps_match_matchInfo_games_0_gameGold_231_team1Perid,props_pageProps_match_matchInfo_games_0_gameGold_231_team1TotalGold,props_pageProps_match_matchInfo_games_0_gameGold_231_team2Perid,props_pageProps_match_matchInfo_games_0_gameGold_231_team2TotalGold,props_pageProps_match_matchInfo_games_0_gameGold_232___typename,props_pageProps_match_matchInfo_games_0_gameGold_232_gameTime,props_pageProps_match_matchInfo_games_0_gameGold_232_goldDifference,props_pageProps_match_matchInfo_games_0_gameGold_232_team1Perid,props_pageProps_match_matchInfo_games_0_gameGold_232_team1TotalGold,props_pageProps_match_matchInfo_games_0_gameGold_232_team2Perid,props_pageProps_match_matchInfo_games_0_gameGold_232_team2TotalGold,props_pageProps_match_matchInfo_games_0_gameGold_233___typename,props_pageProps_match_matchInfo_games_0_gameGold_233_gameTime,props_pageProps_match_matchInfo_games_0_gameGold_233_goldDifference,props_pageProps_match_matchInfo_games_0_gameGold_233_team1Perid,props_pageProps_match_matchInfo_games_0_gameGold_233_team1TotalGold,props_pageProps_match_matchInfo_games_0_gameGold_233_team2Perid,props_pageProps_match_matchInfo_games_0_gameGold_233_team2TotalGold,props_pageProps_match_matchInfo_games_0_gameGold_234___typename,props_pageProps_match_matchInfo_games_0_gameGold_234_gameTime,props_pageProps_match_matchInfo_games_0_gameGold_234_goldDifference,props_pageProps_match_matchInfo_games_0_gameGold_234_team1Perid,props_pageProps_match_matchInfo_games_0_gameGold_234_team1TotalGold,props_pageProps_match_matchInfo_games_0_gameGold_234_team2Perid,props_pageProps_match_matchInfo_games_0_gameGold_234_team2TotalGold,props_pageProps_match_matchInfo_games_0_gameGold_235___typename,props_pageProps_match_matchInfo_games_0_gameGold_235_gameTime,props_pageProps_match_matchInfo_games_0_gameGold_235_goldDifference,props_pageProps_match_matchInfo_games_0_gameGold_235_team1Perid,props_pageProps_match_matchInfo_games_0_gameGold_235_team1TotalGold,props_pageProps_match_matchInfo_games_0_gameGold_235_team2Perid,props_pageProps_match_matchInfo_games_0_gameGold_235_team2TotalGold,props_pageProps_match_matchInfo_games_0_gameGold_236___typename,props_pageProps_match_matchInfo_games_0_gameGold_236_gameTime,props_pageProps_match_matchInfo_games_0_gameGold_236_goldDifference,props_pageProps_match_matchInfo_games_0_gameGold_236_team1Perid,props_pageProps_match_matchInfo_games_0_gameGold_236_team1TotalGold,props_pageProps_match_matchInfo_games_0_gameGold_236_team2Perid,props_pageProps_match_matchInfo_games_0_gameGold_236_team2TotalGold,props_pageProps_match_matchInfo_games_0_gameGold_237___typename,props_pageProps_match_matchInfo_games_0_gameGold_237_gameTime,props_pageProps_match_matchInfo_games_0_gameGold_237_goldDifference,props_pageProps_match_matchInfo_games_0_gameGold_237_team1Perid,props_pageProps_match_matchInfo_games_0_gameGold_237_team1TotalGold,props_pageProps_match_matchInfo_games_0_gameGold_237_team2Perid,props_pageProps_match_matchInfo_games_0_gameGold_237_team2TotalGold,props_pageProps_match_matchInfo_games_0_gameGold_238___typename,props_pageProps_match_matchInfo_games_0_gameGold_238_gameTime,props_pageProps_match_matchInfo_games_0_gameGold_238_goldDifference,props_pageProps_match_matchInfo_games_0_gameGold_238_team1Perid,props_pageProps_match_matchInfo_games_0_gameGold_238_team1TotalGold,props_pageProps_match_matchInfo_games_0_gameGold_238_team2Perid,props_pageProps_match_matchInfo_games_0_gameGold_238_team2TotalGold,props_pageProps_match_matchInfo_games_0_gameGold_239___typename,props_pageProps_match_matchInfo_games_0_gameGold_239_gameTime,props_pageProps_match_matchInfo_games_0_gameGold_239_goldDifference,props_pageProps_match_matchInfo_games_0_gameGold_239_team1Perid,props_pageProps_match_matchInfo_games_0_gameGold_239_team1TotalGold,props_pageProps_match_matchInfo_games_0_gameGold_239_team2Perid,props_pageProps_match_matchInfo_games_0_gameGold_239_team2TotalGold,props_pageProps_match_matchInfo_games_0_gameGold_240___typename,props_pageProps_match_matchInfo_games_0_gameGold_240_gameTime,props_pageProps_match_matchInfo_games_0_gameGold_240_goldDifference,props_pageProps_match_matchInfo_games_0_gameGold_240_team1Perid,props_pageProps_match_matchInfo_games_0_gameGold_240_team1TotalGold,props_pageProps_match_matchInfo_games_0_gameGold_240_team2Perid,props_pageProps_match_matchInfo_games_0_gameGold_240_team2TotalGold,props_pageProps_match_matchInfo_games_0_gameGold_241___typename,props_pageProps_match_matchInfo_games_0_gameGold_241_gameTime,props_pageProps_match_matchInfo_games_0_gameGold_241_goldDifference,props_pageProps_match_matchInfo_games_0_gameGold_241_team1Perid,props_pageProps_match_matchInfo_games_0_gameGold_241_team1TotalGold,props_pageProps_match_matchInfo_games_0_gameGold_241_team2Perid,props_pageProps_match_matchInfo_games_0_gameGold_241_team2TotalGold,props_pageProps_match_matchInfo_games_0_gameGold_242___typename,props_pageProps_match_matchInfo_games_0_gameGold_242_gameTime,props_pageProps_match_matchInfo_games_0_gameGold_242_goldDifference,props_pageProps_match_matchInfo_games_0_gameGold_242_team1Perid,props_pageProps_match_matchInfo_games_0_gameGold_242_team1TotalGold,props_pageProps_match_matchInfo_games_0_gameGold_242_team2Perid,props_pageProps_match_matchInfo_games_0_gameGold_242_team2TotalGold,props_pageProps_match_matchInfo_games_0_gameGold_243___typename,props_pageProps_match_matchInfo_games_0_gameGold_243_gameTime,props_pageProps_match_matchInfo_games_0_gameGold_243_goldDifference,props_pageProps_match_matchInfo_games_0_gameGold_243_team1Perid,props_pageProps_match_matchInfo_games_0_gameGold_243_team1TotalGold,props_pageProps_match_matchInfo_games_0_gameGold_243_team2Perid,props_pageProps_match_matchInfo_games_0_gameGold_243_team2TotalGold,props_pageProps_match_matchInfo_games_0_gameGold_244___typename,props_pageProps_match_matchInfo_games_0_gameGold_244_gameTime,props_pageProps_match_matchInfo_games_0_gameGold_244_goldDifference,props_pageProps_match_matchInfo_games_0_gameGold_244_team1Perid,props_pageProps_match_matchInfo_games_0_gameGold_244_team1TotalGold,props_pageProps_match_matchInfo_games_0_gameGold_244_team2Perid,props_pageProps_match_matchInfo_games_0_gameGold_244_team2TotalGold,props_pageProps_match_matchInfo_games_0_gameGold_245___typename,props_pageProps_match_matchInfo_games_0_gameGold_245_gameTime,props_pageProps_match_matchInfo_games_0_gameGold_245_goldDifference,props_pageProps_match_matchInfo_games_0_gameGold_245_team1Perid,props_pageProps_match_matchInfo_games_0_gameGold_245_team1TotalGold,props_pageProps_match_matchInfo_games_0_gameGold_245_team2Perid,props_pageProps_match_matchInfo_games_0_gameGold_245_team2TotalGold,props_pageProps_match_matchInfo_games_0_gameGold_246___typename,props_pageProps_match_matchInfo_games_0_gameGold_246_gameTime,props_pageProps_match_matchInfo_games_0_gameGold_246_goldDifference,props_pageProps_match_matchInfo_games_0_gameGold_246_team1Perid,props_pageProps_match_matchInfo_games_0_gameGold_246_team1TotalGold,props_pageProps_match_matchInfo_games_0_gameGold_246_team2Perid,props_pageProps_match_matchInfo_games_0_gameGold_246_team2TotalGold,props_pageProps_match_matchInfo_games_0_gameGold_247___typename,props_pageProps_match_matchInfo_games_0_gameGold_247_gameTime,props_pageProps_match_matchInfo_games_0_gameGold_247_goldDifference,props_pageProps_match_matchInfo_games_0_gameGold_247_team1Perid,props_pageProps_match_matchInfo_games_0_gameGold_247_team1TotalGold,props_pageProps_match_matchInfo_games_0_gameGold_247_team2Perid,props_pageProps_match_matchInfo_games_0_gameGold_247_team2TotalGold,props_pageProps_match_matchInfo_games_0_gameGold_248___typename,props_pageProps_match_matchInfo_games_0_gameGold_248_gameTime,props_pageProps_match_matchInfo_games_0_gameGold_248_goldDifference,props_pageProps_match_matchInfo_games_0_gameGold_248_team1Perid,props_pageProps_match_matchInfo_games_0_gameGold_248_team1TotalGold,props_pageProps_match_matchInfo_games_0_gameGold_248_team2Perid,props_pageProps_match_matchInfo_games_0_gameGold_248_team2TotalGold,props_pageProps_match_matchInfo_games_0_gameGold_249___typename,props_pageProps_match_matchInfo_games_0_gameGold_249_gameTime,props_pageProps_match_matchInfo_games_0_gameGold_249_goldDifference,props_pageProps_match_matchInfo_games_0_gameGold_249_team1Perid,props_pageProps_match_matchInfo_games_0_gameGold_249_team1TotalGold,props_pageProps_match_matchInfo_games_0_gameGold_249_team2Perid,props_pageProps_match_matchInfo_games_0_gameGold_249_team2TotalGold,props_pageProps_match_matchInfo_games_0_gameGold_250___typename,props_pageProps_match_matchInfo_games_0_gameGold_250_gameTime,props_pageProps_match_matchInfo_games_0_gameGold_250_goldDifference,props_pageProps_match_matchInfo_games_0_gameGold_250_team1Perid,props_pageProps_match_matchInfo_games_0_gameGold_250_team1TotalGold,props_pageProps_match_matchInfo_games_0_gameGold_250_team2Perid,props_pageProps_match_matchInfo_games_0_gameGold_250_team2TotalGold,props_pageProps_match_matchInfo_games_0_gameGold_251___typename,props_pageProps_match_matchInfo_games_0_gameGold_251_gameTime,props_pageProps_match_matchInfo_games_0_gameGold_251_goldDifference,props_pageProps_match_matchInfo_games_0_gameGold_251_team1Perid,props_pageProps_match_matchInfo_games_0_gameGold_251_team1TotalGold,props_pageProps_match_matchInfo_games_0_gameGold_251_team2Perid,props_pageProps_match_matchInfo_games_0_gameGold_251_team2TotalGold,props_pageProps_match_matchInfo_games_0_gameGold_252___typename,props_pageProps_match_matchInfo_games_0_gameGold_252_gameTime,props_pageProps_match_matchInfo_games_0_gameGold_252_goldDifference,props_pageProps_match_matchInfo_games_0_gameGold_252_team1Perid,props_pageProps_match_matchInfo_games_0_gameGold_252_team1TotalGold,props_pageProps_match_matchInfo_games_0_gameGold_252_team2Perid,props_pageProps_match_matchInfo_games_0_gameGold_252_team2TotalGold,props_pageProps_match_matchInfo_games_0_gameGold_253___typename,props_pageProps_match_matchInfo_games_0_gameGold_253_gameTime,props_pageProps_match_matchInfo_games_0_gameGold_253_goldDifference,props_pageProps_match_matchInfo_games_0_gameGold_253_team1Perid,props_pageProps_match_matchInfo_games_0_gameGold_253_team1TotalGold,props_pageProps_match_matchInfo_games_0_gameGold_253_team2Perid,props_pageProps_match_matchInfo_games_0_gameGold_253_team2TotalGold,props_pageProps_match_matchInfo_games_0_gameGold_254___typename,props_pageProps_match_matchInfo_games_0_gameGold_254_gameTime,props_pageProps_match_matchInfo_games_0_gameGold_254_goldDifference,props_pageProps_match_matchInfo_games_0_gameGold_254_team1Perid,props_pageProps_match_matchInfo_games_0_gameGold_254_team1TotalGold,props_pageProps_match_matchInfo_games_0_gameGold_254_team2Perid,props_pageProps_match_matchInfo_games_0_gameGold_254_team2TotalGold,props_pageProps_match_matchInfo_games_0_gameGold_255___typename,props_pageProps_match_matchInfo_games_0_gameGold_255_gameTime,props_pageProps_match_matchInfo_games_0_gameGold_255_goldDifference,props_pageProps_match_matchInfo_games_0_gameGold_255_team1Perid,props_pageProps_match_matchInfo_games_0_gameGold_255_team1TotalGold,props_pageProps_match_matchInfo_games_0_gameGold_255_team2Perid,props_pageProps_match_matchInfo_games_0_gameGold_255_team2TotalGold,props_pageProps_match_matchInfo_games_0_gameGold_256___typename,props_pageProps_match_matchInfo_games_0_gameGold_256_gameTime,props_pageProps_match_matchInfo_games_0_gameGold_256_goldDifference,props_pageProps_match_matchInfo_games_0_gameGold_256_team1Perid,props_pageProps_match_matchInfo_games_0_gameGold_256_team1TotalGold,props_pageProps_match_matchInfo_games_0_gameGold_256_team2Perid,props_pageProps_match_matchInfo_games_0_gameGold_256_team2TotalGold,props_pageProps_match_matchInfo_games_0_gameGold_257___typename,props_pageProps_match_matchInfo_games_0_gameGold_257_gameTime,props_pageProps_match_matchInfo_games_0_gameGold_257_goldDifference,props_pageProps_match_matchInfo_games_0_gameGold_257_team1Perid,props_pageProps_match_matchInfo_games_0_gameGold_257_team1TotalGold,props_pageProps_match_matchInfo_games_0_gameGold_257_team2Perid,props_pageProps_match_matchInfo_games_0_gameGold_257_team2TotalGold,props_pageProps_match_matchInfo_games_0_gameGold_258___typename,props_pageProps_match_matchInfo_games_0_gameGold_258_gameTime,props_pageProps_match_matchInfo_games_0_gameGold_258_goldDifference,props_pageProps_match_matchInfo_games_0_gameGold_258_team1Perid,props_pageProps_match_matchInfo_games_0_gameGold_258_team1TotalGold,props_pageProps_match_matchInfo_games_0_gameGold_258_team2Perid,props_pageProps_match_matchInfo_games_0_gameGold_258_team2TotalGold,props_pageProps_match_matchInfo_games_0_gameGold_259___typename,props_pageProps_match_matchInfo_games_0_gameGold_259_gameTime,props_pageProps_match_matchInfo_games_0_gameGold_259_goldDifference,props_pageProps_match_matchInfo_games_0_gameGold_259_team1Perid,props_pageProps_match_matchInfo_games_0_gameGold_259_team1TotalGold,props_pageProps_match_matchInfo_games_0_gameGold_259_team2Perid,props_pageProps_match_matchInfo_games_0_gameGold_259_team2TotalGold,props_pageProps_match_matchInfo_games_0_gameGold_260___typename,props_pageProps_match_matchInfo_games_0_gameGold_260_gameTime,props_pageProps_match_matchInfo_games_0_gameGold_260_goldDifference,props_pageProps_match_matchInfo_games_0_gameGold_260_team1Perid,props_pageProps_match_matchInfo_games_0_gameGold_260_team1TotalGold,props_pageProps_match_matchInfo_games_0_gameGold_260_team2Perid,props_pageProps_match_matchInfo_games_0_gameGold_260_team2TotalGold,props_pageProps_match_matchInfo_games_0_gameGold_261___typename,props_pageProps_match_matchInfo_games_0_gameGold_261_gameTime,props_pageProps_match_matchInfo_games_0_gameGold_261_goldDifference,props_pageProps_match_matchInfo_games_0_gameGold_261_team1Perid,props_pageProps_match_matchInfo_games_0_gameGold_261_team1TotalGold,props_pageProps_match_matchInfo_games_0_gameGold_261_team2Perid,props_pageProps_match_matchInfo_games_0_gameGold_261_team2TotalGold,props_pageProps_match_matchInfo_games_0_gameGold_262___typename,props_pageProps_match_matchInfo_games_0_gameGold_262_gameTime,props_pageProps_match_matchInfo_games_0_gameGold_262_goldDifference,props_pageProps_match_matchInfo_games_0_gameGold_262_team1Perid,props_pageProps_match_matchInfo_games_0_gameGold_262_team1TotalGold,props_pageProps_match_matchInfo_games_0_gameGold_262_team2Perid,props_pageProps_match_matchInfo_games_0_gameGold_262_team2TotalGold,props_pageProps_match_matchInfo_games_0_gameGold_263___typename,props_pageProps_match_matchInfo_games_0_gameGold_263_gameTime,props_pageProps_match_matchInfo_games_0_gameGold_263_goldDifference,props_pageProps_match_matchInfo_games_0_gameGold_263_team1Perid,props_pageProps_match_matchInfo_games_0_gameGold_263_team1TotalGold,props_pageProps_match_matchInfo_games_0_gameGold_263_team2Perid,props_pageProps_match_matchInfo_games_0_gameGold_263_team2TotalGold,props_pageProps_match_matchInfo_games_0_gameGold_264___typename,props_pageProps_match_matchInfo_games_0_gameGold_264_gameTime,props_pageProps_match_matchInfo_games_0_gameGold_264_goldDifference,props_pageProps_match_matchInfo_games_0_gameGold_264_team1Perid,props_pageProps_match_matchInfo_games_0_gameGold_264_team1TotalGold,props_pageProps_match_matchInfo_games_0_gameGold_264_team2Perid,props_pageProps_match_matchInfo_games_0_gameGold_264_team2TotalGold,props_pageProps_match_matchInfo_games_0_gameGold_265___typename,props_pageProps_match_matchInfo_games_0_gameGold_265_gameTime,props_pageProps_match_matchInfo_games_0_gameGold_265_goldDifference,props_pageProps_match_matchInfo_games_0_gameGold_265_team1Perid,props_pageProps_match_matchInfo_games_0_gameGold_265_team1TotalGold,props_pageProps_match_matchInfo_games_0_gameGold_265_team2Perid,props_pageProps_match_matchInfo_games_0_gameGold_265_team2TotalGold,props_pageProps_match_matchInfo_games_0_gameGold_266___typename,props_pageProps_match_matchInfo_games_0_gameGold_266_gameTime,props_pageProps_match_matchInfo_games_0_gameGold_266_goldDifference,props_pageProps_match_matchInfo_games_0_gameGold_266_team1Perid,props_pageProps_match_matchInfo_games_0_gameGold_266_team1TotalGold,props_pageProps_match_matchInfo_games_0_gameGold_266_team2Perid,props_pageProps_match_matchInfo_games_0_gameGold_266_team2TotalGold,props_pageProps_match_matchInfo_games_0_gameGold_267___typename,props_pageProps_match_matchInfo_games_0_gameGold_267_gameTime,props_pageProps_match_matchInfo_games_0_gameGold_267_goldDifference,props_pageProps_match_matchInfo_games_0_gameGold_267_team1Perid,props_pageProps_match_matchInfo_games_0_gameGold_267_team1TotalGold,props_pageProps_match_matchInfo_games_0_gameGold_267_team2Perid,props_pageProps_match_matchInfo_games_0_gameGold_267_team2TotalGold,props_pageProps_match_matchInfo_games_0_gameGold_268___typename,props_pageProps_match_matchInfo_games_0_gameGold_268_gameTime,props_pageProps_match_matchInfo_games_0_gameGold_268_goldDifference,props_pageProps_match_matchInfo_games_0_gameGold_268_team1Perid,props_pageProps_match_matchInfo_games_0_gameGold_268_team1TotalGold,props_pageProps_match_matchInfo_games_0_gameGold_268_team2Perid,props_pageProps_match_matchInfo_games_0_gameGold_268_team2TotalGold,props_pageProps_match_matchInfo_games_0_gameGold_269___typename,props_pageProps_match_matchInfo_games_0_gameGold_269_gameTime,props_pageProps_match_matchInfo_games_0_gameGold_269_goldDifference,props_pageProps_match_matchInfo_games_0_gameGold_269_team1Perid,props_pageProps_match_matchInfo_games_0_gameGold_269_team1TotalGold,props_pageProps_match_matchInfo_games_0_gameGold_269_team2Perid,props_pageProps_match_matchInfo_games_0_gameGold_269_team2TotalGold,props_pageProps_match_matchInfo_games_0_gameGold_270___typename,props_pageProps_match_matchInfo_games_0_gameGold_270_gameTime,props_pageProps_match_matchInfo_games_0_gameGold_270_goldDifference,props_pageProps_match_matchInfo_games_0_gameGold_270_team1Perid,props_pageProps_match_matchInfo_games_0_gameGold_270_team1TotalGold,props_pageProps_match_matchInfo_games_0_gameGold_270_team2Perid,props_pageProps_match_matchInfo_games_0_gameGold_270_team2TotalGold,props_pageProps_match_matchInfo_games_0_gameGold_271___typename,props_pageProps_match_matchInfo_games_0_gameGold_271_gameTime,props_pageProps_match_matchInfo_games_0_gameGold_271_goldDifference,props_pageProps_match_matchInfo_games_0_gameGold_271_team1Perid,props_pageProps_match_matchInfo_games_0_gameGold_271_team1TotalGold,props_pageProps_match_matchInfo_games_0_gameGold_271_team2Perid,props_pageProps_match_matchInfo_games_0_gameGold_271_team2TotalGold,props_pageProps_match_matchInfo_games_0_gameGold_272___typename,props_pageProps_match_matchInfo_games_0_gameGold_272_gameTime,props_pageProps_match_matchInfo_games_0_gameGold_272_goldDifference,props_pageProps_match_matchInfo_games_0_gameGold_272_team1Perid,props_pageProps_match_matchInfo_games_0_gameGold_272_team1TotalGold,props_pageProps_match_matchInfo_games_0_gameGold_272_team2Perid,props_pageProps_match_matchInfo_games_0_gameGold_272_team2TotalGold,props_pageProps_match_matchInfo_games_0_gameGold_273___typename,props_pageProps_match_matchInfo_games_0_gameGold_273_gameTime,props_pageProps_match_matchInfo_games_0_gameGold_273_goldDifference,props_pageProps_match_matchInfo_games_0_gameGold_273_team1Perid,props_pageProps_match_matchInfo_games_0_gameGold_273_team1TotalGold,props_pageProps_match_matchInfo_games_0_gameGold_273_team2Perid,props_pageProps_match_matchInfo_games_0_gameGold_273_team2TotalGold,props_pageProps_match_matchInfo_games_0_gameGold_274___typename,props_pageProps_match_matchInfo_games_0_gameGold_274_gameTime,props_pageProps_match_matchInfo_games_0_gameGold_274_goldDifference,props_pageProps_match_matchInfo_games_0_gameGold_274_team1Perid,props_pageProps_match_matchInfo_games_0_gameGold_274_team1TotalGold,props_pageProps_match_matchInfo_games_0_gameGold_274_team2Perid,props_pageProps_match_matchInfo_games_0_gameGold_274_team2TotalGold,props_pageProps_match_matchInfo_games_0_gameGold_275___typename,props_pageProps_match_matchInfo_games_0_gameGold_275_gameTime,props_pageProps_match_matchInfo_games_0_gameGold_275_goldDifference,props_pageProps_match_matchInfo_games_0_gameGold_275_team1Perid,props_pageProps_match_matchInfo_games_0_gameGold_275_team1TotalGold,props_pageProps_match_matchInfo_games_0_gameGold_275_team2Perid,props_pageProps_match_matchInfo_games_0_gameGold_275_team2TotalGold,props_pageProps_match_matchInfo_games_0_gameGold_276___typename,props_pageProps_match_matchInfo_games_0_gameGold_276_gameTime,props_pageProps_match_matchInfo_games_0_gameGold_276_goldDifference,props_pageProps_match_matchInfo_games_0_gameGold_276_team1Perid,props_pageProps_match_matchInfo_games_0_gameGold_276_team1TotalGold,props_pageProps_match_matchInfo_games_0_gameGold_276_team2Perid,props_pageProps_match_matchInfo_games_0_gameGold_276_team2TotalGold,props_pageProps_match_matchInfo_games_0_gameGold_277___typename,props_pageProps_match_matchInfo_games_0_gameGold_277_gameTime,props_pageProps_match_matchInfo_games_0_gameGold_277_goldDifference,props_pageProps_match_matchInfo_games_0_gameGold_277_team1Perid,props_pageProps_match_matchInfo_games_0_gameGold_277_team1TotalGold,props_pageProps_match_matchInfo_games_0_gameGold_277_team2Perid,props_pageProps_match_matchInfo_games_0_gameGold_277_team2TotalGold,props_pageProps_match_matchInfo_games_0_gameGold_278___typename,props_pageProps_match_matchInfo_games_0_gameGold_278_gameTime,props_pageProps_match_matchInfo_games_0_gameGold_278_goldDifference,props_pageProps_match_matchInfo_games_0_gameGold_278_team1Perid,props_pageProps_match_matchInfo_games_0_gameGold_278_team1TotalGold,props_pageProps_match_matchInfo_games_0_gameGold_278_team2Perid,props_pageProps_match_matchInfo_games_0_gameGold_278_team2TotalGold,props_pageProps_match_matchInfo_games_0_gameGold_279___typename,props_pageProps_match_matchInfo_games_0_gameGold_279_gameTime,props_pageProps_match_matchInfo_games_0_gameGold_279_goldDifference,props_pageProps_match_matchInfo_games_0_gameGold_279_team1Perid,props_pageProps_match_matchInfo_games_0_gameGold_279_team1TotalGold,props_pageProps_match_matchInfo_games_0_gameGold_279_team2Perid,props_pageProps_match_matchInfo_games_0_gameGold_279_team2TotalGold,props_pageProps_match_matchInfo_games_0_gameGold_280___typename,props_pageProps_match_matchInfo_games_0_gameGold_280_gameTime,props_pageProps_match_matchInfo_games_0_gameGold_280_goldDifference,props_pageProps_match_matchInfo_games_0_gameGold_280_team1Perid,props_pageProps_match_matchInfo_games_0_gameGold_280_team1TotalGold,props_pageProps_match_matchInfo_games_0_gameGold_280_team2Perid,props_pageProps_match_matchInfo_games_0_gameGold_280_team2TotalGold,props_pageProps_match_matchInfo_games_0_gameGold_281___typename,props_pageProps_match_matchInfo_games_0_gameGold_281_gameTime,props_pageProps_match_matchInfo_games_0_gameGold_281_goldDifference,props_pageProps_match_matchInfo_games_0_gameGold_281_team1Perid,props_pageProps_match_matchInfo_games_0_gameGold_281_team1TotalGold,props_pageProps_match_matchInfo_games_0_gameGold_281_team2Perid,props_pageProps_match_matchInfo_games_0_gameGold_281_team2TotalGold,props_pageProps_match_matchInfo_games_0_gameGold_282___typename,props_pageProps_match_matchInfo_games_0_gameGold_282_gameTime,props_pageProps_match_matchInfo_games_0_gameGold_282_goldDifference,props_pageProps_match_matchInfo_games_0_gameGold_282_team1Perid,props_pageProps_match_matchInfo_games_0_gameGold_282_team1TotalGold,props_pageProps_match_matchInfo_games_0_gameGold_282_team2Perid,props_pageProps_match_matchInfo_games_0_gameGold_282_team2TotalGold,props_pageProps_match_matchInfo_games_0_gameGold_283___typename,props_pageProps_match_matchInfo_games_0_gameGold_283_gameTime,props_pageProps_match_matchInfo_games_0_gameGold_283_goldDifference,props_pageProps_match_matchInfo_games_0_gameGold_283_team1Perid,props_pageProps_match_matchInfo_games_0_gameGold_283_team1TotalGold,props_pageProps_match_matchInfo_games_0_gameGold_283_team2Perid,props_pageProps_match_matchInfo_games_0_gameGold_283_team2TotalGold,props_pageProps_match_matchInfo_games_0_gameGold_284___typename,props_pageProps_match_matchInfo_games_0_gameGold_284_gameTime,props_pageProps_match_matchInfo_games_0_gameGold_284_goldDifference,props_pageProps_match_matchInfo_games_0_gameGold_284_team1Perid,props_pageProps_match_matchInfo_games_0_gameGold_284_team1TotalGold,props_pageProps_match_matchInfo_games_0_gameGold_284_team2Perid,props_pageProps_match_matchInfo_games_0_gameGold_284_team2TotalGold,props_pageProps_match_matchInfo_games_0_gameGold_285___typename,props_pageProps_match_matchInfo_games_0_gameGold_285_gameTime,props_pageProps_match_matchInfo_games_0_gameGold_285_goldDifference,props_pageProps_match_matchInfo_games_0_gameGold_285_team1Perid,props_pageProps_match_matchInfo_games_0_gameGold_285_team1TotalGold,props_pageProps_match_matchInfo_games_0_gameGold_285_team2Perid,props_pageProps_match_matchInfo_games_0_gameGold_285_team2TotalGold,props_pageProps_match_matchInfo_games_0_gameGold_286___typename,props_pageProps_match_matchInfo_games_0_gameGold_286_gameTime,props_pageProps_match_matchInfo_games_0_gameGold_286_goldDifference,props_pageProps_match_matchInfo_games_0_gameGold_286_team1Perid,props_pageProps_match_matchInfo_games_0_gameGold_286_team1TotalGold,props_pageProps_match_matchInfo_games_0_gameGold_286_team2Perid,props_pageProps_match_matchInfo_games_0_gameGold_286_team2TotalGold,props_pageProps_match_matchInfo_games_0_gameGold_287___typename,props_pageProps_match_matchInfo_games_0_gameGold_287_gameTime,props_pageProps_match_matchInfo_games_0_gameGold_287_goldDifference,props_pageProps_match_matchInfo_games_0_gameGold_287_team1Perid,props_pageProps_match_matchInfo_games_0_gameGold_287_team1TotalGold,props_pageProps_match_matchInfo_games_0_gameGold_287_team2Perid,props_pageProps_match_matchInfo_games_0_gameGold_287_team2TotalGold,props_pageProps_match_matchInfo_games_0_gameGold_288___typename,props_pageProps_match_matchInfo_games_0_gameGold_288_gameTime,props_pageProps_match_matchInfo_games_0_gameGold_288_goldDifference,props_pageProps_match_matchInfo_games_0_gameGold_288_team1Perid,props_pageProps_match_matchInfo_games_0_gameGold_288_team1TotalGold,props_pageProps_match_matchInfo_games_0_gameGold_288_team2Perid,props_pageProps_match_matchInfo_games_0_gameGold_288_team2TotalGold,props_pageProps_match_matchInfo_games_0_gameGold_289___typename,props_pageProps_match_matchInfo_games_0_gameGold_289_gameTime,props_pageProps_match_matchInfo_games_0_gameGold_289_goldDifference,props_pageProps_match_matchInfo_games_0_gameGold_289_team1Perid,props_pageProps_match_matchInfo_games_0_gameGold_289_team1TotalGold,props_pageProps_match_matchInfo_games_0_gameGold_289_team2Perid,props_pageProps_match_matchInfo_games_0_gameGold_289_team2TotalGold,props_pageProps_match_matchInfo_games_0_gameGold_290___typename,props_pageProps_match_matchInfo_games_0_gameGold_290_gameTime,props_pageProps_match_matchInfo_games_0_gameGold_290_goldDifference,props_pageProps_match_matchInfo_games_0_gameGold_290_team1Perid,props_pageProps_match_matchInfo_games_0_gameGold_290_team1TotalGold,props_pageProps_match_matchInfo_games_0_gameGold_290_team2Perid,props_pageProps_match_matchInfo_games_0_gameGold_290_team2TotalGold,props_pageProps_match_matchInfo_games_0_gameGold_291___typename,props_pageProps_match_matchInfo_games_0_gameGold_291_gameTime,props_pageProps_match_matchInfo_games_0_gameGold_291_goldDifference,props_pageProps_match_matchInfo_games_0_gameGold_291_team1Perid,props_pageProps_match_matchInfo_games_0_gameGold_291_team1TotalGold,props_pageProps_match_matchInfo_games_0_gameGold_291_team2Perid,props_pageProps_match_matchInfo_games_0_gameGold_291_team2TotalGold,props_pageProps_match_matchInfo_games_0_gameGold_292___typename,props_pageProps_match_matchInfo_games_0_gameGold_292_gameTime,props_pageProps_match_matchInfo_games_0_gameGold_292_goldDifference,props_pageProps_match_matchInfo_games_0_gameGold_292_team1Perid,props_pageProps_match_matchInfo_games_0_gameGold_292_team1TotalGold,props_pageProps_match_matchInfo_games_0_gameGold_292_team2Perid,props_pageProps_match_matchInfo_games_0_gameGold_292_team2TotalGold,props_pageProps_match_matchInfo_games_0_gameGold_293___typename,props_pageProps_match_matchInfo_games_0_gameGold_293_gameTime,props_pageProps_match_matchInfo_games_0_gameGold_293_goldDifference,props_pageProps_match_matchInfo_games_0_gameGold_293_team1Perid,props_pageProps_match_matchInfo_games_0_gameGold_293_team1TotalGold,props_pageProps_match_matchInfo_games_0_gameGold_293_team2Perid,props_pageProps_match_matchInfo_games_0_gameGold_293_team2TotalGold,props_pageProps_match_matchInfo_games_0_gameGold_294___typename,props_pageProps_match_matchInfo_games_0_gameGold_294_gameTime,props_pageProps_match_matchInfo_games_0_gameGold_294_goldDifference,props_pageProps_match_matchInfo_games_0_gameGold_294_team1Perid,props_pageProps_match_matchInfo_games_0_gameGold_294_team1TotalGold,props_pageProps_match_matchInfo_games_0_gameGold_294_team2Perid,props_pageProps_match_matchInfo_games_0_gameGold_294_team2TotalGold,props_pageProps_match_matchInfo_games_0_gameGold_295___typename,props_pageProps_match_matchInfo_games_0_gameGold_295_gameTime,props_pageProps_match_matchInfo_games_0_gameGold_295_goldDifference,props_pageProps_match_matchInfo_games_0_gameGold_295_team1Perid,props_pageProps_match_matchInfo_games_0_gameGold_295_team1TotalGold,props_pageProps_match_matchInfo_games_0_gameGold_295_team2Perid,props_pageProps_match_matchInfo_games_0_gameGold_295_team2TotalGold,props_pageProps_match_matchInfo_games_0_gameGold_296___typename,props_pageProps_match_matchInfo_games_0_gameGold_296_gameTime,props_pageProps_match_matchInfo_games_0_gameGold_296_goldDifference,props_pageProps_match_matchInfo_games_0_gameGold_296_team1Perid,props_pageProps_match_matchInfo_games_0_gameGold_296_team1TotalGold,props_pageProps_match_matchInfo_games_0_gameGold_296_team2Perid,props_pageProps_match_matchInfo_games_0_gameGold_296_team2TotalGold,props_pageProps_match_matchInfo_games_0_gameGold_297___typename,props_pageProps_match_matchInfo_games_0_gameGold_297_gameTime,props_pageProps_match_matchInfo_games_0_gameGold_297_goldDifference,props_pageProps_match_matchInfo_games_0_gameGold_297_team1Perid,props_pageProps_match_matchInfo_games_0_gameGold_297_team1TotalGold,props_pageProps_match_matchInfo_games_0_gameGold_297_team2Perid,props_pageProps_match_matchInfo_games_0_gameGold_297_team2TotalGold,props_pageProps_match_matchInfo_games_0_gameGold_298___typename,props_pageProps_match_matchInfo_games_0_gameGold_298_gameTime,props_pageProps_match_matchInfo_games_0_gameGold_298_goldDifference,props_pageProps_match_matchInfo_games_0_gameGold_298_team1Perid,props_pageProps_match_matchInfo_games_0_gameGold_298_team1TotalGold,props_pageProps_match_matchInfo_games_0_gameGold_298_team2Perid,props_pageProps_match_matchInfo_games_0_gameGold_298_team2TotalGold,props_pageProps_match_matchInfo_games_0_gameGold_299___typename,props_pageProps_match_matchInfo_games_0_gameGold_299_gameTime,props_pageProps_match_matchInfo_games_0_gameGold_299_goldDifference,props_pageProps_match_matchInfo_games_0_gameGold_299_team1Perid,props_pageProps_match_matchInfo_games_0_gameGold_299_team1TotalGold,props_pageProps_match_matchInfo_games_0_gameGold_299_team2Perid,props_pageProps_match_matchInfo_games_0_gameGold_299_team2TotalGold,props_pageProps_match_matchInfo_games_0_gameGold_300___typename,props_pageProps_match_matchInfo_games_0_gameGold_300_gameTime,props_pageProps_match_matchInfo_games_0_gameGold_300_goldDifference,props_pageProps_match_matchInfo_games_0_gameGold_300_team1Perid,props_pageProps_match_matchInfo_games_0_gameGold_300_team1TotalGold,props_pageProps_match_matchInfo_games_0_gameGold_300_team2Perid,props_pageProps_match_matchInfo_games_0_gameGold_300_team2TotalGold,props_pageProps_match_matchInfo_games_0_gameGold_301___typename,props_pageProps_match_matchInfo_games_0_gameGold_301_gameTime,props_pageProps_match_matchInfo_games_0_gameGold_301_goldDifference,props_pageProps_match_matchInfo_games_0_gameGold_301_team1Perid,props_pageProps_match_matchInfo_games_0_gameGold_301_team1TotalGold,props_pageProps_match_matchInfo_games_0_gameGold_301_team2Perid,props_pageProps_match_matchInfo_games_0_gameGold_301_team2TotalGold,props_pageProps_match_matchInfo_games_0_gameGold_302___typename,props_pageProps_match_matchInfo_games_0_gameGold_302_gameTime,props_pageProps_match_matchInfo_games_0_gameGold_302_goldDifference,props_pageProps_match_matchInfo_games_0_gameGold_302_team1Perid,props_pageProps_match_matchInfo_games_0_gameGold_302_team1TotalGold,props_pageProps_match_matchInfo_games_0_gameGold_302_team2Perid,props_pageProps_match_matchInfo_games_0_gameGold_302_team2TotalGold,props_pageProps_match_matchInfo_games_0_gameGold_303___typename,props_pageProps_match_matchInfo_games_0_gameGold_303_gameTime,props_pageProps_match_matchInfo_games_0_gameGold_303_goldDifference,props_pageProps_match_matchInfo_games_0_gameGold_303_team1Perid,props_pageProps_match_matchInfo_games_0_gameGold_303_team1TotalGold,props_pageProps_match_matchInfo_games_0_gameGold_303_team2Perid,props_pageProps_match_matchInfo_games_0_gameGold_303_team2TotalGold,props_pageProps_match_matchInfo_games_0_gameGold_304___typename,props_pageProps_match_matchInfo_games_0_gameGold_304_gameTime,props_pageProps_match_matchInfo_games_0_gameGold_304_goldDifference,props_pageProps_match_matchInfo_games_0_gameGold_304_team1Perid,props_pageProps_match_matchInfo_games_0_gameGold_304_team1TotalGold,props_pageProps_match_matchInfo_games_0_gameGold_304_team2Perid,props_pageProps_match_matchInfo_games_0_gameGold_304_team2TotalGold,props_pageProps_match_matchInfo_games_0_gameGold_305___typename,props_pageProps_match_matchInfo_games_0_gameGold_305_gameTime,props_pageProps_match_matchInfo_games_0_gameGold_305_goldDifference,props_pageProps_match_matchInfo_games_0_gameGold_305_team1Perid,props_pageProps_match_matchInfo_games_0_gameGold_305_team1TotalGold,props_pageProps_match_matchInfo_games_0_gameGold_305_team2Perid,props_pageProps_match_matchInfo_games_0_gameGold_305_team2TotalGold,props_pageProps_match_matchInfo_games_0_gameGold_306___typename,props_pageProps_match_matchInfo_games_0_gameGold_306_gameTime,props_pageProps_match_matchInfo_games_0_gameGold_306_goldDifference,props_pageProps_match_matchInfo_games_0_gameGold_306_team1Perid,props_pageProps_match_matchInfo_games_0_gameGold_306_team1TotalGold,props_pageProps_match_matchInfo_games_0_gameGold_306_team2Perid,props_pageProps_match_matchInfo_games_0_gameGold_306_team2TotalGold,props_pageProps_match_matchInfo_games_0_gameGold_307___typename,props_pageProps_match_matchInfo_games_0_gameGold_307_gameTime,props_pageProps_match_matchInfo_games_0_gameGold_307_goldDifference,props_pageProps_match_matchInfo_games_0_gameGold_307_team1Perid,props_pageProps_match_matchInfo_games_0_gameGold_307_team1TotalGold,props_pageProps_match_matchInfo_games_0_gameGold_307_team2Perid,props_pageProps_match_matchInfo_games_0_gameGold_307_team2TotalGold,props_pageProps_match_matchInfo_games_0_gameGold_308___typename,props_pageProps_match_matchInfo_games_0_gameGold_308_gameTime,props_pageProps_match_matchInfo_games_0_gameGold_308_goldDifference,props_pageProps_match_matchInfo_games_0_gameGold_308_team1Perid,props_pageProps_match_matchInfo_games_0_gameGold_308_team1TotalGold,props_pageProps_match_matchInfo_games_0_gameGold_308_team2Perid,props_pageProps_match_matchInfo_games_0_gameGold_308_team2TotalGold,props_pageProps_match_matchInfo_games_0_gameGold_309___typename,props_pageProps_match_matchInfo_games_0_gameGold_309_gameTime,props_pageProps_match_matchInfo_games_0_gameGold_309_goldDifference,props_pageProps_match_matchInfo_games_0_gameGold_309_team1Perid,props_pageProps_match_matchInfo_games_0_gameGold_309_team1TotalGold,props_pageProps_match_matchInfo_games_0_gameGold_309_team2Perid,props_pageProps_match_matchInfo_games_0_gameGold_309_team2TotalGold,props_pageProps_match_matchInfo_games_0_gameGold_310___typename,props_pageProps_match_matchInfo_games_0_gameGold_310_gameTime,props_pageProps_match_matchInfo_games_0_gameGold_310_goldDifference,props_pageProps_match_matchInfo_games_0_gameGold_310_team1Perid,props_pageProps_match_matchInfo_games_0_gameGold_310_team1TotalGold,props_pageProps_match_matchInfo_games_0_gameGold_310_team2Perid,props_pageProps_match_matchInfo_games_0_gameGold_310_team2TotalGold,props_pageProps_match_matchInfo_games_0_gameGold_311___typename,props_pageProps_match_matchInfo_games_0_gameGold_311_gameTime,props_pageProps_match_matchInfo_games_0_gameGold_311_goldDifference,props_pageProps_match_matchInfo_games_0_gameGold_311_team1Perid,props_pageProps_match_matchInfo_games_0_gameGold_311_team1TotalGold,props_pageProps_match_matchInfo_games_0_gameGold_311_team2Perid,props_pageProps_match_matchInfo_games_0_gameGold_311_team2TotalGold,props_pageProps_match_matchInfo_games_0_gameGold_312___typename,props_pageProps_match_matchInfo_games_0_gameGold_312_gameTime,props_pageProps_match_matchInfo_games_0_gameGold_312_goldDifference,props_pageProps_match_matchInfo_games_0_gameGold_312_team1Perid,props_pageProps_match_matchInfo_games_0_gameGold_312_team1TotalGold,props_pageProps_match_matchInfo_games_0_gameGold_312_team2Perid,props_pageProps_match_matchInfo_games_0_gameGold_312_team2TotalGold,props_pageProps_match_matchInfo_games_0_gameGold_313___typename,props_pageProps_match_matchInfo_games_0_gameGold_313_gameTime,props_pageProps_match_matchInfo_games_0_gameGold_313_goldDifference,props_pageProps_match_matchInfo_games_0_gameGold_313_team1Perid,props_pageProps_match_matchInfo_games_0_gameGold_313_team1TotalGold,props_pageProps_match_matchInfo_games_0_gameGold_313_team2Perid,props_pageProps_match_matchInfo_games_0_gameGold_313_team2TotalGold,props_pageProps_match_matchInfo_games_0_gameGold_314___typename,props_pageProps_match_matchInfo_games_0_gameGold_314_gameTime,props_pageProps_match_matchInfo_games_0_gameGold_314_goldDifference,props_pageProps_match_matchInfo_games_0_gameGold_314_team1Perid,props_pageProps_match_matchInfo_games_0_gameGold_314_team1TotalGold,props_pageProps_match_matchInfo_games_0_gameGold_314_team2Perid,props_pageProps_match_matchInfo_games_0_gameGold_314_team2TotalGold,props_pageProps_match_matchInfo_games_0_gameGold_315___typename,props_pageProps_match_matchInfo_games_0_gameGold_315_gameTime,props_pageProps_match_matchInfo_games_0_gameGold_315_goldDifference,props_pageProps_match_matchInfo_games_0_gameGold_315_team1Perid,props_pageProps_match_matchInfo_games_0_gameGold_315_team1TotalGold,props_pageProps_match_matchInfo_games_0_gameGold_315_team2Perid,props_pageProps_match_matchInfo_games_0_gameGold_315_team2TotalGold,props_pageProps_match_matchInfo_games_0_gameGold_316___typename,props_pageProps_match_matchInfo_games_0_gameGold_316_gameTime,props_pageProps_match_matchInfo_games_0_gameGold_316_goldDifference,props_pageProps_match_matchInfo_games_0_gameGold_316_team1Perid,props_pageProps_match_matchInfo_games_0_gameGold_316_team1TotalGold,props_pageProps_match_matchInfo_games_0_gameGold_316_team2Perid,props_pageProps_match_matchInfo_games_0_gameGold_316_team2TotalGold,props_pageProps_match_matchInfo_games_0_gameGold_317___typename,props_pageProps_match_matchInfo_games_0_gameGold_317_gameTime,props_pageProps_match_matchInfo_games_0_gameGold_317_goldDifference,props_pageProps_match_matchInfo_games_0_gameGold_317_team1Perid,props_pageProps_match_matchInfo_games_0_gameGold_317_team1TotalGold,props_pageProps_match_matchInfo_games_0_gameGold_317_team2Perid,props_pageProps_match_matchInfo_games_0_gameGold_317_team2TotalGold,props_pageProps_match_matchInfo_games_0_gameGold_318___typename,props_pageProps_match_matchInfo_games_0_gameGold_318_gameTime,props_pageProps_match_matchInfo_games_0_gameGold_318_goldDifference,props_pageProps_match_matchInfo_games_0_gameGold_318_team1Perid,props_pageProps_match_matchInfo_games_0_gameGold_318_team1TotalGold,props_pageProps_match_matchInfo_games_0_gameGold_318_team2Perid,props_pageProps_match_matchInfo_games_0_gameGold_318_team2TotalGold,props_pageProps_match_matchInfo_games_0_gameGold_319___typename,props_pageProps_match_matchInfo_games_0_gameGold_319_gameTime,props_pageProps_match_matchInfo_games_0_gameGold_319_goldDifference,props_pageProps_match_matchInfo_games_0_gameGold_319_team1Perid,props_pageProps_match_matchInfo_games_0_gameGold_319_team1TotalGold,props_pageProps_match_matchInfo_games_0_gameGold_319_team2Perid,props_pageProps_match_matchInfo_games_0_gameGold_319_team2TotalGold,props_pageProps_match_matchInfo_games_0_gameGold_320___typename,props_pageProps_match_matchInfo_games_0_gameGold_320_gameTime,props_pageProps_match_matchInfo_games_0_gameGold_320_goldDifference,props_pageProps_match_matchInfo_games_0_gameGold_320_team1Perid,props_pageProps_match_matchInfo_games_0_gameGold_320_team1TotalGold,props_pageProps_match_matchInfo_games_0_gameGold_320_team2Perid,props_pageProps_match_matchInfo_games_0_gameGold_320_team2TotalGold,props_pageProps_match_matchInfo_games_0_gameGold_321___typename,props_pageProps_match_matchInfo_games_0_gameGold_321_gameTime,props_pageProps_match_matchInfo_games_0_gameGold_321_goldDifference,props_pageProps_match_matchInfo_games_0_gameGold_321_team1Perid,props_pageProps_match_matchInfo_games_0_gameGold_321_team1TotalGold,props_pageProps_match_matchInfo_games_0_gameGold_321_team2Perid,props_pageProps_match_matchInfo_games_0_gameGold_321_team2TotalGold,props_pageProps_match_matchInfo_games_0_gameGold_322___typename,props_pageProps_match_matchInfo_games_0_gameGold_322_gameTime,props_pageProps_match_matchInfo_games_0_gameGold_322_goldDifference,props_pageProps_match_matchInfo_games_0_gameGold_322_team1Perid,props_pageProps_match_matchInfo_games_0_gameGold_322_team1TotalGold,props_pageProps_match_matchInfo_games_0_gameGold_322_team2Perid,props_pageProps_match_matchInfo_games_0_gameGold_322_team2TotalGold,props_pageProps_match_matchInfo_games_0_gameGold_323___typename,props_pageProps_match_matchInfo_games_0_gameGold_323_gameTime,props_pageProps_match_matchInfo_games_0_gameGold_323_goldDifference,props_pageProps_match_matchInfo_games_0_gameGold_323_team1Perid,props_pageProps_match_matchInfo_games_0_gameGold_323_team1TotalGold,props_pageProps_match_matchInfo_games_0_gameGold_323_team2Perid,props_pageProps_match_matchInfo_games_0_gameGold_323_team2TotalGold,props_pageProps_match_matchInfo_games_0_gameGold_324___typename,props_pageProps_match_matchInfo_games_0_gameGold_324_gameTime,props_pageProps_match_matchInfo_games_0_gameGold_324_goldDifference,props_pageProps_match_matchInfo_games_0_gameGold_324_team1Perid,props_pageProps_match_matchInfo_games_0_gameGold_324_team1TotalGold,props_pageProps_match_matchInfo_games_0_gameGold_324_team2Perid,props_pageProps_match_matchInfo_games_0_gameGold_324_team2TotalGold,props_pageProps_match_matchInfo_games_0_gameGold_325___typename,props_pageProps_match_matchInfo_games_0_gameGold_325_gameTime,props_pageProps_match_matchInfo_games_0_gameGold_325_goldDifference,props_pageProps_match_matchInfo_games_0_gameGold_325_team1Perid,props_pageProps_match_matchInfo_games_0_gameGold_325_team1TotalGold,props_pageProps_match_matchInfo_games_0_gameGold_325_team2Perid,props_pageProps_match_matchInfo_games_0_gameGold_325_team2TotalGold,props_pageProps_match_matchInfo_games_0_gameGold_326___typename,props_pageProps_match_matchInfo_games_0_gameGold_326_gameTime,props_pageProps_match_matchInfo_games_0_gameGold_326_goldDifference,props_pageProps_match_matchInfo_games_0_gameGold_326_team1Perid,props_pageProps_match_matchInfo_games_0_gameGold_326_team1TotalGold,props_pageProps_match_matchInfo_games_0_gameGold_326_team2Perid,props_pageProps_match_matchInfo_games_0_gameGold_326_team2TotalGold,props_pageProps_match_matchInfo_games_0_gameGold_327___typename,props_pageProps_match_matchInfo_games_0_gameGold_327_gameTime,props_pageProps_match_matchInfo_games_0_gameGold_327_goldDifference,props_pageProps_match_matchInfo_games_0_gameGold_327_team1Perid,props_pageProps_match_matchInfo_games_0_gameGold_327_team1TotalGold,props_pageProps_match_matchInfo_games_0_gameGold_327_team2Perid,props_pageProps_match_matchInfo_games_0_gameGold_327_team2TotalGold,props_pageProps_match_matchInfo_games_0_gameGold_328___typename,props_pageProps_match_matchInfo_games_0_gameGold_328_gameTime,props_pageProps_match_matchInfo_games_0_gameGold_328_goldDifference,props_pageProps_match_matchInfo_games_0_gameGold_328_team1Perid,props_pageProps_match_matchInfo_games_0_gameGold_328_team1TotalGold,props_pageProps_match_matchInfo_games_0_gameGold_328_team2Perid,props_pageProps_match_matchInfo_games_0_gameGold_328_team2TotalGold,props_pageProps_match_matchInfo_games_0_gameStartDateTime,props_pageProps_match_matchInfo_games_0_gameState,props_pageProps_match_matchInfo_games_0_gameUrn,props_pageProps_match_matchInfo_games_0_matchPerid,props_pageProps_match_matchInfo_games_0_playerChampGame_0___typename,props_pageProps_match_matchInfo_games_0_playerChampGame_0_champion,props_pageProps_match_matchInfo_games_0_playerChampGame_0_item1Id,props_pageProps_match_matchInfo_games_0_playerChampGame_0_item2Id,props_pageProps_match_matchInfo_games_0_playerChampGame_0_item3Id,props_pageProps_match_matchInfo_games_0_playerChampGame_0_item4Id,props_pageProps_match_matchInfo_games_0_playerChampGame_0_item5Id,props_pageProps_match_matchInfo_games_0_playerChampGame_0_item6Id,props_pageProps_match_matchInfo_games_0_playerChampGame_0_item7Id,props_pageProps_match_matchInfo_games_0_playerChampGame_0_item8Id,props_pageProps_match_matchInfo_games_0_playerChampGame_0_playerName,props_pageProps_match_matchInfo_games_0_playerChampGame_0_playerPerid,props_pageProps_match_matchInfo_games_0_playerChampGame_0_role,props_pageProps_match_matchInfo_games_0_playerChampGame_0_teamPerid,props_pageProps_match_matchInfo_games_0_playerChampGame_1___typename,props_pageProps_match_matchInfo_games_0_playerChampGame_1_champion,props_pageProps_match_matchInfo_games_0_playerChampGame_1_item1Id,props_pageProps_match_matchInfo_games_0_playerChampGame_1_item2Id,props_pageProps_match_matchInfo_games_0_playerChampGame_1_item3Id,props_pageProps_match_matchInfo_games_0_playerChampGame_1_item4Id,props_pageProps_match_matchInfo_games_0_playerChampGame_1_item5Id,props_pageProps_match_matchInfo_games_0_playerChampGame_1_item6Id,props_pageProps_match_matchInfo_games_0_playerChampGame_1_item7Id,props_pageProps_match_matchInfo_games_0_playerChampGame_1_item8Id,props_pageProps_match_matchInfo_games_0_playerChampGame_1_playerName,props_pageProps_match_matchInfo_games_0_playerChampGame_1_playerPerid,props_pageProps_match_matchInfo_games_0_playerChampGame_1_role,props_pageProps_match_matchInfo_games_0_playerChampGame_1_teamPerid,props_pageProps_match_matchInfo_games_0_playerChampGame_2___typename,props_pageProps_match_matchInfo_games_0_playerChampGame_2_champion,props_pageProps_match_matchInfo_games_0_playerChampGame_2_item1Id,props_pageProps_match_matchInfo_games_0_playerChampGame_2_item2Id,props_pageProps_match_matchInfo_games_0_playerChampGame_2_item3Id,props_pageProps_match_matchInfo_games_0_playerChampGame_2_item4Id,props_pageProps_match_matchInfo_games_0_playerChampGame_2_item5Id,props_pageProps_match_matchInfo_games_0_playerChampGame_2_item6Id,props_pageProps_match_matchInfo_games_0_playerChampGame_2_item7Id,props_pageProps_match_matchInfo_games_0_playerChampGame_2_item8Id,props_pageProps_match_matchInfo_games_0_playerChampGame_2_playerName,props_pageProps_match_matchInfo_games_0_playerChampGame_2_playerPerid,props_pageProps_match_matchInfo_games_0_playerChampGame_2_role,props_pageProps_match_matchInfo_games_0_playerChampGame_2_teamPerid,props_pageProps_match_matchInfo_games_0_playerChampGame_3___typename,props_pageProps_match_matchInfo_games_0_playerChampGame_3_champion,props_pageProps_match_matchInfo_games_0_playerChampGame_3_item1Id,props_pageProps_match_matchInfo_games_0_playerChampGame_3_item2Id,props_pageProps_match_matchInfo_games_0_playerChampGame_3_item3Id,props_pageProps_match_matchInfo_games_0_playerChampGame_3_item4Id,props_pageProps_match_matchInfo_games_0_playerChampGame_3_item5Id,props_pageProps_match_matchInfo_games_0_playerChampGame_3_item6Id,props_pageProps_match_matchInfo_games_0_playerChampGame_3_item7Id,props_pageProps_match_matchInfo_games_0_playerChampGame_3_item8Id,props_pageProps_match_matchInfo_games_0_playerChampGame_3_playerName,props_pageProps_match_matchInfo_games_0_playerChampGame_3_playerPerid,props_pageProps_match_matchInfo_games_0_playerChampGame_3_role,props_pageProps_match_matchInfo_games_0_playerChampGame_3_teamPerid,props_pageProps_match_matchInfo_games_0_playerChampGame_4___typename,props_pageProps_match_matchInfo_games_0_playerChampGame_4_champion,props_pageProps_match_matchInfo_games_0_playerChampGame_4_item1Id,props_pageProps_match_matchInfo_games_0_playerChampGame_4_item2Id,props_pageProps_match_matchInfo_games_0_playerChampGame_4_item3Id,props_pageProps_match_matchInfo_games_0_playerChampGame_4_item4Id,props_pageProps_match_matchInfo_games_0_playerChampGame_4_item5Id,props_pageProps_match_matchInfo_games_0_playerChampGame_4_item6Id,props_pageProps_match_matchInfo_games_0_playerChampGame_4_item7Id,props_pageProps_match_matchInfo_games_0_playerChampGame_4_item8Id,props_pageProps_match_matchInfo_games_0_playerChampGame_4_playerName,props_pageProps_match_matchInfo_games_0_playerChampGame_4_playerPerid,props_pageProps_match_matchInfo_games_0_playerChampGame_4_role,props_pageProps_match_matchInfo_games_0_playerChampGame_4_teamPerid,props_pageProps_match_matchInfo_games_0_playerChampGame_5___typename,props_pageProps_match_matchInfo_games_0_playerChampGame_5_champion,props_pageProps_match_matchInfo_games_0_playerChampGame_5_item1Id,props_pageProps_match_matchInfo_games_0_playerChampGame_5_item2Id,props_pageProps_match_matchInfo_games_0_playerChampGame_5_item3Id,props_pageProps_match_matchInfo_games_0_playerChampGame_5_item4Id,props_pageProps_match_matchInfo_games_0_playerChampGame_5_item5Id,props_pageProps_match_matchInfo_games_0_playerChampGame_5_item6Id,props_pageProps_match_matchInfo_games_0_playerChampGame_5_item7Id,props_pageProps_match_matchInfo_games_0_playerChampGame_5_item8Id,props_pageProps_match_matchInfo_games_0_playerChampGame_5_playerName,props_pageProps_match_matchInfo_games_0_playerChampGame_5_playerPerid,props_pageProps_match_matchInfo_games_0_playerChampGame_5_role,props_pageProps_match_matchInfo_games_0_playerChampGame_5_teamPerid,props_pageProps_match_matchInfo_games_0_playerChampGame_6___typename,props_pageProps_match_matchInfo_games_0_playerChampGame_6_champion,props_pageProps_match_matchInfo_games_0_playerChampGame_6_item1Id,props_pageProps_match_matchInfo_games_0_playerChampGame_6_item2Id,props_pageProps_match_matchInfo_games_0_playerChampGame_6_item3Id,props_pageProps_match_matchInfo_games_0_playerChampGame_6_item4Id,props_pageProps_match_matchInfo_games_0_playerChampGame_6_item5Id,props_pageProps_match_matchInfo_games_0_playerChampGame_6_item6Id,props_pageProps_match_matchInfo_games_0_playerChampGame_6_item7Id,props_pageProps_match_matchInfo_games_0_playerChampGame_6_item8Id,props_pageProps_match_matchInfo_games_0_playerChampGame_6_playerName,props_pageProps_match_matchInfo_games_0_playerChampGame_6_playerPerid,props_pageProps_match_matchInfo_games_0_playerChampGame_6_role,props_pageProps_match_matchInfo_games_0_playerChampGame_6_teamPerid,props_pageProps_match_matchInfo_games_0_playerChampGame_7___typename,props_pageProps_match_matchInfo_games_0_playerChampGame_7_champion,props_pageProps_match_matchInfo_games_0_playerChampGame_7_item1Id,props_pageProps_match_matchInfo_games_0_playerChampGame_7_item2Id,props_pageProps_match_matchInfo_games_0_playerChampGame_7_item3Id,props_pageProps_match_matchInfo_games_0_playerChampGame_7_item4Id,props_pageProps_match_matchInfo_games_0_playerChampGame_7_item5Id,props_pageProps_match_matchInfo_games_0_playerChampGame_7_item6Id,props_pageProps_match_matchInfo_games_0_playerChampGame_7_item7Id,props_pageProps_match_matchInfo_games_0_playerChampGame_7_item8Id,props_pageProps_match_matchInfo_games_0_playerChampGame_7_playerName,props_pageProps_match_matchInfo_games_0_playerChampGame_7_playerPerid,props_pageProps_match_matchInfo_games_0_playerChampGame_7_role,props_pageProps_match_matchInfo_games_0_playerChampGame_7_teamPerid,props_pageProps_match_matchInfo_games_0_playerChampGame_8___typename,props_pageProps_match_matchInfo_games_0_playerChampGame_8_champion,props_pageProps_match_matchInfo_games_0_playerChampGame_8_item1Id,props_pageProps_match_matchInfo_games_0_playerChampGame_8_item2Id,props_pageProps_match_matchInfo_games_0_playerChampGame_8_item3Id,props_pageProps_match_matchInfo_games_0_playerChampGame_8_item4Id,props_pageProps_match_matchInfo_games_0_playerChampGame_8_item5Id,props_pageProps_match_matchInfo_games_0_playerChampGame_8_item6Id,props_pageProps_match_matchInfo_games_0_playerChampGame_8_item7Id,props_pageProps_match_matchInfo_games_0_playerChampGame_8_item8Id,props_pageProps_match_matchInfo_games_0_playerChampGame_8_playerName,props_pageProps_match_matchInfo_games_0_playerChampGame_8_playerPerid,props_pageProps_match_matchInfo_games_0_playerChampGame_8_role,props_pageProps_match_matchInfo_games_0_playerChampGame_8_teamPerid,props_pageProps_match_matchInfo_games_0_playerChampGame_9___typename,props_pageProps_match_matchInfo_games_0_playerChampGame_9_champion,props_pageProps_match_matchInfo_games_0_playerChampGame_9_item1Id,props_pageProps_match_matchInfo_games_0_playerChampGame_9_item2Id,props_pageProps_match_matchInfo_games_0_playerChampGame_9_item3Id,props_pageProps_match_matchInfo_games_0_playerChampGame_9_item4Id,props_pageProps_match_matchInfo_games_0_playerChampGame_9_item5Id,props_pageProps_match_matchInfo_games_0_playerChampGame_9_item6Id,props_pageProps_match_matchInfo_games_0_playerChampGame_9_item7Id,props_pageProps_match_matchInfo_games_0_playerChampGame_9_item8Id,props_pageProps_match_matchInfo_games_0_playerChampGame_9_playerName,props_pageProps_match_matchInfo_games_0_playerChampGame_9_playerPerid,props_pageProps_match_matchInfo_games_0_playerChampGame_9_role,props_pageProps_match_matchInfo_games_0_playerChampGame_9_teamPerid,props_pageProps_match_matchInfo_games_0_playerGameStats_0___typename,props_pageProps_match_matchInfo_games_0_playerGameStats_0_assists,props_pageProps_match_matchInfo_games_0_playerGameStats_0_avgDamagePerTeamfight,props_pageProps_match_matchInfo_games_0_playerGameStats_0_avgMinsBetweenDeaths,props_pageProps_match_matchInfo_games_0_playerGameStats_0_avgMinsBetweenKills,props_pageProps_match_matchInfo_games_0_playerGameStats_0_bestOf,props_pageProps_match_matchInfo_games_0_playerGameStats_0_champion,props_pageProps_match_matchInfo_games_0_playerGameStats_0_currGame,props_pageProps_match_matchInfo_games_0_playerGameStats_0_deaths,props_pageProps_match_matchInfo_games_0_playerGameStats_0_dmgHealedOnTeamPerMin,props_pageProps_match_matchInfo_games_0_playerGameStats_0_dmgShieldedOnTeamPerMin,props_pageProps_match_matchInfo_games_0_playerGameStats_0_dmgToChampsPerMin,props_pageProps_match_matchInfo_games_0_playerGameStats_0_doubleKills,props_pageProps_match_matchInfo_games_0_playerGameStats_0_duoProx,props_pageProps_match_matchInfo_games_0_playerGameStats_0_firstBlood,props_pageProps_match_matchInfo_games_0_playerGameStats_0_gameUrn,props_pageProps_match_matchInfo_games_0_playerGameStats_0_goldAt15m,props_pageProps_match_matchInfo_games_0_playerGameStats_0_goldDiffAt15m,props_pageProps_match_matchInfo_games_0_playerGameStats_0_isoDeaths,props_pageProps_match_matchInfo_games_0_playerGameStats_0_jungleProx,props_pageProps_match_matchInfo_games_0_playerGameStats_0_kills,props_pageProps_match_matchInfo_games_0_playerGameStats_0_minionKills,props_pageProps_match_matchInfo_games_0_playerGameStats_0_neutralMinionKills,props_pageProps_match_matchInfo_games_0_playerGameStats_0_neutralMinionKillsEnemyJungle,props_pageProps_match_matchInfo_games_0_playerGameStats_0_neutralMinionKillsTeamJungle,props_pageProps_match_matchInfo_games_0_playerGameStats_0_numRecalls,props_pageProps_match_matchInfo_games_0_playerGameStats_0_pentaKills,props_pageProps_match_matchInfo_games_0_playerGameStats_0_percInMidLane,props_pageProps_match_matchInfo_games_0_playerGameStats_0_player,props_pageProps_match_matchInfo_games_0_playerGameStats_0_playerPerid,props_pageProps_match_matchInfo_games_0_playerGameStats_0_playerUrn,props_pageProps_match_matchInfo_games_0_playerGameStats_0_quadKills,props_pageProps_match_matchInfo_games_0_playerGameStats_0_role,props_pageProps_match_matchInfo_games_0_playerGameStats_0_side,props_pageProps_match_matchInfo_games_0_playerGameStats_0_soloKills,props_pageProps_match_matchInfo_games_0_playerGameStats_0_team,props_pageProps_match_matchInfo_games_0_playerGameStats_0_teamPerid,props_pageProps_match_matchInfo_games_0_playerGameStats_0_totalDamageTeamfights,props_pageProps_match_matchInfo_games_0_playerGameStats_0_totalGold,props_pageProps_match_matchInfo_games_0_playerGameStats_0_tripleKills,props_pageProps_match_matchInfo_games_0_playerGameStats_0_visionScore,props_pageProps_match_matchInfo_games_0_playerGameStats_0_wardsKilled,props_pageProps_match_matchInfo_games_0_playerGameStats_0_wardsPlaced,props_pageProps_match_matchInfo_games_0_playerGameStats_1___typename,props_pageProps_match_matchInfo_games_0_playerGameStats_1_assists,props_pageProps_match_matchInfo_games_0_playerGameStats_1_avgDamagePerTeamfight,props_pageProps_match_matchInfo_games_0_playerGameStats_1_avgMinsBetweenDeaths,props_pageProps_match_matchInfo_games_0_playerGameStats_1_avgMinsBetweenKills,props_pageProps_match_matchInfo_games_0_playerGameStats_1_bestOf,props_pageProps_match_matchInfo_games_0_playerGameStats_1_champion,props_pageProps_match_matchInfo_games_0_playerGameStats_1_currGame,props_pageProps_match_matchInfo_games_0_playerGameStats_1_deaths,props_pageProps_match_matchInfo_games_0_playerGameStats_1_dmgHealedOnTeamPerMin,props_pageProps_match_matchInfo_games_0_playerGameStats_1_dmgShieldedOnTeamPerMin,props_pageProps_match_matchInfo_games_0_playerGameStats_1_dmgToChampsPerMin,props_pageProps_match_matchInfo_games_0_playerGameStats_1_doubleKills,props_pageProps_match_matchInfo_games_0_playerGameStats_1_duoProx,props_pageProps_match_matchInfo_games_0_playerGameStats_1_firstBlood,props_pageProps_match_matchInfo_games_0_playerGameStats_1_gameUrn,props_pageProps_match_matchInfo_games_0_playerGameStats_1_goldAt15m,props_pageProps_match_matchInfo_games_0_playerGameStats_1_goldDiffAt15m,props_pageProps_match_matchInfo_games_0_playerGameStats_1_isoDeaths,props_pageProps_match_matchInfo_games_0_playerGameStats_1_jungleProx,props_pageProps_match_matchInfo_games_0_playerGameStats_1_kills,props_pageProps_match_matchInfo_games_0_playerGameStats_1_minionKills,props_pageProps_match_matchInfo_games_0_playerGameStats_1_neutralMinionKills,props_pageProps_match_matchInfo_games_0_playerGameStats_1_neutralMinionKillsEnemyJungle,props_pageProps_match_matchInfo_games_0_playerGameStats_1_neutralMinionKillsTeamJungle,props_pageProps_match_matchInfo_games_0_playerGameStats_1_numRecalls,props_pageProps_match_matchInfo_games_0_playerGameStats_1_pentaKills,props_pageProps_match_matchInfo_games_0_playerGameStats_1_percInMidLane,props_pageProps_match_matchInfo_games_0_playerGameStats_1_player,props_pageProps_match_matchInfo_games_0_playerGameStats_1_playerPerid,props_pageProps_match_matchInfo_games_0_playerGameStats_1_playerUrn,props_pageProps_match_matchInfo_games_0_playerGameStats_1_quadKills,props_pageProps_match_matchInfo_games_0_playerGameStats_1_role,props_pageProps_match_matchInfo_games_0_playerGameStats_1_side,props_pageProps_match_matchInfo_games_0_playerGameStats_1_soloKills,props_pageProps_match_matchInfo_games_0_playerGameStats_1_team,props_pageProps_match_matchInfo_games_0_playerGameStats_1_teamPerid,props_pageProps_match_matchInfo_games_0_playerGameStats_1_totalDamageTeamfights,props_pageProps_match_matchInfo_games_0_playerGameStats_1_totalGold,props_pageProps_match_matchInfo_games_0_playerGameStats_1_tripleKills,props_pageProps_match_matchInfo_games_0_playerGameStats_1_visionScore,props_pageProps_match_matchInfo_games_0_playerGameStats_1_wardsKilled,props_pageProps_match_matchInfo_games_0_playerGameStats_1_wardsPlaced,props_pageProps_match_matchInfo_games_0_playerGameStats_2___typename,props_pageProps_match_matchInfo_games_0_playerGameStats_2_assists,props_pageProps_match_matchInfo_games_0_playerGameStats_2_avgDamagePerTeamfight,props_pageProps_match_matchInfo_games_0_playerGameStats_2_avgMinsBetweenDeaths,props_pageProps_match_matchInfo_games_0_playerGameStats_2_avgMinsBetweenKills,props_pageProps_match_matchInfo_games_0_playerGameStats_2_bestOf,props_pageProps_match_matchInfo_games_0_playerGameStats_2_champion,props_pageProps_match_matchInfo_games_0_playerGameStats_2_currGame,props_pageProps_match_matchInfo_games_0_playerGameStats_2_deaths,props_pageProps_match_matchInfo_games_0_playerGameStats_2_dmgHealedOnTeamPerMin,props_pageProps_match_matchInfo_games_0_playerGameStats_2_dmgShieldedOnTeamPerMin,props_pageProps_match_matchInfo_games_0_playerGameStats_2_dmgToChampsPerMin,props_pageProps_match_matchInfo_games_0_playerGameStats_2_doubleKills,props_pageProps_match_matchInfo_games_0_playerGameStats_2_duoProx,props_pageProps_match_matchInfo_games_0_playerGameStats_2_firstBlood,props_pageProps_match_matchInfo_games_0_playerGameStats_2_gameUrn,props_pageProps_match_matchInfo_games_0_playerGameStats_2_goldAt15m,props_pageProps_match_matchInfo_games_0_playerGameStats_2_goldDiffAt15m,props_pageProps_match_matchInfo_games_0_playerGameStats_2_isoDeaths,props_pageProps_match_matchInfo_games_0_playerGameStats_2_jungleProx,props_pageProps_match_matchInfo_games_0_playerGameStats_2_kills,props_pageProps_match_matchInfo_games_0_playerGameStats_2_minionKills,props_pageProps_match_matchInfo_games_0_playerGameStats_2_neutralMinionKills,props_pageProps_match_matchInfo_games_0_playerGameStats_2_neutralMinionKillsEnemyJungle,props_pageProps_match_matchInfo_games_0_playerGameStats_2_neutralMinionKillsTeamJungle,props_pageProps_match_matchInfo_games_0_playerGameStats_2_numRecalls,props_pageProps_match_matchInfo_games_0_playerGameStats_2_pentaKills,props_pageProps_match_matchInfo_games_0_playerGameStats_2_percInMidLane,props_pageProps_match_matchInfo_games_0_playerGameStats_2_player,props_pageProps_match_matchInfo_games_0_playerGameStats_2_playerPerid,props_pageProps_match_matchInfo_games_0_playerGameStats_2_playerUrn,props_pageProps_match_matchInfo_games_0_playerGameStats_2_quadKills,props_pageProps_match_matchInfo_games_0_playerGameStats_2_role,props_pageProps_match_matchInfo_games_0_playerGameStats_2_side,props_pageProps_match_matchInfo_games_0_playerGameStats_2_soloKills,props_pageProps_match_matchInfo_games_0_playerGameStats_2_team,props_pageProps_match_matchInfo_games_0_playerGameStats_2_teamPerid,props_pageProps_match_matchInfo_games_0_playerGameStats_2_totalDamageTeamfights,props_pageProps_match_matchInfo_games_0_playerGameStats_2_totalGold,props_pageProps_match_matchInfo_games_0_playerGameStats_2_tripleKills,props_pageProps_match_matchInfo_games_0_playerGameStats_2_visionScore,props_pageProps_match_matchInfo_games_0_playerGameStats_2_wardsKilled,props_pageProps_match_matchInfo_games_0_playerGameStats_2_wardsPlaced,props_pageProps_match_matchInfo_games_0_playerGameStats_3___typename,props_pageProps_match_matchInfo_games_0_playerGameStats_3_assists,props_pageProps_match_matchInfo_games_0_playerGameStats_3_avgDamagePerTeamfight,props_pageProps_match_matchInfo_games_0_playerGameStats_3_avgMinsBetweenDeaths,props_pageProps_match_matchInfo_games_0_playerGameStats_3_avgMinsBetweenKills,props_pageProps_match_matchInfo_games_0_playerGameStats_3_bestOf,props_pageProps_match_matchInfo_games_0_playerGameStats_3_champion,props_pageProps_match_matchInfo_games_0_playerGameStats_3_currGame,props_pageProps_match_matchInfo_games_0_playerGameStats_3_deaths,props_pageProps_match_matchInfo_games_0_playerGameStats_3_dmgHealedOnTeamPerMin,props_pageProps_match_matchInfo_games_0_playerGameStats_3_dmgShieldedOnTeamPerMin,props_pageProps_match_matchInfo_games_0_playerGameStats_3_dmgToChampsPerMin,props_pageProps_match_matchInfo_games_0_playerGameStats_3_doubleKills,props_pageProps_match_matchInfo_games_0_playerGameStats_3_duoProx,props_pageProps_match_matchInfo_games_0_playerGameStats_3_firstBlood,props_pageProps_match_matchInfo_games_0_playerGameStats_3_gameUrn,props_pageProps_match_matchInfo_games_0_playerGameStats_3_goldAt15m,props_pageProps_match_matchInfo_games_0_playerGameStats_3_goldDiffAt15m,props_pageProps_match_matchInfo_games_0_playerGameStats_3_isoDeaths,props_pageProps_match_matchInfo_games_0_playerGameStats_3_jungleProx,props_pageProps_match_matchInfo_games_0_playerGameStats_3_kills,props_pageProps_match_matchInfo_games_0_playerGameStats_3_minionKills,props_pageProps_match_matchInfo_games_0_playerGameStats_3_neutralMinionKills,props_pageProps_match_matchInfo_games_0_playerGameStats_3_neutralMinionKillsEnemyJungle,props_pageProps_match_matchInfo_games_0_playerGameStats_3_neutralMinionKillsTeamJungle,props_pageProps_match_matchInfo_games_0_playerGameStats_3_numRecalls,props_pageProps_match_matchInfo_games_0_playerGameStats_3_pentaKills,props_pageProps_match_matchInfo_games_0_playerGameStats_3_percInMidLane,props_pageProps_match_matchInfo_games_0_playerGameStats_3_player,props_pageProps_match_matchInfo_games_0_playerGameStats_3_playerPerid,props_pageProps_match_matchInfo_games_0_playerGameStats_3_playerUrn,props_pageProps_match_matchInfo_games_0_playerGameStats_3_quadKills,props_pageProps_match_matchInfo_games_0_playerGameStats_3_role,props_pageProps_match_matchInfo_games_0_playerGameStats_3_side,props_pageProps_match_matchInfo_games_0_playerGameStats_3_soloKills,props_pageProps_match_matchInfo_games_0_playerGameStats_3_team,props_pageProps_match_matchInfo_games_0_playerGameStats_3_teamPerid,props_pageProps_match_matchInfo_games_0_playerGameStats_3_totalDamageTeamfights,props_pageProps_match_matchInfo_games_0_playerGameStats_3_totalGold,props_pageProps_match_matchInfo_games_0_playerGameStats_3_tripleKills,props_pageProps_match_matchInfo_games_0_playerGameStats_3_visionScore,props_pageProps_match_matchInfo_games_0_playerGameStats_3_wardsKilled,props_pageProps_match_matchInfo_games_0_playerGameStats_3_wardsPlaced,props_pageProps_match_matchInfo_games_0_playerGameStats_4___typename,props_pageProps_match_matchInfo_games_0_playerGameStats_4_assists,props_pageProps_match_matchInfo_games_0_playerGameStats_4_avgDamagePerTeamfight,props_pageProps_match_matchInfo_games_0_playerGameStats_4_avgMinsBetweenDeaths,props_pageProps_match_matchInfo_games_0_playerGameStats_4_avgMinsBetweenKills,props_pageProps_match_matchInfo_games_0_playerGameStats_4_bestOf,props_pageProps_match_matchInfo_games_0_playerGameStats_4_champion,props_pageProps_match_matchInfo_games_0_playerGameStats_4_currGame,props_pageProps_match_matchInfo_games_0_playerGameStats_4_deaths,props_pageProps_match_matchInfo_games_0_playerGameStats_4_dmgHealedOnTeamPerMin,props_pageProps_match_matchInfo_games_0_playerGameStats_4_dmgShieldedOnTeamPerMin,props_pageProps_match_matchInfo_games_0_playerGameStats_4_dmgToChampsPerMin,props_pageProps_match_matchInfo_games_0_playerGameStats_4_doubleKills,props_pageProps_match_matchInfo_games_0_playerGameStats_4_duoProx,props_pageProps_match_matchInfo_games_0_playerGameStats_4_firstBlood,props_pageProps_match_matchInfo_games_0_playerGameStats_4_gameUrn,props_pageProps_match_matchInfo_games_0_playerGameStats_4_goldAt15m,props_pageProps_match_matchInfo_games_0_playerGameStats_4_goldDiffAt15m,props_pageProps_match_matchInfo_games_0_playerGameStats_4_isoDeaths,props_pageProps_match_matchInfo_games_0_playerGameStats_4_jungleProx,props_pageProps_match_matchInfo_games_0_playerGameStats_4_kills,props_pageProps_match_matchInfo_games_0_playerGameStats_4_minionKills,props_pageProps_match_matchInfo_games_0_playerGameStats_4_neutralMinionKills,props_pageProps_match_matchInfo_games_0_playerGameStats_4_neutralMinionKillsEnemyJungle,props_pageProps_match_matchInfo_games_0_playerGameStats_4_neutralMinionKillsTeamJungle,props_pageProps_match_matchInfo_games_0_playerGameStats_4_numRecalls,props_pageProps_match_matchInfo_games_0_playerGameStats_4_pentaKills,props_pageProps_match_matchInfo_games_0_playerGameStats_4_percInMidLane,props_pageProps_match_matchInfo_games_0_playerGameStats_4_player,props_pageProps_match_matchInfo_games_0_playerGameStats_4_playerPerid,props_pageProps_match_matchInfo_games_0_playerGameStats_4_playerUrn,props_pageProps_match_matchInfo_games_0_playerGameStats_4_quadKills,props_pageProps_match_matchInfo_games_0_playerGameStats_4_role,props_pageProps_match_matchInfo_games_0_playerGameStats_4_side,props_pageProps_match_matchInfo_games_0_playerGameStats_4_soloKills,props_pageProps_match_matchInfo_games_0_playerGameStats_4_team,props_pageProps_match_matchInfo_games_0_playerGameStats_4_teamPerid,props_pageProps_match_matchInfo_games_0_playerGameStats_4_totalDamageTeamfights,props_pageProps_match_matchInfo_games_0_playerGameStats_4_totalGold,props_pageProps_match_matchInfo_games_0_playerGameStats_4_tripleKills,props_pageProps_match_matchInfo_games_0_playerGameStats_4_visionScore,props_pageProps_match_matchInfo_games_0_playerGameStats_4_wardsKilled,props_pageProps_match_matchInfo_games_0_playerGameStats_4_wardsPlaced,props_pageProps_match_matchInfo_games_0_playerGameStats_5___typename,props_pageProps_match_matchInfo_games_0_playerGameStats_5_assists,props_pageProps_match_matchInfo_games_0_playerGameStats_5_avgDamagePerTeamfight,props_pageProps_match_matchInfo_games_0_playerGameStats_5_avgMinsBetweenDeaths,props_pageProps_match_matchInfo_games_0_playerGameStats_5_avgMinsBetweenKills,props_pageProps_match_matchInfo_games_0_playerGameStats_5_bestOf,props_pageProps_match_matchInfo_games_0_playerGameStats_5_champion,props_pageProps_match_matchInfo_games_0_playerGameStats_5_currGame,props_pageProps_match_matchInfo_games_0_playerGameStats_5_deaths,props_pageProps_match_matchInfo_games_0_playerGameStats_5_dmgHealedOnTeamPerMin,props_pageProps_match_matchInfo_games_0_playerGameStats_5_dmgShieldedOnTeamPerMin,props_pageProps_match_matchInfo_games_0_playerGameStats_5_dmgToChampsPerMin,props_pageProps_match_matchInfo_games_0_playerGameStats_5_doubleKills,props_pageProps_match_matchInfo_games_0_playerGameStats_5_duoProx,props_pageProps_match_matchInfo_games_0_playerGameStats_5_firstBlood,props_pageProps_match_matchInfo_games_0_playerGameStats_5_gameUrn,props_pageProps_match_matchInfo_games_0_playerGameStats_5_goldAt15m,props_pageProps_match_matchInfo_games_0_playerGameStats_5_goldDiffAt15m,props_pageProps_match_matchInfo_games_0_playerGameStats_5_isoDeaths,props_pageProps_match_matchInfo_games_0_playerGameStats_5_jungleProx,props_pageProps_match_matchInfo_games_0_playerGameStats_5_kills,props_pageProps_match_matchInfo_games_0_playerGameStats_5_minionKills,props_pageProps_match_matchInfo_games_0_playerGameStats_5_neutralMinionKills,props_pageProps_match_matchInfo_games_0_playerGameStats_5_neutralMinionKillsEnemyJungle,props_pageProps_match_matchInfo_games_0_playerGameStats_5_neutralMinionKillsTeamJungle,props_pageProps_match_matchInfo_games_0_playerGameStats_5_numRecalls,props_pageProps_match_matchInfo_games_0_playerGameStats_5_pentaKills,props_pageProps_match_matchInfo_games_0_playerGameStats_5_percInMidLane,props_pageProps_match_matchInfo_games_0_playerGameStats_5_player,props_pageProps_match_matchInfo_games_0_playerGameStats_5_playerPerid,props_pageProps_match_matchInfo_games_0_playerGameStats_5_playerUrn,props_pageProps_match_matchInfo_games_0_playerGameStats_5_quadKills,props_pageProps_match_matchInfo_games_0_playerGameStats_5_role,props_pageProps_match_matchInfo_games_0_playerGameStats_5_side,props_pageProps_match_matchInfo_games_0_playerGameStats_5_soloKills,props_pageProps_match_matchInfo_games_0_playerGameStats_5_team,props_pageProps_match_matchInfo_games_0_playerGameStats_5_teamPerid,props_pageProps_match_matchInfo_games_0_playerGameStats_5_totalDamageTeamfights,props_pageProps_match_matchInfo_games_0_playerGameStats_5_totalGold,props_pageProps_match_matchInfo_games_0_playerGameStats_5_tripleKills,props_pageProps_match_matchInfo_games_0_playerGameStats_5_visionScore,props_pageProps_match_matchInfo_games_0_playerGameStats_5_wardsKilled,props_pageProps_match_matchInfo_games_0_playerGameStats_5_wardsPlaced,props_pageProps_match_matchInfo_games_0_playerGameStats_6___typename,props_pageProps_match_matchInfo_games_0_playerGameStats_6_assists,props_pageProps_match_matchInfo_games_0_playerGameStats_6_avgDamagePerTeamfight,props_pageProps_match_matchInfo_games_0_playerGameStats_6_avgMinsBetweenDeaths,props_pageProps_match_matchInfo_games_0_playerGameStats_6_avgMinsBetweenKills,props_pageProps_match_matchInfo_games_0_playerGameStats_6_bestOf,props_pageProps_match_matchInfo_games_0_playerGameStats_6_champion,props_pageProps_match_matchInfo_games_0_playerGameStats_6_currGame,props_pageProps_match_matchInfo_games_0_playerGameStats_6_deaths,props_pageProps_match_matchInfo_games_0_playerGameStats_6_dmgHealedOnTeamPerMin,props_pageProps_match_matchInfo_games_0_playerGameStats_6_dmgShieldedOnTeamPerMin,props_pageProps_match_matchInfo_games_0_playerGameStats_6_dmgToChampsPerMin,props_pageProps_match_matchInfo_games_0_playerGameStats_6_doubleKills,props_pageProps_match_matchInfo_games_0_playerGameStats_6_duoProx,props_pageProps_match_matchInfo_games_0_playerGameStats_6_firstBlood,props_pageProps_match_matchInfo_games_0_playerGameStats_6_gameUrn,props_pageProps_match_matchInfo_games_0_playerGameStats_6_goldAt15m,props_pageProps_match_matchInfo_games_0_playerGameStats_6_goldDiffAt15m,props_pageProps_match_matchInfo_games_0_playerGameStats_6_isoDeaths,props_pageProps_match_matchInfo_games_0_playerGameStats_6_jungleProx,props_pageProps_match_matchInfo_games_0_playerGameStats_6_kills,props_pageProps_match_matchInfo_games_0_playerGameStats_6_minionKills,props_pageProps_match_matchInfo_games_0_playerGameStats_6_neutralMinionKills,props_pageProps_match_matchInfo_games_0_playerGameStats_6_neutralMinionKillsEnemyJungle,props_pageProps_match_matchInfo_games_0_playerGameStats_6_neutralMinionKillsTeamJungle,props_pageProps_match_matchInfo_games_0_playerGameStats_6_numRecalls,props_pageProps_match_matchInfo_games_0_playerGameStats_6_pentaKills,props_pageProps_match_matchInfo_games_0_playerGameStats_6_percInMidLane,props_pageProps_match_matchInfo_games_0_playerGameStats_6_player,props_pageProps_match_matchInfo_games_0_playerGameStats_6_playerPerid,props_pageProps_match_matchInfo_games_0_playerGameStats_6_playerUrn,props_pageProps_match_matchInfo_games_0_playerGameStats_6_quadKills,props_pageProps_match_matchInfo_games_0_playerGameStats_6_role,props_pageProps_match_matchInfo_games_0_playerGameStats_6_side,props_pageProps_match_matchInfo_games_0_playerGameStats_6_soloKills,props_pageProps_match_matchInfo_games_0_playerGameStats_6_team,props_pageProps_match_matchInfo_games_0_playerGameStats_6_teamPerid,props_pageProps_match_matchInfo_games_0_playerGameStats_6_totalDamageTeamfights,props_pageProps_match_matchInfo_games_0_playerGameStats_6_totalGold,props_pageProps_match_matchInfo_games_0_playerGameStats_6_tripleKills,props_pageProps_match_matchInfo_games_0_playerGameStats_6_visionScore,props_pageProps_match_matchInfo_games_0_playerGameStats_6_wardsKilled,props_pageProps_match_matchInfo_games_0_playerGameStats_6_wardsPlaced,props_pageProps_match_matchInfo_games_0_playerGameStats_7___typename,props_pageProps_match_matchInfo_games_0_playerGameStats_7_assists,props_pageProps_match_matchInfo_games_0_playerGameStats_7_avgDamagePerTeamfight,props_pageProps_match_matchInfo_games_0_playerGameStats_7_avgMinsBetweenDeaths,props_pageProps_match_matchInfo_games_0_playerGameStats_7_avgMinsBetweenKills,props_pageProps_match_matchInfo_games_0_playerGameStats_7_bestOf,props_pageProps_match_matchInfo_games_0_playerGameStats_7_champion,props_pageProps_match_matchInfo_games_0_playerGameStats_7_currGame,props_pageProps_match_matchInfo_games_0_playerGameStats_7_deaths,props_pageProps_match_matchInfo_games_0_playerGameStats_7_dmgHealedOnTeamPerMin,props_pageProps_match_matchInfo_games_0_playerGameStats_7_dmgShieldedOnTeamPerMin,props_pageProps_match_matchInfo_games_0_playerGameStats_7_dmgToChampsPerMin,props_pageProps_match_matchInfo_games_0_playerGameStats_7_doubleKills,props_pageProps_match_matchInfo_games_0_playerGameStats_7_duoProx,props_pageProps_match_matchInfo_games_0_playerGameStats_7_firstBlood,props_pageProps_match_matchInfo_games_0_playerGameStats_7_gameUrn,props_pageProps_match_matchInfo_games_0_playerGameStats_7_goldAt15m,props_pageProps_match_matchInfo_games_0_playerGameStats_7_goldDiffAt15m,props_pageProps_match_matchInfo_games_0_playerGameStats_7_isoDeaths,props_pageProps_match_matchInfo_games_0_playerGameStats_7_jungleProx,props_pageProps_match_matchInfo_games_0_playerGameStats_7_kills,props_pageProps_match_matchInfo_games_0_playerGameStats_7_minionKills,props_pageProps_match_matchInfo_games_0_playerGameStats_7_neutralMinionKills,props_pageProps_match_matchInfo_games_0_playerGameStats_7_neutralMinionKillsEnemyJungle,props_pageProps_match_matchInfo_games_0_playerGameStats_7_neutralMinionKillsTeamJungle,props_pageProps_match_matchInfo_games_0_playerGameStats_7_numRecalls,props_pageProps_match_matchInfo_games_0_playerGameStats_7_pentaKills,props_pageProps_match_matchInfo_games_0_playerGameStats_7_percInMidLane,props_pageProps_match_matchInfo_games_0_playerGameStats_7_player,props_pageProps_match_matchInfo_games_0_playerGameStats_7_playerPerid,props_pageProps_match_matchInfo_games_0_playerGameStats_7_playerUrn,props_pageProps_match_matchInfo_games_0_playerGameStats_7_quadKills,props_pageProps_match_matchInfo_games_0_playerGameStats_7_role,props_pageProps_match_matchInfo_games_0_playerGameStats_7_side,props_pageProps_match_matchInfo_games_0_playerGameStats_7_soloKills,props_pageProps_match_matchInfo_games_0_playerGameStats_7_team,props_pageProps_match_matchInfo_games_0_playerGameStats_7_teamPerid,props_pageProps_match_matchInfo_games_0_playerGameStats_7_totalDamageTeamfights,props_pageProps_match_matchInfo_games_0_playerGameStats_7_totalGold,props_pageProps_match_matchInfo_games_0_playerGameStats_7_tripleKills,props_pageProps_match_matchInfo_games_0_playerGameStats_7_visionScore,props_pageProps_match_matchInfo_games_0_playerGameStats_7_wardsKilled,props_pageProps_match_matchInfo_games_0_playerGameStats_7_wardsPlaced,props_pageProps_match_matchInfo_games_0_playerGameStats_8___typename,props_pageProps_match_matchInfo_games_0_playerGameStats_8_assists,props_pageProps_match_matchInfo_games_0_playerGameStats_8_avgDamagePerTeamfight,props_pageProps_match_matchInfo_games_0_playerGameStats_8_avgMinsBetweenDeaths,props_pageProps_match_matchInfo_games_0_playerGameStats_8_avgMinsBetweenKills,props_pageProps_match_matchInfo_games_0_playerGameStats_8_bestOf,props_pageProps_match_matchInfo_games_0_playerGameStats_8_champion,props_pageProps_match_matchInfo_games_0_playerGameStats_8_currGame,props_pageProps_match_matchInfo_games_0_playerGameStats_8_deaths,props_pageProps_match_matchInfo_games_0_playerGameStats_8_dmgHealedOnTeamPerMin,props_pageProps_match_matchInfo_games_0_playerGameStats_8_dmgShieldedOnTeamPerMin,props_pageProps_match_matchInfo_games_0_playerGameStats_8_dmgToChampsPerMin,props_pageProps_match_matchInfo_games_0_playerGameStats_8_doubleKills,props_pageProps_match_matchInfo_games_0_playerGameStats_8_duoProx,props_pageProps_match_matchInfo_games_0_playerGameStats_8_firstBlood,props_pageProps_match_matchInfo_games_0_playerGameStats_8_gameUrn,props_pageProps_match_matchInfo_games_0_playerGameStats_8_goldAt15m,props_pageProps_match_matchInfo_games_0_playerGameStats_8_goldDiffAt15m,props_pageProps_match_matchInfo_games_0_playerGameStats_8_isoDeaths,props_pageProps_match_matchInfo_games_0_playerGameStats_8_jungleProx,props_pageProps_match_matchInfo_games_0_playerGameStats_8_kills,props_pageProps_match_matchInfo_games_0_playerGameStats_8_minionKills,props_pageProps_match_matchInfo_games_0_playerGameStats_8_neutralMinionKills,props_pageProps_match_matchInfo_games_0_playerGameStats_8_neutralMinionKillsEnemyJungle,props_pageProps_match_matchInfo_games_0_playerGameStats_8_neutralMinionKillsTeamJungle,props_pageProps_match_matchInfo_games_0_playerGameStats_8_numRecalls,props_pageProps_match_matchInfo_games_0_playerGameStats_8_pentaKills,props_pageProps_match_matchInfo_games_0_playerGameStats_8_percInMidLane,props_pageProps_match_matchInfo_games_0_playerGameStats_8_player,props_pageProps_match_matchInfo_games_0_playerGameStats_8_playerPerid,props_pageProps_match_matchInfo_games_0_playerGameStats_8_playerUrn,props_pageProps_match_matchInfo_games_0_playerGameStats_8_quadKills,props_pageProps_match_matchInfo_games_0_playerGameStats_8_role,props_pageProps_match_matchInfo_games_0_playerGameStats_8_side,props_pageProps_match_matchInfo_games_0_playerGameStats_8_soloKills,props_pageProps_match_matchInfo_games_0_playerGameStats_8_team,props_pageProps_match_matchInfo_games_0_playerGameStats_8_teamPerid,props_pageProps_match_matchInfo_games_0_playerGameStats_8_totalDamageTeamfights,props_pageProps_match_matchInfo_games_0_playerGameStats_8_totalGold,props_pageProps_match_matchInfo_games_0_playerGameStats_8_tripleKills,props_pageProps_match_matchInfo_games_0_playerGameStats_8_visionScore,props_pageProps_match_matchInfo_games_0_playerGameStats_8_wardsKilled,props_pageProps_match_matchInfo_games_0_playerGameStats_8_wardsPlaced,props_pageProps_match_matchInfo_games_0_playerGameStats_9___typename,props_pageProps_match_matchInfo_games_0_playerGameStats_9_assists,props_pageProps_match_matchInfo_games_0_playerGameStats_9_avgDamagePerTeamfight,props_pageProps_match_matchInfo_games_0_playerGameStats_9_avgMinsBetweenDeaths,props_pageProps_match_matchInfo_games_0_playerGameStats_9_avgMinsBetweenKills,props_pageProps_match_matchInfo_games_0_playerGameStats_9_bestOf,props_pageProps_match_matchInfo_games_0_playerGameStats_9_champion,props_pageProps_match_matchInfo_games_0_playerGameStats_9_currGame,props_pageProps_match_matchInfo_games_0_playerGameStats_9_deaths,props_pageProps_match_matchInfo_games_0_playerGameStats_9_dmgHealedOnTeamPerMin,props_pageProps_match_matchInfo_games_0_playerGameStats_9_dmgShieldedOnTeamPerMin,props_pageProps_match_matchInfo_games_0_playerGameStats_9_dmgToChampsPerMin,props_pageProps_match_matchInfo_games_0_playerGameStats_9_doubleKills,props_pageProps_match_matchInfo_games_0_playerGameStats_9_duoProx,props_pageProps_match_matchInfo_games_0_playerGameStats_9_firstBlood,props_pageProps_match_matchInfo_games_0_playerGameStats_9_gameUrn,props_pageProps_match_matchInfo_games_0_playerGameStats_9_goldAt15m,props_pageProps_match_matchInfo_games_0_playerGameStats_9_goldDiffAt15m,props_pageProps_match_matchInfo_games_0_playerGameStats_9_isoDeaths,props_pageProps_match_matchInfo_games_0_playerGameStats_9_jungleProx,props_pageProps_match_matchInfo_games_0_playerGameStats_9_kills,props_pageProps_match_matchInfo_games_0_playerGameStats_9_minionKills,props_pageProps_match_matchInfo_games_0_playerGameStats_9_neutralMinionKills,props_pageProps_match_matchInfo_games_0_playerGameStats_9_neutralMinionKillsEnemyJungle,props_pageProps_match_matchInfo_games_0_playerGameStats_9_neutralMinionKillsTeamJungle,props_pageProps_match_matchInfo_games_0_playerGameStats_9_numRecalls,props_pageProps_match_matchInfo_games_0_playerGameStats_9_pentaKills,props_pageProps_match_matchInfo_games_0_playerGameStats_9_percInMidLane,props_pageProps_match_matchInfo_games_0_playerGameStats_9_player,props_pageProps_match_matchInfo_games_0_playerGameStats_9_playerPerid,props_pageProps_match_matchInfo_games_0_playerGameStats_9_playerUrn,props_pageProps_match_matchInfo_games_0_playerGameStats_9_quadKills,props_pageProps_match_matchInfo_games_0_playerGameStats_9_role,props_pageProps_match_matchInfo_games_0_playerGameStats_9_side,props_pageProps_match_matchInfo_games_0_playerGameStats_9_soloKills,props_pageProps_match_matchInfo_games_0_playerGameStats_9_team,props_pageProps_match_matchInfo_games_0_playerGameStats_9_teamPerid,props_pageProps_match_matchInfo_games_0_playerGameStats_9_totalDamageTeamfights,props_pageProps_match_matchInfo_games_0_playerGameStats_9_totalGold,props_pageProps_match_matchInfo_games_0_playerGameStats_9_tripleKills,props_pageProps_match_matchInfo_games_0_playerGameStats_9_visionScore,props_pageProps_match_matchInfo_games_0_playerGameStats_9_wardsKilled,props_pageProps_match_matchInfo_games_0_playerGameStats_9_wardsPlaced,props_pageProps_match_matchInfo_games_0_rb1,props_pageProps_match_matchInfo_games_0_rb2,props_pageProps_match_matchInfo_games_0_rb3,props_pageProps_match_matchInfo_games_0_rb4,props_pageProps_match_matchInfo_games_0_rb5,props_pageProps_match_matchInfo_games_0_region,props_pageProps_match_matchInfo_games_0_rp1,props_pageProps_match_matchInfo_games_0_rp2,props_pageProps_match_matchInfo_games_0_rp3,props_pageProps_match_matchInfo_games_0_rp4,props_pageProps_match_matchInfo_games_0_rp5,props_pageProps_match_matchInfo_games_0_seriesCurr,props_pageProps_match_matchInfo_games_0_seriesMax,props_pageProps_match_matchInfo_games_0_seriesType,props_pageProps_match_matchInfo_games_0_snapshotPlayerStats_0___typename,props_pageProps_match_matchInfo_games_0_snapshotPlayerStats_0_alive,props_pageProps_match_matchInfo_games_0_snapshotPlayerStats_0_assists,props_pageProps_match_matchInfo_games_0_snapshotPlayerStats_0_ccReduction,props_pageProps_match_matchInfo_games_0_snapshotPlayerStats_0_champion,props_pageProps_match_matchInfo_games_0_snapshotPlayerStats_0_champsKilled,props_pageProps_match_matchInfo_games_0_snapshotPlayerStats_0_cooldownReduction,props_pageProps_match_matchInfo_games_0_snapshotPlayerStats_0_currentGold,props_pageProps_match_matchInfo_games_0_snapshotPlayerStats_0_deaths,props_pageProps_match_matchInfo_games_0_snapshotPlayerStats_0_eventDateTime,props_pageProps_match_matchInfo_games_0_snapshotPlayerStats_0_gameOver,props_pageProps_match_matchInfo_games_0_snapshotPlayerStats_0_gameTime,props_pageProps_match_matchInfo_games_0_snapshotPlayerStats_0_goldPerSecond,props_pageProps_match_matchInfo_games_0_snapshotPlayerStats_0_health,props_pageProps_match_matchInfo_games_0_snapshotPlayerStats_0_healthMax,props_pageProps_match_matchInfo_games_0_snapshotPlayerStats_0_item10Id,props_pageProps_match_matchInfo_games_0_snapshotPlayerStats_0_item11Id,props_pageProps_match_matchInfo_games_0_snapshotPlayerStats_0_item1Id,props_pageProps_match_matchInfo_games_0_snapshotPlayerStats_0_item2Id,props_pageProps_match_matchInfo_games_0_snapshotPlayerStats_0_item3Id,props_pageProps_match_matchInfo_games_0_snapshotPlayerStats_0_item4Id,props_pageProps_match_matchInfo_games_0_snapshotPlayerStats_0_item5Id,props_pageProps_match_matchInfo_games_0_snapshotPlayerStats_0_item6Id,props_pageProps_match_matchInfo_games_0_snapshotPlayerStats_0_item7Id,props_pageProps_match_matchInfo_games_0_snapshotPlayerStats_0_item8Id,props_pageProps_match_matchInfo_games_0_snapshotPlayerStats_0_item9Id,props_pageProps_match_matchInfo_games_0_snapshotPlayerStats_0_level,props_pageProps_match_matchInfo_games_0_snapshotPlayerStats_0_lifeSteal,props_pageProps_match_matchInfo_games_0_snapshotPlayerStats_0_minionsKilled,props_pageProps_match_matchInfo_games_0_snapshotPlayerStats_0_neutralMinionsKilled,props_pageProps_match_matchInfo_games_0_snapshotPlayerStats_0_neutralMinionsKilledEnemyJungle,props_pageProps_match_matchInfo_games_0_snapshotPlayerStats_0_neutralMinionsKilledYourJungle,props_pageProps_match_matchInfo_games_0_snapshotPlayerStats_0_paused,props_pageProps_match_matchInfo_games_0_snapshotPlayerStats_0_player,props_pageProps_match_matchInfo_games_0_snapshotPlayerStats_0_playerPerid,props_pageProps_match_matchInfo_games_0_snapshotPlayerStats_0_playerUrn,props_pageProps_match_matchInfo_games_0_snapshotPlayerStats_0_posX,props_pageProps_match_matchInfo_games_0_snapshotPlayerStats_0_posY,props_pageProps_match_matchInfo_games_0_snapshotPlayerStats_0_respawnTimer,props_pageProps_match_matchInfo_games_0_snapshotPlayerStats_0_rune1Id,props_pageProps_match_matchInfo_games_0_snapshotPlayerStats_0_rune2Id,props_pageProps_match_matchInfo_games_0_snapshotPlayerStats_0_rune3Id,props_pageProps_match_matchInfo_games_0_snapshotPlayerStats_0_rune4Id,props_pageProps_match_matchInfo_games_0_snapshotPlayerStats_0_rune5Id,props_pageProps_match_matchInfo_games_0_snapshotPlayerStats_0_rune6Id,props_pageProps_match_matchInfo_games_0_snapshotPlayerStats_0_spellVamp,props_pageProps_match_matchInfo_games_0_snapshotPlayerStats_0_summonerLevel,props_pageProps_match_matchInfo_games_0_snapshotPlayerStats_0_team,props_pageProps_match_matchInfo_games_0_snapshotPlayerStats_0_teamPerid,props_pageProps_match_matchInfo_games_0_snapshotPlayerStats_0_teamUrn,props_pageProps_match_matchInfo_games_0_snapshotPlayerStats_0_totalGold,props_pageProps_match_matchInfo_games_0_snapshotPlayerStats_0_trinket1Id,props_pageProps_match_matchInfo_games_0_snapshotPlayerStats_0_trinket2Id,props_pageProps_match_matchInfo_games_0_snapshotPlayerStats_0_trinket3Id,props_pageProps_match_matchInfo_games_0_snapshotPlayerStats_0_trinket4Id,props_pageProps_match_matchInfo_games_0_snapshotPlayerStats_0_trinket5Id,props_pageProps_match_matchInfo_games_0_snapshotPlayerStats_0_upsertAt,props_pageProps_match_matchInfo_games_0_snapshotPlayerStats_0_visionScore,props_pageProps_match_matchInfo_games_0_snapshotPlayerStats_0_wardsKilled,props_pageProps_match_matchInfo_games_0_snapshotPlayerStats_0_wardsPlaced,props_pageProps_match_matchInfo_games_0_snapshotPlayerStats_0_winningTeam,props_pageProps_match_matchInfo_games_0_snapshotPlayerStats_0_xp,props_pageProps_match_matchInfo_games_0_snapshotPlayerStats_1___typename,props_pageProps_match_matchInfo_games_0_snapshotPlayerStats_1_alive,props_pageProps_match_matchInfo_games_0_snapshotPlayerStats_1_assists,props_pageProps_match_matchInfo_games_0_snapshotPlayerStats_1_ccReduction,props_pageProps_match_matchInfo_games_0_snapshotPlayerStats_1_champion,props_pageProps_match_matchInfo_games_0_snapshotPlayerStats_1_champsKilled,props_pageProps_match_matchInfo_games_0_snapshotPlayerStats_1_cooldownReduction,props_pageProps_match_matchInfo_games_0_snapshotPlayerStats_1_currentGold,props_pageProps_match_matchInfo_games_0_snapshotPlayerStats_1_deaths,props_pageProps_match_matchInfo_games_0_snapshotPlayerStats_1_eventDateTime,props_pageProps_match_matchInfo_games_0_snapshotPlayerStats_1_gameOver,props_pageProps_match_matchInfo_games_0_snapshotPlayerStats_1_gameTime,props_pageProps_match_matchInfo_games_0_snapshotPlayerStats_1_goldPerSecond,props_pageProps_match_matchInfo_games_0_snapshotPlayerStats_1_health,props_pageProps_match_matchInfo_games_0_snapshotPlayerStats_1_healthMax,props_pageProps_match_matchInfo_games_0_snapshotPlayerStats_1_item10Id,props_pageProps_match_matchInfo_games_0_snapshotPlayerStats_1_item11Id,props_pageProps_match_matchInfo_games_0_snapshotPlayerStats_1_item1Id,props_pageProps_match_matchInfo_games_0_snapshotPlayerStats_1_item2Id,props_pageProps_match_matchInfo_games_0_snapshotPlayerStats_1_item3Id,props_pageProps_match_matchInfo_games_0_snapshotPlayerStats_1_item4Id,props_pageProps_match_matchInfo_games_0_snapshotPlayerStats_1_item5Id,props_pageProps_match_matchInfo_games_0_snapshotPlayerStats_1_item6Id,props_pageProps_match_matchInfo_games_0_snapshotPlayerStats_1_item7Id,props_pageProps_match_matchInfo_games_0_snapshotPlayerStats_1_item8Id,props_pageProps_match_matchInfo_games_0_snapshotPlayerStats_1_item9Id,props_pageProps_match_matchInfo_games_0_snapshotPlayerStats_1_level,props_pageProps_match_matchInfo_games_0_snapshotPlayerStats_1_lifeSteal,props_pageProps_match_matchInfo_games_0_snapshotPlayerStats_1_minionsKilled,props_pageProps_match_matchInfo_games_0_snapshotPlayerStats_1_neutralMinionsKilled,props_pageProps_match_matchInfo_games_0_snapshotPlayerStats_1_neutralMinionsKilledEnemyJungle,props_pageProps_match_matchInfo_games_0_snapshotPlayerStats_1_neutralMinionsKilledYourJungle,props_pageProps_match_matchInfo_games_0_snapshotPlayerStats_1_paused,props_pageProps_match_matchInfo_games_0_snapshotPlayerStats_1_player,props_pageProps_match_matchInfo_games_0_snapshotPlayerStats_1_playerPerid,props_pageProps_match_matchInfo_games_0_snapshotPlayerStats_1_playerUrn,props_pageProps_match_matchInfo_games_0_snapshotPlayerStats_1_posX,props_pageProps_match_matchInfo_games_0_snapshotPlayerStats_1_posY,props_pageProps_match_matchInfo_games_0_snapshotPlayerStats_1_respawnTimer,props_pageProps_match_matchInfo_games_0_snapshotPlayerStats_1_rune1Id,props_pageProps_match_matchInfo_games_0_snapshotPlayerStats_1_rune2Id,props_pageProps_match_matchInfo_games_0_snapshotPlayerStats_1_rune3Id,props_pageProps_match_matchInfo_games_0_snapshotPlayerStats_1_rune4Id,props_pageProps_match_matchInfo_games_0_snapshotPlayerStats_1_rune5Id,props_pageProps_match_matchInfo_games_0_snapshotPlayerStats_1_rune6Id,props_pageProps_match_matchInfo_games_0_snapshotPlayerStats_1_spellVamp,props_pageProps_match_matchInfo_games_0_snapshotPlayerStats_1_summonerLevel,props_pageProps_match_matchInfo_games_0_snapshotPlayerStats_1_team,props_pageProps_match_matchInfo_games_0_snapshotPlayerStats_1_teamPerid,props_pageProps_match_matchInfo_games_0_snapshotPlayerStats_1_teamUrn,props_pageProps_match_matchInfo_games_0_snapshotPlayerStats_1_totalGold,props_pageProps_match_matchInfo_games_0_snapshotPlayerStats_1_trinket1Id,props_pageProps_match_matchInfo_games_0_snapshotPlayerStats_1_trinket2Id,props_pageProps_match_matchInfo_games_0_snapshotPlayerStats_1_trinket3Id,props_pageProps_match_matchInfo_games_0_snapshotPlayerStats_1_trinket4Id,props_pageProps_match_matchInfo_games_0_snapshotPlayerStats_1_trinket5Id,props_pageProps_match_matchInfo_games_0_snapshotPlayerStats_1_upsertAt,props_pageProps_match_matchInfo_games_0_snapshotPlayerStats_1_visionScore,props_pageProps_match_matchInfo_games_0_snapshotPlayerStats_1_wardsKilled,props_pageProps_match_matchInfo_games_0_snapshotPlayerStats_1_wardsPlaced,props_pageProps_match_matchInfo_games_0_snapshotPlayerStats_1_winningTeam,props_pageProps_match_matchInfo_games_0_snapshotPlayerStats_1_xp,props_pageProps_match_matchInfo_games_0_snapshotPlayerStats_2___typename,props_pageProps_match_matchInfo_games_0_snapshotPlayerStats_2_alive,props_pageProps_match_matchInfo_games_0_snapshotPlayerStats_2_assists,props_pageProps_match_matchInfo_games_0_snapshotPlayerStats_2_ccReduction,props_pageProps_match_matchInfo_games_0_snapshotPlayerStats_2_champion,props_pageProps_match_matchInfo_games_0_snapshotPlayerStats_2_champsKilled,props_pageProps_match_matchInfo_games_0_snapshotPlayerStats_2_cooldownReduction,props_pageProps_match_matchInfo_games_0_snapshotPlayerStats_2_currentGold,props_pageProps_match_matchInfo_games_0_snapshotPlayerStats_2_deaths,props_pageProps_match_matchInfo_games_0_snapshotPlayerStats_2_eventDateTime,props_pageProps_match_matchInfo_games_0_snapshotPlayerStats_2_gameOver,props_pageProps_match_matchInfo_games_0_snapshotPlayerStats_2_gameTime,props_pageProps_match_matchInfo_games_0_snapshotPlayerStats_2_goldPerSecond,props_pageProps_match_matchInfo_games_0_snapshotPlayerStats_2_health,props_pageProps_match_matchInfo_games_0_snapshotPlayerStats_2_healthMax,props_pageProps_match_matchInfo_games_0_snapshotPlayerStats_2_item10Id,props_pageProps_match_matchInfo_games_0_snapshotPlayerStats_2_item11Id,props_pageProps_match_matchInfo_games_0_snapshotPlayerStats_2_item1Id,props_pageProps_match_matchInfo_games_0_snapshotPlayerStats_2_item2Id,props_pageProps_match_matchInfo_games_0_snapshotPlayerStats_2_item3Id,props_pageProps_match_matchInfo_games_0_snapshotPlayerStats_2_item4Id,props_pageProps_match_matchInfo_games_0_snapshotPlayerStats_2_item5Id,props_pageProps_match_matchInfo_games_0_snapshotPlayerStats_2_item6Id,props_pageProps_match_matchInfo_games_0_snapshotPlayerStats_2_item7Id,props_pageProps_match_matchInfo_games_0_snapshotPlayerStats_2_item8Id,props_pageProps_match_matchInfo_games_0_snapshotPlayerStats_2_item9Id,props_pageProps_match_matchInfo_games_0_snapshotPlayerStats_2_level,props_pageProps_match_matchInfo_games_0_snapshotPlayerStats_2_lifeSteal,props_pageProps_match_matchInfo_games_0_snapshotPlayerStats_2_minionsKilled,props_pageProps_match_matchInfo_games_0_snapshotPlayerStats_2_neutralMinionsKilled,props_pageProps_match_matchInfo_games_0_snapshotPlayerStats_2_neutralMinionsKilledEnemyJungle,props_pageProps_match_matchInfo_games_0_snapshotPlayerStats_2_neutralMinionsKilledYourJungle,props_pageProps_match_matchInfo_games_0_snapshotPlayerStats_2_paused,props_pageProps_match_matchInfo_games_0_snapshotPlayerStats_2_player,props_pageProps_match_matchInfo_games_0_snapshotPlayerStats_2_playerPerid,props_pageProps_match_matchInfo_games_0_snapshotPlayerStats_2_playerUrn,props_pageProps_match_matchInfo_games_0_snapshotPlayerStats_2_posX,props_pageProps_match_matchInfo_games_0_snapshotPlayerStats_2_posY,props_pageProps_match_matchInfo_games_0_snapshotPlayerStats_2_respawnTimer,props_pageProps_match_matchInfo_games_0_snapshotPlayerStats_2_rune1Id,props_pageProps_match_matchInfo_games_0_snapshotPlayerStats_2_rune2Id,props_pageProps_match_matchInfo_games_0_snapshotPlayerStats_2_rune3Id,props_pageProps_match_matchInfo_games_0_snapshotPlayerStats_2_rune4Id,props_pageProps_match_matchInfo_games_0_snapshotPlayerStats_2_rune5Id,props_pageProps_match_matchInfo_games_0_snapshotPlayerStats_2_rune6Id,props_pageProps_match_matchInfo_games_0_snapshotPlayerStats_2_spellVamp,props_pageProps_match_matchInfo_games_0_snapshotPlayerStats_2_summonerLevel,props_pageProps_match_matchInfo_games_0_snapshotPlayerStats_2_team,props_pageProps_match_matchInfo_games_0_snapshotPlayerStats_2_teamPerid,props_pageProps_match_matchInfo_games_0_snapshotPlayerStats_2_teamUrn,props_pageProps_match_matchInfo_games_0_snapshotPlayerStats_2_totalGold,props_pageProps_match_matchInfo_games_0_snapshotPlayerStats_2_trinket1Id,props_pageProps_match_matchInfo_games_0_snapshotPlayerStats_2_trinket2Id,props_pageProps_match_matchInfo_games_0_snapshotPlayerStats_2_trinket3Id,props_pageProps_match_matchInfo_games_0_snapshotPlayerStats_2_trinket4Id,props_pageProps_match_matchInfo_games_0_snapshotPlayerStats_2_trinket5Id,props_pageProps_match_matchInfo_games_0_snapshotPlayerStats_2_upsertAt,props_pageProps_match_matchInfo_games_0_snapshotPlayerStats_2_visionScore,props_pageProps_match_matchInfo_games_0_snapshotPlayerStats_2_wardsKilled,props_pageProps_match_matchInfo_games_0_snapshotPlayerStats_2_wardsPlaced,props_pageProps_match_matchInfo_games_0_snapshotPlayerStats_2_winningTeam,props_pageProps_match_matchInfo_games_0_snapshotPlayerStats_2_xp,props_pageProps_match_matchInfo_games_0_snapshotPlayerStats_3___typename,props_pageProps_match_matchInfo_games_0_snapshotPlayerStats_3_alive,props_pageProps_match_matchInfo_games_0_snapshotPlayerStats_3_assists,props_pageProps_match_matchInfo_games_0_snapshotPlayerStats_3_ccReduction,props_pageProps_match_matchInfo_games_0_snapshotPlayerStats_3_champion,props_pageProps_match_matchInfo_games_0_snapshotPlayerStats_3_champsKilled,props_pageProps_match_matchInfo_games_0_snapshotPlayerStats_3_cooldownReduction,props_pageProps_match_matchInfo_games_0_snapshotPlayerStats_3_currentGold,props_pageProps_match_matchInfo_games_0_snapshotPlayerStats_3_deaths,props_pageProps_match_matchInfo_games_0_snapshotPlayerStats_3_eventDateTime,props_pageProps_match_matchInfo_games_0_snapshotPlayerStats_3_gameOver,props_pageProps_match_matchInfo_games_0_snapshotPlayerStats_3_gameTime,props_pageProps_match_matchInfo_games_0_snapshotPlayerStats_3_goldPerSecond,props_pageProps_match_matchInfo_games_0_snapshotPlayerStats_3_health,props_pageProps_match_matchInfo_games_0_snapshotPlayerStats_3_healthMax,props_pageProps_match_matchInfo_games_0_snapshotPlayerStats_3_item10Id,props_pageProps_match_matchInfo_games_0_snapshotPlayerStats_3_item11Id,props_pageProps_match_matchInfo_games_0_snapshotPlayerStats_3_item1Id,props_pageProps_match_matchInfo_games_0_snapshotPlayerStats_3_item2Id,props_pageProps_match_matchInfo_games_0_snapshotPlayerStats_3_item3Id,props_pageProps_match_matchInfo_games_0_snapshotPlayerStats_3_item4Id,props_pageProps_match_matchInfo_games_0_snapshotPlayerStats_3_item5Id,props_pageProps_match_matchInfo_games_0_snapshotPlayerStats_3_item6Id,props_pageProps_match_matchInfo_games_0_snapshotPlayerStats_3_item7Id,props_pageProps_match_matchInfo_games_0_snapshotPlayerStats_3_item8Id,props_pageProps_match_matchInfo_games_0_snapshotPlayerStats_3_item9Id,props_pageProps_match_matchInfo_games_0_snapshotPlayerStats_3_level,props_pageProps_match_matchInfo_games_0_snapshotPlayerStats_3_lifeSteal,props_pageProps_match_matchInfo_games_0_snapshotPlayerStats_3_minionsKilled,props_pageProps_match_matchInfo_games_0_snapshotPlayerStats_3_neutralMinionsKilled,props_pageProps_match_matchInfo_games_0_snapshotPlayerStats_3_neutralMinionsKilledEnemyJungle,props_pageProps_match_matchInfo_games_0_snapshotPlayerStats_3_neutralMinionsKilledYourJungle,props_pageProps_match_matchInfo_games_0_snapshotPlayerStats_3_paused,props_pageProps_match_matchInfo_games_0_snapshotPlayerStats_3_player,props_pageProps_match_matchInfo_games_0_snapshotPlayerStats_3_playerPerid,props_pageProps_match_matchInfo_games_0_snapshotPlayerStats_3_playerUrn,props_pageProps_match_matchInfo_games_0_snapshotPlayerStats_3_posX,props_pageProps_match_matchInfo_games_0_snapshotPlayerStats_3_posY,props_pageProps_match_matchInfo_games_0_snapshotPlayerStats_3_respawnTimer,props_pageProps_match_matchInfo_games_0_snapshotPlayerStats_3_rune1Id,props_pageProps_match_matchInfo_games_0_snapshotPlayerStats_3_rune2Id,props_pageProps_match_matchInfo_games_0_snapshotPlayerStats_3_rune3Id,props_pageProps_match_matchInfo_games_0_snapshotPlayerStats_3_rune4Id,props_pageProps_match_matchInfo_games_0_snapshotPlayerStats_3_rune5Id,props_pageProps_match_matchInfo_games_0_snapshotPlayerStats_3_rune6Id,props_pageProps_match_matchInfo_games_0_snapshotPlayerStats_3_spellVamp,props_pageProps_match_matchInfo_games_0_snapshotPlayerStats_3_summonerLevel,props_pageProps_match_matchInfo_games_0_snapshotPlayerStats_3_team,props_pageProps_match_matchInfo_games_0_snapshotPlayerStats_3_teamPerid,props_pageProps_match_matchInfo_games_0_snapshotPlayerStats_3_teamUrn,props_pageProps_match_matchInfo_games_0_snapshotPlayerStats_3_totalGold,props_pageProps_match_matchInfo_games_0_snapshotPlayerStats_3_trinket1Id,props_pageProps_match_matchInfo_games_0_snapshotPlayerStats_3_trinket2Id,props_pageProps_match_matchInfo_games_0_snapshotPlayerStats_3_trinket3Id,props_pageProps_match_matchInfo_games_0_snapshotPlayerStats_3_trinket4Id,props_pageProps_match_matchInfo_games_0_snapshotPlayerStats_3_trinket5Id,props_pageProps_match_matchInfo_games_0_snapshotPlayerStats_3_upsertAt,props_pageProps_match_matchInfo_games_0_snapshotPlayerStats_3_visionScore,props_pageProps_match_matchInfo_games_0_snapshotPlayerStats_3_wardsKilled,props_pageProps_match_matchInfo_games_0_snapshotPlayerStats_3_wardsPlaced,props_pageProps_match_matchInfo_games_0_snapshotPlayerStats_3_winningTeam,props_pageProps_match_matchInfo_games_0_snapshotPlayerStats_3_xp,props_pageProps_match_matchInfo_games_0_snapshotPlayerStats_4___typename,props_pageProps_match_matchInfo_games_0_snapshotPlayerStats_4_alive,props_pageProps_match_matchInfo_games_0_snapshotPlayerStats_4_assists,props_pageProps_match_matchInfo_games_0_snapshotPlayerStats_4_ccReduction,props_pageProps_match_matchInfo_games_0_snapshotPlayerStats_4_champion,props_pageProps_match_matchInfo_games_0_snapshotPlayerStats_4_champsKilled,props_pageProps_match_matchInfo_games_0_snapshotPlayerStats_4_cooldownReduction,props_pageProps_match_matchInfo_games_0_snapshotPlayerStats_4_currentGold,props_pageProps_match_matchInfo_games_0_snapshotPlayerStats_4_deaths,props_pageProps_match_matchInfo_games_0_snapshotPlayerStats_4_eventDateTime,props_pageProps_match_matchInfo_games_0_snapshotPlayerStats_4_gameOver,props_pageProps_match_matchInfo_games_0_snapshotPlayerStats_4_gameTime,props_pageProps_match_matchInfo_games_0_snapshotPlayerStats_4_goldPerSecond,props_pageProps_match_matchInfo_games_0_snapshotPlayerStats_4_health,props_pageProps_match_matchInfo_games_0_snapshotPlayerStats_4_healthMax,props_pageProps_match_matchInfo_games_0_snapshotPlayerStats_4_item10Id,props_pageProps_match_matchInfo_games_0_snapshotPlayerStats_4_item11Id,props_pageProps_match_matchInfo_games_0_snapshotPlayerStats_4_item1Id,props_pageProps_match_matchInfo_games_0_snapshotPlayerStats_4_item2Id,props_pageProps_match_matchInfo_games_0_snapshotPlayerStats_4_item3Id,props_pageProps_match_matchInfo_games_0_snapshotPlayerStats_4_item4Id,props_pageProps_match_matchInfo_games_0_snapshotPlayerStats_4_item5Id,props_pageProps_match_matchInfo_games_0_snapshotPlayerStats_4_item6Id,props_pageProps_match_matchInfo_games_0_snapshotPlayerStats_4_item7Id,props_pageProps_match_matchInfo_games_0_snapshotPlayerStats_4_item8Id,props_pageProps_match_matchInfo_games_0_snapshotPlayerStats_4_item9Id,props_pageProps_match_matchInfo_games_0_snapshotPlayerStats_4_level,props_pageProps_match_matchInfo_games_0_snapshotPlayerStats_4_lifeSteal,props_pageProps_match_matchInfo_games_0_snapshotPlayerStats_4_minionsKilled,props_pageProps_match_matchInfo_games_0_snapshotPlayerStats_4_neutralMinionsKilled,props_pageProps_match_matchInfo_games_0_snapshotPlayerStats_4_neutralMinionsKilledEnemyJungle,props_pageProps_match_matchInfo_games_0_snapshotPlayerStats_4_neutralMinionsKilledYourJungle,props_pageProps_match_matchInfo_games_0_snapshotPlayerStats_4_paused,props_pageProps_match_matchInfo_games_0_snapshotPlayerStats_4_player,props_pageProps_match_matchInfo_games_0_snapshotPlayerStats_4_playerPerid,props_pageProps_match_matchInfo_games_0_snapshotPlayerStats_4_playerUrn,props_pageProps_match_matchInfo_games_0_snapshotPlayerStats_4_posX,props_pageProps_match_matchInfo_games_0_snapshotPlayerStats_4_posY,props_pageProps_match_matchInfo_games_0_snapshotPlayerStats_4_respawnTimer,props_pageProps_match_matchInfo_games_0_snapshotPlayerStats_4_rune1Id,props_pageProps_match_matchInfo_games_0_snapshotPlayerStats_4_rune2Id,props_pageProps_match_matchInfo_games_0_snapshotPlayerStats_4_rune3Id,props_pageProps_match_matchInfo_games_0_snapshotPlayerStats_4_rune4Id,props_pageProps_match_matchInfo_games_0_snapshotPlayerStats_4_rune5Id,props_pageProps_match_matchInfo_games_0_snapshotPlayerStats_4_rune6Id,props_pageProps_match_matchInfo_games_0_snapshotPlayerStats_4_spellVamp,props_pageProps_match_matchInfo_games_0_snapshotPlayerStats_4_summonerLevel,props_pageProps_match_matchInfo_games_0_snapshotPlayerStats_4_team,props_pageProps_match_matchInfo_games_0_snapshotPlayerStats_4_teamPerid,props_pageProps_match_matchInfo_games_0_snapshotPlayerStats_4_teamUrn,props_pageProps_match_matchInfo_games_0_snapshotPlayerStats_4_totalGold,props_pageProps_match_matchInfo_games_0_snapshotPlayerStats_4_trinket1Id,props_pageProps_match_matchInfo_games_0_snapshotPlayerStats_4_trinket2Id,props_pageProps_match_matchInfo_games_0_snapshotPlayerStats_4_trinket3Id,props_pageProps_match_matchInfo_games_0_snapshotPlayerStats_4_trinket4Id,props_pageProps_match_matchInfo_games_0_snapshotPlayerStats_4_trinket5Id,props_pageProps_match_matchInfo_games_0_snapshotPlayerStats_4_upsertAt,props_pageProps_match_matchInfo_games_0_snapshotPlayerStats_4_visionScore,props_pageProps_match_matchInfo_games_0_snapshotPlayerStats_4_wardsKilled,props_pageProps_match_matchInfo_games_0_snapshotPlayerStats_4_wardsPlaced,props_pageProps_match_matchInfo_games_0_snapshotPlayerStats_4_winningTeam,props_pageProps_match_matchInfo_games_0_snapshotPlayerStats_4_xp,props_pageProps_match_matchInfo_games_0_snapshotPlayerStats_5___typename,props_pageProps_match_matchInfo_games_0_snapshotPlayerStats_5_alive,props_pageProps_match_matchInfo_games_0_snapshotPlayerStats_5_assists,props_pageProps_match_matchInfo_games_0_snapshotPlayerStats_5_ccReduction,props_pageProps_match_matchInfo_games_0_snapshotPlayerStats_5_champion,props_pageProps_match_matchInfo_games_0_snapshotPlayerStats_5_champsKilled,props_pageProps_match_matchInfo_games_0_snapshotPlayerStats_5_cooldownReduction,props_pageProps_match_matchInfo_games_0_snapshotPlayerStats_5_currentGold,props_pageProps_match_matchInfo_games_0_snapshotPlayerStats_5_deaths,props_pageProps_match_matchInfo_games_0_snapshotPlayerStats_5_eventDateTime,props_pageProps_match_matchInfo_games_0_snapshotPlayerStats_5_gameOver,props_pageProps_match_matchInfo_games_0_snapshotPlayerStats_5_gameTime,props_pageProps_match_matchInfo_games_0_snapshotPlayerStats_5_goldPerSecond,props_pageProps_match_matchInfo_games_0_snapshotPlayerStats_5_health,props_pageProps_match_matchInfo_games_0_snapshotPlayerStats_5_healthMax,props_pageProps_match_matchInfo_games_0_snapshotPlayerStats_5_item10Id,props_pageProps_match_matchInfo_games_0_snapshotPlayerStats_5_item11Id,props_pageProps_match_matchInfo_games_0_snapshotPlayerStats_5_item1Id,props_pageProps_match_matchInfo_games_0_snapshotPlayerStats_5_item2Id,props_pageProps_match_matchInfo_games_0_snapshotPlayerStats_5_item3Id,props_pageProps_match_matchInfo_games_0_snapshotPlayerStats_5_item4Id,props_pageProps_match_matchInfo_games_0_snapshotPlayerStats_5_item5Id,props_pageProps_match_matchInfo_games_0_snapshotPlayerStats_5_item6Id,props_pageProps_match_matchInfo_games_0_snapshotPlayerStats_5_item7Id,props_pageProps_match_matchInfo_games_0_snapshotPlayerStats_5_item8Id,props_pageProps_match_matchInfo_games_0_snapshotPlayerStats_5_item9Id,props_pageProps_match_matchInfo_games_0_snapshotPlayerStats_5_level,props_pageProps_match_matchInfo_games_0_snapshotPlayerStats_5_lifeSteal,props_pageProps_match_matchInfo_games_0_snapshotPlayerStats_5_minionsKilled,props_pageProps_match_matchInfo_games_0_snapshotPlayerStats_5_neutralMinionsKilled,props_pageProps_match_matchInfo_games_0_snapshotPlayerStats_5_neutralMinionsKilledEnemyJungle,props_pageProps_match_matchInfo_games_0_snapshotPlayerStats_5_neutralMinionsKilledYourJungle,props_pageProps_match_matchInfo_games_0_snapshotPlayerStats_5_paused,props_pageProps_match_matchInfo_games_0_snapshotPlayerStats_5_player,props_pageProps_match_matchInfo_games_0_snapshotPlayerStats_5_playerPerid,props_pageProps_match_matchInfo_games_0_snapshotPlayerStats_5_playerUrn,props_pageProps_match_matchInfo_games_0_snapshotPlayerStats_5_posX,props_pageProps_match_matchInfo_games_0_snapshotPlayerStats_5_posY,props_pageProps_match_matchInfo_games_0_snapshotPlayerStats_5_respawnTimer,props_pageProps_match_matchInfo_games_0_snapshotPlayerStats_5_rune1Id,props_pageProps_match_matchInfo_games_0_snapshotPlayerStats_5_rune2Id,props_pageProps_match_matchInfo_games_0_snapshotPlayerStats_5_rune3Id,props_pageProps_match_matchInfo_games_0_snapshotPlayerStats_5_rune4Id,props_pageProps_match_matchInfo_games_0_snapshotPlayerStats_5_rune5Id,props_pageProps_match_matchInfo_games_0_snapshotPlayerStats_5_rune6Id,props_pageProps_match_matchInfo_games_0_snapshotPlayerStats_5_spellVamp,props_pageProps_match_matchInfo_games_0_snapshotPlayerStats_5_summonerLevel,props_pageProps_match_matchInfo_games_0_snapshotPlayerStats_5_team,props_pageProps_match_matchInfo_games_0_snapshotPlayerStats_5_teamPerid,props_pageProps_match_matchInfo_games_0_snapshotPlayerStats_5_teamUrn,props_pageProps_match_matchInfo_games_0_snapshotPlayerStats_5_totalGold,props_pageProps_match_matchInfo_games_0_snapshotPlayerStats_5_trinket1Id,props_pageProps_match_matchInfo_games_0_snapshotPlayerStats_5_trinket2Id,props_pageProps_match_matchInfo_games_0_snapshotPlayerStats_5_trinket3Id,props_pageProps_match_matchInfo_games_0_snapshotPlayerStats_5_trinket4Id,props_pageProps_match_matchInfo_games_0_snapshotPlayerStats_5_trinket5Id,props_pageProps_match_matchInfo_games_0_snapshotPlayerStats_5_upsertAt,props_pageProps_match_matchInfo_games_0_snapshotPlayerStats_5_visionScore,props_pageProps_match_matchInfo_games_0_snapshotPlayerStats_5_wardsKilled,props_pageProps_match_matchInfo_games_0_snapshotPlayerStats_5_wardsPlaced,props_pageProps_match_matchInfo_games_0_snapshotPlayerStats_5_winningTeam,props_pageProps_match_matchInfo_games_0_snapshotPlayerStats_5_xp,props_pageProps_match_matchInfo_games_0_snapshotPlayerStats_6___typename,props_pageProps_match_matchInfo_games_0_snapshotPlayerStats_6_alive,props_pageProps_match_matchInfo_games_0_snapshotPlayerStats_6_assists,props_pageProps_match_matchInfo_games_0_snapshotPlayerStats_6_ccReduction,props_pageProps_match_matchInfo_games_0_snapshotPlayerStats_6_champion,props_pageProps_match_matchInfo_games_0_snapshotPlayerStats_6_champsKilled,props_pageProps_match_matchInfo_games_0_snapshotPlayerStats_6_cooldownReduction,props_pageProps_match_matchInfo_games_0_snapshotPlayerStats_6_currentGold,props_pageProps_match_matchInfo_games_0_snapshotPlayerStats_6_deaths,props_pageProps_match_matchInfo_games_0_snapshotPlayerStats_6_eventDateTime,props_pageProps_match_matchInfo_games_0_snapshotPlayerStats_6_gameOver,props_pageProps_match_matchInfo_games_0_snapshotPlayerStats_6_gameTime,props_pageProps_match_matchInfo_games_0_snapshotPlayerStats_6_goldPerSecond,props_pageProps_match_matchInfo_games_0_snapshotPlayerStats_6_health,props_pageProps_match_matchInfo_games_0_snapshotPlayerStats_6_healthMax,props_pageProps_match_matchInfo_games_0_snapshotPlayerStats_6_item10Id,props_pageProps_match_matchInfo_games_0_snapshotPlayerStats_6_item11Id,props_pageProps_match_matchInfo_games_0_snapshotPlayerStats_6_item1Id,props_pageProps_match_matchInfo_games_0_snapshotPlayerStats_6_item2Id,props_pageProps_match_matchInfo_games_0_snapshotPlayerStats_6_item3Id,props_pageProps_match_matchInfo_games_0_snapshotPlayerStats_6_item4Id,props_pageProps_match_matchInfo_games_0_snapshotPlayerStats_6_item5Id,props_pageProps_match_matchInfo_games_0_snapshotPlayerStats_6_item6Id,props_pageProps_match_matchInfo_games_0_snapshotPlayerStats_6_item7Id,props_pageProps_match_matchInfo_games_0_snapshotPlayerStats_6_item8Id,props_pageProps_match_matchInfo_games_0_snapshotPlayerStats_6_item9Id,props_pageProps_match_matchInfo_games_0_snapshotPlayerStats_6_level,props_pageProps_match_matchInfo_games_0_snapshotPlayerStats_6_lifeSteal,props_pageProps_match_matchInfo_games_0_snapshotPlayerStats_6_minionsKilled,props_pageProps_match_matchInfo_games_0_snapshotPlayerStats_6_neutralMinionsKilled,props_pageProps_match_matchInfo_games_0_snapshotPlayerStats_6_neutralMinionsKilledEnemyJungle,props_pageProps_match_matchInfo_games_0_snapshotPlayerStats_6_neutralMinionsKilledYourJungle,props_pageProps_match_matchInfo_games_0_snapshotPlayerStats_6_paused,props_pageProps_match_matchInfo_games_0_snapshotPlayerStats_6_player,props_pageProps_match_matchInfo_games_0_snapshotPlayerStats_6_playerPerid,props_pageProps_match_matchInfo_games_0_snapshotPlayerStats_6_playerUrn,props_pageProps_match_matchInfo_games_0_snapshotPlayerStats_6_posX,props_pageProps_match_matchInfo_games_0_snapshotPlayerStats_6_posY,props_pageProps_match_matchInfo_games_0_snapshotPlayerStats_6_respawnTimer,props_pageProps_match_matchInfo_games_0_snapshotPlayerStats_6_rune1Id,props_pageProps_match_matchInfo_games_0_snapshotPlayerStats_6_rune2Id,props_pageProps_match_matchInfo_games_0_snapshotPlayerStats_6_rune3Id,props_pageProps_match_matchInfo_games_0_snapshotPlayerStats_6_rune4Id,props_pageProps_match_matchInfo_games_0_snapshotPlayerStats_6_rune5Id,props_pageProps_match_matchInfo_games_0_snapshotPlayerStats_6_rune6Id,props_pageProps_match_matchInfo_games_0_snapshotPlayerStats_6_spellVamp,props_pageProps_match_matchInfo_games_0_snapshotPlayerStats_6_summonerLevel,props_pageProps_match_matchInfo_games_0_snapshotPlayerStats_6_team,props_pageProps_match_matchInfo_games_0_snapshotPlayerStats_6_teamPerid,props_pageProps_match_matchInfo_games_0_snapshotPlayerStats_6_teamUrn,props_pageProps_match_matchInfo_games_0_snapshotPlayerStats_6_totalGold,props_pageProps_match_matchInfo_games_0_snapshotPlayerStats_6_trinket1Id,props_pageProps_match_matchInfo_games_0_snapshotPlayerStats_6_trinket2Id,props_pageProps_match_matchInfo_games_0_snapshotPlayerStats_6_trinket3Id,props_pageProps_match_matchInfo_games_0_snapshotPlayerStats_6_trinket4Id,props_pageProps_match_matchInfo_games_0_snapshotPlayerStats_6_trinket5Id,props_pageProps_match_matchInfo_games_0_snapshotPlayerStats_6_upsertAt,props_pageProps_match_matchInfo_games_0_snapshotPlayerStats_6_visionScore,props_pageProps_match_matchInfo_games_0_snapshotPlayerStats_6_wardsKilled,props_pageProps_match_matchInfo_games_0_snapshotPlayerStats_6_wardsPlaced,props_pageProps_match_matchInfo_games_0_snapshotPlayerStats_6_winningTeam,props_pageProps_match_matchInfo_games_0_snapshotPlayerStats_6_xp,props_pageProps_match_matchInfo_games_0_snapshotPlayerStats_7___typename,props_pageProps_match_matchInfo_games_0_snapshotPlayerStats_7_alive,props_pageProps_match_matchInfo_games_0_snapshotPlayerStats_7_assists,props_pageProps_match_matchInfo_games_0_snapshotPlayerStats_7_ccReduction,props_pageProps_match_matchInfo_games_0_snapshotPlayerStats_7_champion,props_pageProps_match_matchInfo_games_0_snapshotPlayerStats_7_champsKilled,props_pageProps_match_matchInfo_games_0_snapshotPlayerStats_7_cooldownReduction,props_pageProps_match_matchInfo_games_0_snapshotPlayerStats_7_currentGold,props_pageProps_match_matchInfo_games_0_snapshotPlayerStats_7_deaths,props_pageProps_match_matchInfo_games_0_snapshotPlayerStats_7_eventDateTime,props_pageProps_match_matchInfo_games_0_snapshotPlayerStats_7_gameOver,props_pageProps_match_matchInfo_games_0_snapshotPlayerStats_7_gameTime,props_pageProps_match_matchInfo_games_0_snapshotPlayerStats_7_goldPerSecond,props_pageProps_match_matchInfo_games_0_snapshotPlayerStats_7_health,props_pageProps_match_matchInfo_games_0_snapshotPlayerStats_7_healthMax,props_pageProps_match_matchInfo_games_0_snapshotPlayerStats_7_item10Id,props_pageProps_match_matchInfo_games_0_snapshotPlayerStats_7_item11Id,props_pageProps_match_matchInfo_games_0_snapshotPlayerStats_7_item1Id,props_pageProps_match_matchInfo_games_0_snapshotPlayerStats_7_item2Id,props_pageProps_match_matchInfo_games_0_snapshotPlayerStats_7_item3Id,props_pageProps_match_matchInfo_games_0_snapshotPlayerStats_7_item4Id,props_pageProps_match_matchInfo_games_0_snapshotPlayerStats_7_item5Id,props_pageProps_match_matchInfo_games_0_snapshotPlayerStats_7_item6Id,props_pageProps_match_matchInfo_games_0_snapshotPlayerStats_7_item7Id,props_pageProps_match_matchInfo_games_0_snapshotPlayerStats_7_item8Id,props_pageProps_match_matchInfo_games_0_snapshotPlayerStats_7_item9Id,props_pageProps_match_matchInfo_games_0_snapshotPlayerStats_7_level,props_pageProps_match_matchInfo_games_0_snapshotPlayerStats_7_lifeSteal,props_pageProps_match_matchInfo_games_0_snapshotPlayerStats_7_minionsKilled,props_pageProps_match_matchInfo_games_0_snapshotPlayerStats_7_neutralMinionsKilled,props_pageProps_match_matchInfo_games_0_snapshotPlayerStats_7_neutralMinionsKilledEnemyJungle,props_pageProps_match_matchInfo_games_0_snapshotPlayerStats_7_neutralMinionsKilledYourJungle,props_pageProps_match_matchInfo_games_0_snapshotPlayerStats_7_paused,props_pageProps_match_matchInfo_games_0_snapshotPlayerStats_7_player,props_pageProps_match_matchInfo_games_0_snapshotPlayerStats_7_playerPerid,props_pageProps_match_matchInfo_games_0_snapshotPlayerStats_7_playerUrn,props_pageProps_match_matchInfo_games_0_snapshotPlayerStats_7_posX,props_pageProps_match_matchInfo_games_0_snapshotPlayerStats_7_posY,props_pageProps_match_matchInfo_games_0_snapshotPlayerStats_7_respawnTimer,props_pageProps_match_matchInfo_games_0_snapshotPlayerStats_7_rune1Id,props_pageProps_match_matchInfo_games_0_snapshotPlayerStats_7_rune2Id,props_pageProps_match_matchInfo_games_0_snapshotPlayerStats_7_rune3Id,props_pageProps_match_matchInfo_games_0_snapshotPlayerStats_7_rune4Id,props_pageProps_match_matchInfo_games_0_snapshotPlayerStats_7_rune5Id,props_pageProps_match_matchInfo_games_0_snapshotPlayerStats_7_rune6Id,props_pageProps_match_matchInfo_games_0_snapshotPlayerStats_7_spellVamp,props_pageProps_match_matchInfo_games_0_snapshotPlayerStats_7_summonerLevel,props_pageProps_match_matchInfo_games_0_snapshotPlayerStats_7_team,props_pageProps_match_matchInfo_games_0_snapshotPlayerStats_7_teamPerid,props_pageProps_match_matchInfo_games_0_snapshotPlayerStats_7_teamUrn,props_pageProps_match_matchInfo_games_0_snapshotPlayerStats_7_totalGold,props_pageProps_match_matchInfo_games_0_snapshotPlayerStats_7_trinket1Id,props_pageProps_match_matchInfo_games_0_snapshotPlayerStats_7_trinket2Id,props_pageProps_match_matchInfo_games_0_snapshotPlayerStats_7_trinket3Id,props_pageProps_match_matchInfo_games_0_snapshotPlayerStats_7_trinket4Id,props_pageProps_match_matchInfo_games_0_snapshotPlayerStats_7_trinket5Id,props_pageProps_match_matchInfo_games_0_snapshotPlayerStats_7_upsertAt,props_pageProps_match_matchInfo_games_0_snapshotPlayerStats_7_visionScore,props_pageProps_match_matchInfo_games_0_snapshotPlayerStats_7_wardsKilled,props_pageProps_match_matchInfo_games_0_snapshotPlayerStats_7_wardsPlaced,props_pageProps_match_matchInfo_games_0_snapshotPlayerStats_7_winningTeam,props_pageProps_match_matchInfo_games_0_snapshotPlayerStats_7_xp,props_pageProps_match_matchInfo_games_0_snapshotPlayerStats_8___typename,props_pageProps_match_matchInfo_games_0_snapshotPlayerStats_8_alive,props_pageProps_match_matchInfo_games_0_snapshotPlayerStats_8_assists,props_pageProps_match_matchInfo_games_0_snapshotPlayerStats_8_ccReduction,props_pageProps_match_matchInfo_games_0_snapshotPlayerStats_8_champion,props_pageProps_match_matchInfo_games_0_snapshotPlayerStats_8_champsKilled,props_pageProps_match_matchInfo_games_0_snapshotPlayerStats_8_cooldownReduction,props_pageProps_match_matchInfo_games_0_snapshotPlayerStats_8_currentGold,props_pageProps_match_matchInfo_games_0_snapshotPlayerStats_8_deaths,props_pageProps_match_matchInfo_games_0_snapshotPlayerStats_8_eventDateTime,props_pageProps_match_matchInfo_games_0_snapshotPlayerStats_8_gameOver,props_pageProps_match_matchInfo_games_0_snapshotPlayerStats_8_gameTime,props_pageProps_match_matchInfo_games_0_snapshotPlayerStats_8_goldPerSecond,props_pageProps_match_matchInfo_games_0_snapshotPlayerStats_8_health,props_pageProps_match_matchInfo_games_0_snapshotPlayerStats_8_healthMax,props_pageProps_match_matchInfo_games_0_snapshotPlayerStats_8_item10Id,props_pageProps_match_matchInfo_games_0_snapshotPlayerStats_8_item11Id,props_pageProps_match_matchInfo_games_0_snapshotPlayerStats_8_item1Id,props_pageProps_match_matchInfo_games_0_snapshotPlayerStats_8_item2Id,props_pageProps_match_matchInfo_games_0_snapshotPlayerStats_8_item3Id,props_pageProps_match_matchInfo_games_0_snapshotPlayerStats_8_item4Id,props_pageProps_match_matchInfo_games_0_snapshotPlayerStats_8_item5Id,props_pageProps_match_matchInfo_games_0_snapshotPlayerStats_8_item6Id,props_pageProps_match_matchInfo_games_0_snapshotPlayerStats_8_item7Id,props_pageProps_match_matchInfo_games_0_snapshotPlayerStats_8_item8Id,props_pageProps_match_matchInfo_games_0_snapshotPlayerStats_8_item9Id,props_pageProps_match_matchInfo_games_0_snapshotPlayerStats_8_level,props_pageProps_match_matchInfo_games_0_snapshotPlayerStats_8_lifeSteal,props_pageProps_match_matchInfo_games_0_snapshotPlayerStats_8_minionsKilled,props_pageProps_match_matchInfo_games_0_snapshotPlayerStats_8_neutralMinionsKilled,props_pageProps_match_matchInfo_games_0_snapshotPlayerStats_8_neutralMinionsKilledEnemyJungle,props_pageProps_match_matchInfo_games_0_snapshotPlayerStats_8_neutralMinionsKilledYourJungle,props_pageProps_match_matchInfo_games_0_snapshotPlayerStats_8_paused,props_pageProps_match_matchInfo_games_0_snapshotPlayerStats_8_player,props_pageProps_match_matchInfo_games_0_snapshotPlayerStats_8_playerPerid,props_pageProps_match_matchInfo_games_0_snapshotPlayerStats_8_playerUrn,props_pageProps_match_matchInfo_games_0_snapshotPlayerStats_8_posX,props_pageProps_match_matchInfo_games_0_snapshotPlayerStats_8_posY,props_pageProps_match_matchInfo_games_0_snapshotPlayerStats_8_respawnTimer,props_pageProps_match_matchInfo_games_0_snapshotPlayerStats_8_rune1Id,props_pageProps_match_matchInfo_games_0_snapshotPlayerStats_8_rune2Id,props_pageProps_match_matchInfo_games_0_snapshotPlayerStats_8_rune3Id,props_pageProps_match_matchInfo_games_0_snapshotPlayerStats_8_rune4Id,props_pageProps_match_matchInfo_games_0_snapshotPlayerStats_8_rune5Id,props_pageProps_match_matchInfo_games_0_snapshotPlayerStats_8_rune6Id,props_pageProps_match_matchInfo_games_0_snapshotPlayerStats_8_spellVamp,props_pageProps_match_matchInfo_games_0_snapshotPlayerStats_8_summonerLevel,props_pageProps_match_matchInfo_games_0_snapshotPlayerStats_8_team,props_pageProps_match_matchInfo_games_0_snapshotPlayerStats_8_teamPerid,props_pageProps_match_matchInfo_games_0_snapshotPlayerStats_8_teamUrn,props_pageProps_match_matchInfo_games_0_snapshotPlayerStats_8_totalGold,props_pageProps_match_matchInfo_games_0_snapshotPlayerStats_8_trinket1Id,props_pageProps_match_matchInfo_games_0_snapshotPlayerStats_8_trinket2Id,props_pageProps_match_matchInfo_games_0_snapshotPlayerStats_8_trinket3Id,props_pageProps_match_matchInfo_games_0_snapshotPlayerStats_8_trinket4Id,props_pageProps_match_matchInfo_games_0_snapshotPlayerStats_8_trinket5Id,props_pageProps_match_matchInfo_games_0_snapshotPlayerStats_8_upsertAt,props_pageProps_match_matchInfo_games_0_snapshotPlayerStats_8_visionScore,props_pageProps_match_matchInfo_games_0_snapshotPlayerStats_8_wardsKilled,props_pageProps_match_matchInfo_games_0_snapshotPlayerStats_8_wardsPlaced,props_pageProps_match_matchInfo_games_0_snapshotPlayerStats_8_winningTeam,props_pageProps_match_matchInfo_games_0_snapshotPlayerStats_8_xp,props_pageProps_match_matchInfo_games_0_snapshotPlayerStats_9___typename,props_pageProps_match_matchInfo_games_0_snapshotPlayerStats_9_alive,props_pageProps_match_matchInfo_games_0_snapshotPlayerStats_9_assists,props_pageProps_match_matchInfo_games_0_snapshotPlayerStats_9_ccReduction,props_pageProps_match_matchInfo_games_0_snapshotPlayerStats_9_champion,props_pageProps_match_matchInfo_games_0_snapshotPlayerStats_9_champsKilled,props_pageProps_match_matchInfo_games_0_snapshotPlayerStats_9_cooldownReduction,props_pageProps_match_matchInfo_games_0_snapshotPlayerStats_9_currentGold,props_pageProps_match_matchInfo_games_0_snapshotPlayerStats_9_deaths,props_pageProps_match_matchInfo_games_0_snapshotPlayerStats_9_eventDateTime,props_pageProps_match_matchInfo_games_0_snapshotPlayerStats_9_gameOver,props_pageProps_match_matchInfo_games_0_snapshotPlayerStats_9_gameTime,props_pageProps_match_matchInfo_games_0_snapshotPlayerStats_9_goldPerSecond,props_pageProps_match_matchInfo_games_0_snapshotPlayerStats_9_health,props_pageProps_match_matchInfo_games_0_snapshotPlayerStats_9_healthMax,props_pageProps_match_matchInfo_games_0_snapshotPlayerStats_9_item10Id,props_pageProps_match_matchInfo_games_0_snapshotPlayerStats_9_item11Id,props_pageProps_match_matchInfo_games_0_snapshotPlayerStats_9_item1Id,props_pageProps_match_matchInfo_games_0_snapshotPlayerStats_9_item2Id,props_pageProps_match_matchInfo_games_0_snapshotPlayerStats_9_item3Id,props_pageProps_match_matchInfo_games_0_snapshotPlayerStats_9_item4Id,props_pageProps_match_matchInfo_games_0_snapshotPlayerStats_9_item5Id,props_pageProps_match_matchInfo_games_0_snapshotPlayerStats_9_item6Id,props_pageProps_match_matchInfo_games_0_snapshotPlayerStats_9_item7Id,props_pageProps_match_matchInfo_games_0_snapshotPlayerStats_9_item8Id,props_pageProps_match_matchInfo_games_0_snapshotPlayerStats_9_item9Id,props_pageProps_match_matchInfo_games_0_snapshotPlayerStats_9_level,props_pageProps_match_matchInfo_games_0_snapshotPlayerStats_9_lifeSteal,props_pageProps_match_matchInfo_games_0_snapshotPlayerStats_9_minionsKilled,props_pageProps_match_matchInfo_games_0_snapshotPlayerStats_9_neutralMinionsKilled,props_pageProps_match_matchInfo_games_0_snapshotPlayerStats_9_neutralMinionsKilledEnemyJungle,props_pageProps_match_matchInfo_games_0_snapshotPlayerStats_9_neutralMinionsKilledYourJungle,props_pageProps_match_matchInfo_games_0_snapshotPlayerStats_9_paused,props_pageProps_match_matchInfo_games_0_snapshotPlayerStats_9_player,props_pageProps_match_matchInfo_games_0_snapshotPlayerStats_9_playerPerid,props_pageProps_match_matchInfo_games_0_snapshotPlayerStats_9_playerUrn,props_pageProps_match_matchInfo_games_0_snapshotPlayerStats_9_posX,props_pageProps_match_matchInfo_games_0_snapshotPlayerStats_9_posY,props_pageProps_match_matchInfo_games_0_snapshotPlayerStats_9_respawnTimer,props_pageProps_match_matchInfo_games_0_snapshotPlayerStats_9_rune1Id,props_pageProps_match_matchInfo_games_0_snapshotPlayerStats_9_rune2Id,props_pageProps_match_matchInfo_games_0_snapshotPlayerStats_9_rune3Id,props_pageProps_match_matchInfo_games_0_snapshotPlayerStats_9_rune4Id,props_pageProps_match_matchInfo_games_0_snapshotPlayerStats_9_rune5Id,props_pageProps_match_matchInfo_games_0_snapshotPlayerStats_9_rune6Id,props_pageProps_match_matchInfo_games_0_snapshotPlayerStats_9_spellVamp,props_pageProps_match_matchInfo_games_0_snapshotPlayerStats_9_summonerLevel,props_pageProps_match_matchInfo_games_0_snapshotPlayerStats_9_team,props_pageProps_match_matchInfo_games_0_snapshotPlayerStats_9_teamPerid,props_pageProps_match_matchInfo_games_0_snapshotPlayerStats_9_teamUrn,props_pageProps_match_matchInfo_games_0_snapshotPlayerStats_9_totalGold,props_pageProps_match_matchInfo_games_0_snapshotPlayerStats_9_trinket1Id,props_pageProps_match_matchInfo_games_0_snapshotPlayerStats_9_trinket2Id,props_pageProps_match_matchInfo_games_0_snapshotPlayerStats_9_trinket3Id,props_pageProps_match_matchInfo_games_0_snapshotPlayerStats_9_trinket4Id,props_pageProps_match_matchInfo_games_0_snapshotPlayerStats_9_trinket5Id,props_pageProps_match_matchInfo_games_0_snapshotPlayerStats_9_upsertAt,props_pageProps_match_matchInfo_games_0_snapshotPlayerStats_9_visionScore,props_pageProps_match_matchInfo_games_0_snapshotPlayerStats_9_wardsKilled,props_pageProps_match_matchInfo_games_0_snapshotPlayerStats_9_wardsPlaced,props_pageProps_match_matchInfo_games_0_snapshotPlayerStats_9_winningTeam,props_pageProps_match_matchInfo_games_0_snapshotPlayerStats_9_xp,props_pageProps_match_matchInfo_games_0_team1Name,props_pageProps_match_matchInfo_games_0_team1Perid,props_pageProps_match_matchInfo_games_0_team1Side,props_pageProps_match_matchInfo_games_0_team1Urn,props_pageProps_match_matchInfo_games_0_team2Name,props_pageProps_match_matchInfo_games_0_team2Perid,props_pageProps_match_matchInfo_games_0_team2Side,props_pageProps_match_matchInfo_games_0_team2Urn,props_pageProps_match_matchInfo_games_0_teamGameStats_0___typename,props_pageProps_match_matchInfo_games_0_teamGameStats_0_assists,props_pageProps_match_matchInfo_games_0_teamGameStats_0_baronKills,props_pageProps_match_matchInfo_games_0_teamGameStats_0_deaths,props_pageProps_match_matchInfo_games_0_teamGameStats_0_dragonKills,props_pageProps_match_matchInfo_games_0_teamGameStats_0_gold,props_pageProps_match_matchInfo_games_0_teamGameStats_0_kills,props_pageProps_match_matchInfo_games_0_teamGameStats_0_team,props_pageProps_match_matchInfo_games_0_teamGameStats_0_teamPerid,props_pageProps_match_matchInfo_games_0_teamGameStats_0_towerKills,props_pageProps_match_matchInfo_games_0_teamGameStats_1___typename,props_pageProps_match_matchInfo_games_0_teamGameStats_1_assists,props_pageProps_match_matchInfo_games_0_teamGameStats_1_baronKills,props_pageProps_match_matchInfo_games_0_teamGameStats_1_deaths,props_pageProps_match_matchInfo_games_0_teamGameStats_1_dragonKills,props_pageProps_match_matchInfo_games_0_teamGameStats_1_gold,props_pageProps_match_matchInfo_games_0_teamGameStats_1_kills,props_pageProps_match_matchInfo_games_0_teamGameStats_1_team,props_pageProps_match_matchInfo_games_0_teamGameStats_1_teamPerid,props_pageProps_match_matchInfo_games_0_teamGameStats_1_towerKills,props_pageProps_match_matchInfo_games_0_winProb_0___typename,props_pageProps_match_matchInfo_games_0_winProb_0_gameTimeMin,props_pageProps_match_matchInfo_games_0_winProb_0_teamOneWinProb,props_pageProps_match_matchInfo_games_0_winProb_0_teamTwoWinProb,props_pageProps_match_matchInfo_games_0_winProb_1___typename,props_pageProps_match_matchInfo_games_0_winProb_1_gameTimeMin,props_pageProps_match_matchInfo_games_0_winProb_1_teamOneWinProb,props_pageProps_match_matchInfo_games_0_winProb_1_teamTwoWinProb,props_pageProps_match_matchInfo_games_0_winProb_2___typename,props_pageProps_match_matchInfo_games_0_winProb_2_gameTimeMin,props_pageProps_match_matchInfo_games_0_winProb_2_teamOneWinProb,props_pageProps_match_matchInfo_games_0_winProb_2_teamTwoWinProb,props_pageProps_match_matchInfo_games_0_winProb_3___typename,props_pageProps_match_matchInfo_games_0_winProb_3_gameTimeMin,props_pageProps_match_matchInfo_games_0_winProb_3_teamOneWinProb,props_pageProps_match_matchInfo_games_0_winProb_3_teamTwoWinProb,props_pageProps_match_matchInfo_games_0_winProb_4___typename,props_pageProps_match_matchInfo_games_0_winProb_4_gameTimeMin,props_pageProps_match_matchInfo_games_0_winProb_4_teamOneWinProb,props_pageProps_match_matchInfo_games_0_winProb_4_teamTwoWinProb,props_pageProps_match_matchInfo_games_0_winProb_5___typename,props_pageProps_match_matchInfo_games_0_winProb_5_gameTimeMin,props_pageProps_match_matchInfo_games_0_winProb_5_teamOneWinProb,props_pageProps_match_matchInfo_games_0_winProb_5_teamTwoWinProb,props_pageProps_match_matchInfo_games_0_winProb_6___typename,props_pageProps_match_matchInfo_games_0_winProb_6_gameTimeMin,props_pageProps_match_matchInfo_games_0_winProb_6_teamOneWinProb,props_pageProps_match_matchInfo_games_0_winProb_6_teamTwoWinProb,props_pageProps_match_matchInfo_games_0_winProb_7___typename,props_pageProps_match_matchInfo_games_0_winProb_7_gameTimeMin,props_pageProps_match_matchInfo_games_0_winProb_7_teamOneWinProb,props_pageProps_match_matchInfo_games_0_winProb_7_teamTwoWinProb,props_pageProps_match_matchInfo_games_0_winProb_8___typename,props_pageProps_match_matchInfo_games_0_winProb_8_gameTimeMin,props_pageProps_match_matchInfo_games_0_winProb_8_teamOneWinProb,props_pageProps_match_matchInfo_games_0_winProb_8_teamTwoWinProb,props_pageProps_match_matchInfo_games_0_winProb_9___typename,props_pageProps_match_matchInfo_games_0_winProb_9_gameTimeMin,props_pageProps_match_matchInfo_games_0_winProb_9_teamOneWinProb,props_pageProps_match_matchInfo_games_0_winProb_9_teamTwoWinProb,props_pageProps_match_matchInfo_games_0_winProb_10___typename,props_pageProps_match_matchInfo_games_0_winProb_10_gameTimeMin,props_pageProps_match_matchInfo_games_0_winProb_10_teamOneWinProb,props_pageProps_match_matchInfo_games_0_winProb_10_teamTwoWinProb,props_pageProps_match_matchInfo_games_0_winProb_11___typename,props_pageProps_match_matchInfo_games_0_winProb_11_gameTimeMin,props_pageProps_match_matchInfo_games_0_winProb_11_teamOneWinProb,props_pageProps_match_matchInfo_games_0_winProb_11_teamTwoWinProb,props_pageProps_match_matchInfo_games_0_winProb_12___typename,props_pageProps_match_matchInfo_games_0_winProb_12_gameTimeMin,props_pageProps_match_matchInfo_games_0_winProb_12_teamOneWinProb,props_pageProps_match_matchInfo_games_0_winProb_12_teamTwoWinProb,props_pageProps_match_matchInfo_games_0_winProb_13___typename,props_pageProps_match_matchInfo_games_0_winProb_13_gameTimeMin,props_pageProps_match_matchInfo_games_0_winProb_13_teamOneWinProb,props_pageProps_match_matchInfo_games_0_winProb_13_teamTwoWinProb,props_pageProps_match_matchInfo_games_0_winProb_14___typename,props_pageProps_match_matchInfo_games_0_winProb_14_gameTimeMin,props_pageProps_match_matchInfo_games_0_winProb_14_teamOneWinProb,props_pageProps_match_matchInfo_games_0_winProb_14_teamTwoWinProb,props_pageProps_match_matchInfo_games_0_winProb_15___typename,props_pageProps_match_matchInfo_games_0_winProb_15_gameTimeMin,props_pageProps_match_matchInfo_games_0_winProb_15_teamOneWinProb,props_pageProps_match_matchInfo_games_0_winProb_15_teamTwoWinProb,props_pageProps_match_matchInfo_games_0_winProb_16___typename,props_pageProps_match_matchInfo_games_0_winProb_16_gameTimeMin,props_pageProps_match_matchInfo_games_0_winProb_16_teamOneWinProb,props_pageProps_match_matchInfo_games_0_winProb_16_teamTwoWinProb,props_pageProps_match_matchInfo_games_0_winProb_17___typename,props_pageProps_match_matchInfo_games_0_winProb_17_gameTimeMin,props_pageProps_match_matchInfo_games_0_winProb_17_teamOneWinProb,props_pageProps_match_matchInfo_games_0_winProb_17_teamTwoWinProb,props_pageProps_match_matchInfo_games_0_winProb_18___typename,props_pageProps_match_matchInfo_games_0_winProb_18_gameTimeMin,props_pageProps_match_matchInfo_games_0_winProb_18_teamOneWinProb,props_pageProps_match_matchInfo_games_0_winProb_18_teamTwoWinProb,props_pageProps_match_matchInfo_games_0_winProb_19___typename,props_pageProps_match_matchInfo_games_0_winProb_19_gameTimeMin,props_pageProps_match_matchInfo_games_0_winProb_19_teamOneWinProb,props_pageProps_match_matchInfo_games_0_winProb_19_teamTwoWinProb,props_pageProps_match_matchInfo_games_0_winProb_20___typename,props_pageProps_match_matchInfo_games_0_winProb_20_gameTimeMin,props_pageProps_match_matchInfo_games_0_winProb_20_teamOneWinProb,props_pageProps_match_matchInfo_games_0_winProb_20_teamTwoWinProb,props_pageProps_match_matchInfo_games_0_winProb_21___typename,props_pageProps_match_matchInfo_games_0_winProb_21_gameTimeMin,props_pageProps_match_matchInfo_games_0_winProb_21_teamOneWinProb,props_pageProps_match_matchInfo_games_0_winProb_21_teamTwoWinProb,props_pageProps_match_matchInfo_games_0_winProb_22___typename,props_pageProps_match_matchInfo_games_0_winProb_22_gameTimeMin,props_pageProps_match_matchInfo_games_0_winProb_22_teamOneWinProb,props_pageProps_match_matchInfo_games_0_winProb_22_teamTwoWinProb,props_pageProps_match_matchInfo_games_0_winProb_23___typename,props_pageProps_match_matchInfo_games_0_winProb_23_gameTimeMin,props_pageProps_match_matchInfo_games_0_winProb_23_teamOneWinProb,props_pageProps_match_matchInfo_games_0_winProb_23_teamTwoWinProb,props_pageProps_match_matchInfo_games_0_winProb_24___typename,props_pageProps_match_matchInfo_games_0_winProb_24_gameTimeMin,props_pageProps_match_matchInfo_games_0_winProb_24_teamOneWinProb,props_pageProps_match_matchInfo_games_0_winProb_24_teamTwoWinProb,props_pageProps_match_matchInfo_games_0_winProb_25___typename,props_pageProps_match_matchInfo_games_0_winProb_25_gameTimeMin,props_pageProps_match_matchInfo_games_0_winProb_25_teamOneWinProb,props_pageProps_match_matchInfo_games_0_winProb_25_teamTwoWinProb,props_pageProps_match_matchInfo_games_0_winProb_26___typename,props_pageProps_match_matchInfo_games_0_winProb_26_gameTimeMin,props_pageProps_match_matchInfo_games_0_winProb_26_teamOneWinProb,props_pageProps_match_matchInfo_games_0_winProb_26_teamTwoWinProb,props_pageProps_match_matchInfo_games_0_winProb_27___typename,props_pageProps_match_matchInfo_games_0_winProb_27_gameTimeMin,props_pageProps_match_matchInfo_games_0_winProb_27_teamOneWinProb,props_pageProps_match_matchInfo_games_0_winProb_27_teamTwoWinProb,props_pageProps_match_matchInfo_games_0_winProb_28___typename,props_pageProps_match_matchInfo_games_0_winProb_28_gameTimeMin,props_pageProps_match_matchInfo_games_0_winProb_28_teamOneWinProb,props_pageProps_match_matchInfo_games_0_winProb_28_teamTwoWinProb,props_pageProps_match_matchInfo_games_0_winProb_29___typename,props_pageProps_match_matchInfo_games_0_winProb_29_gameTimeMin,props_pageProps_match_matchInfo_games_0_winProb_29_teamOneWinProb,props_pageProps_match_matchInfo_games_0_winProb_29_teamTwoWinProb,props_pageProps_match_matchInfo_games_0_winProb_30___typename,props_pageProps_match_matchInfo_games_0_winProb_30_gameTimeMin,props_pageProps_match_matchInfo_games_0_winProb_30_teamOneWinProb,props_pageProps_match_matchInfo_games_0_winProb_30_teamTwoWinProb,props_pageProps_match_matchInfo_games_0_winProb_31___typename,props_pageProps_match_matchInfo_games_0_winProb_31_gameTimeMin,props_pageProps_match_matchInfo_games_0_winProb_31_teamOneWinProb,props_pageProps_match_matchInfo_games_0_winProb_31_teamTwoWinProb,props_pageProps_match_matchInfo_games_0_winProb_32___typename,props_pageProps_match_matchInfo_games_0_winProb_32_gameTimeMin,props_pageProps_match_matchInfo_games_0_winProb_32_teamOneWinProb,props_pageProps_match_matchInfo_games_0_winProb_32_teamTwoWinProb,props_pageProps_match_matchInfo_games_0_winProb_33___typename,props_pageProps_match_matchInfo_games_0_winProb_33_gameTimeMin,props_pageProps_match_matchInfo_games_0_winProb_33_teamOneWinProb,props_pageProps_match_matchInfo_games_0_winProb_33_teamTwoWinProb,props_pageProps_match_matchInfo_games_0_winProb_34___typename,props_pageProps_match_matchInfo_games_0_winProb_34_gameTimeMin,props_pageProps_match_matchInfo_games_0_winProb_34_teamOneWinProb,props_pageProps_match_matchInfo_games_0_winProb_34_teamTwoWinProb,props_pageProps_match_matchInfo_games_0_winProb_35___typename,props_pageProps_match_matchInfo_games_0_winProb_35_gameTimeMin,props_pageProps_match_matchInfo_games_0_winProb_35_teamOneWinProb,props_pageProps_match_matchInfo_games_0_winProb_35_teamTwoWinProb,props_pageProps_match_matchInfo_games_0_winProb_36___typename,props_pageProps_match_matchInfo_games_0_winProb_36_gameTimeMin,props_pageProps_match_matchInfo_games_0_winProb_36_teamOneWinProb,props_pageProps_match_matchInfo_games_0_winProb_36_teamTwoWinProb,props_pageProps_match_matchInfo_games_0_winProb_37___typename,props_pageProps_match_matchInfo_games_0_winProb_37_gameTimeMin,props_pageProps_match_matchInfo_games_0_winProb_37_teamOneWinProb,props_pageProps_match_matchInfo_games_0_winProb_37_teamTwoWinProb,props_pageProps_match_matchInfo_games_0_winProb_38___typename,props_pageProps_match_matchInfo_games_0_winProb_38_gameTimeMin,props_pageProps_match_matchInfo_games_0_winProb_38_teamOneWinProb,props_pageProps_match_matchInfo_games_0_winProb_38_teamTwoWinProb,props_pageProps_match_matchInfo_games_0_winProb_39___typename,props_pageProps_match_matchInfo_games_0_winProb_39_gameTimeMin,props_pageProps_match_matchInfo_games_0_winProb_39_teamOneWinProb,props_pageProps_match_matchInfo_games_0_winProb_39_teamTwoWinProb,props_pageProps_match_matchInfo_games_0_winProb_40___typename,props_pageProps_match_matchInfo_games_0_winProb_40_gameTimeMin,props_pageProps_match_matchInfo_games_0_winProb_40_teamOneWinProb,props_pageProps_match_matchInfo_games_0_winProb_40_teamTwoWinProb,props_pageProps_match_matchInfo_games_0_winProb_41___typename,props_pageProps_match_matchInfo_games_0_winProb_41_gameTimeMin,props_pageProps_match_matchInfo_games_0_winProb_41_teamOneWinProb,props_pageProps_match_matchInfo_games_0_winProb_41_teamTwoWinProb,props_pageProps_match_matchInfo_games_0_winProb_42___typename,props_pageProps_match_matchInfo_games_0_winProb_42_gameTimeMin,props_pageProps_match_matchInfo_games_0_winProb_42_teamOneWinProb,props_pageProps_match_matchInfo_games_0_winProb_42_teamTwoWinProb,props_pageProps_match_matchInfo_games_0_winProb_43___typename,props_pageProps_match_matchInfo_games_0_winProb_43_gameTimeMin,props_pageProps_match_matchInfo_games_0_winProb_43_teamOneWinProb,props_pageProps_match_matchInfo_games_0_winProb_43_teamTwoWinProb,props_pageProps_match_matchInfo_games_0_winProb_44___typename,props_pageProps_match_matchInfo_games_0_winProb_44_gameTimeMin,props_pageProps_match_matchInfo_games_0_winProb_44_teamOneWinProb,props_pageProps_match_matchInfo_games_0_winProb_44_teamTwoWinProb,props_pageProps_match_matchInfo_games_0_winProb_45___typename,props_pageProps_match_matchInfo_games_0_winProb_45_gameTimeMin,props_pageProps_match_matchInfo_games_0_winProb_45_teamOneWinProb,props_pageProps_match_matchInfo_games_0_winProb_45_teamTwoWinProb,props_pageProps_match_matchInfo_games_0_winProb_46___typename,props_pageProps_match_matchInfo_games_0_winProb_46_gameTimeMin,props_pageProps_match_matchInfo_games_0_winProb_46_teamOneWinProb,props_pageProps_match_matchInfo_games_0_winProb_46_teamTwoWinProb,props_pageProps_match_matchInfo_games_0_winProb_47___typename,props_pageProps_match_matchInfo_games_0_winProb_47_gameTimeMin,props_pageProps_match_matchInfo_games_0_winProb_47_teamOneWinProb,props_pageProps_match_matchInfo_games_0_winProb_47_teamTwoWinProb,props_pageProps_match_matchInfo_games_0_winProb_48___typename,props_pageProps_match_matchInfo_games_0_winProb_48_gameTimeMin,props_pageProps_match_matchInfo_games_0_winProb_48_teamOneWinProb,props_pageProps_match_matchInfo_games_0_winProb_48_teamTwoWinProb,props_pageProps_match_matchInfo_games_0_winProb_49___typename,props_pageProps_match_matchInfo_games_0_winProb_49_gameTimeMin,props_pageProps_match_matchInfo_games_0_winProb_49_teamOneWinProb,props_pageProps_match_matchInfo_games_0_winProb_49_teamTwoWinProb,props_pageProps_match_matchInfo_games_0_winProb_50___typename,props_pageProps_match_matchInfo_games_0_winProb_50_gameTimeMin,props_pageProps_match_matchInfo_games_0_winProb_50_teamOneWinProb,props_pageProps_match_matchInfo_games_0_winProb_50_teamTwoWinProb,props_pageProps_match_matchInfo_games_0_winProb_51___typename,props_pageProps_match_matchInfo_games_0_winProb_51_gameTimeMin,props_pageProps_match_matchInfo_games_0_winProb_51_teamOneWinProb,props_pageProps_match_matchInfo_games_0_winProb_51_teamTwoWinProb,props_pageProps_match_matchInfo_games_0_winProb_52___typename,props_pageProps_match_matchInfo_games_0_winProb_52_gameTimeMin,props_pageProps_match_matchInfo_games_0_winProb_52_teamOneWinProb,props_pageProps_match_matchInfo_games_0_winProb_52_teamTwoWinProb,props_pageProps_match_matchInfo_games_0_winProb_53___typename,props_pageProps_match_matchInfo_games_0_winProb_53_gameTimeMin,props_pageProps_match_matchInfo_games_0_winProb_53_teamOneWinProb,props_pageProps_match_matchInfo_games_0_winProb_53_teamTwoWinProb,props_pageProps_match_matchInfo_games_0_winProb_54___typename,props_pageProps_match_matchInfo_games_0_winProb_54_gameTimeMin,props_pageProps_match_matchInfo_games_0_winProb_54_teamOneWinProb,props_pageProps_match_matchInfo_games_0_winProb_54_teamTwoWinProb,props_pageProps_match_matchInfo_games_0_winProb_55___typename,props_pageProps_match_matchInfo_games_0_winProb_55_gameTimeMin,props_pageProps_match_matchInfo_games_0_winProb_55_teamOneWinProb,props_pageProps_match_matchInfo_games_0_winProb_55_teamTwoWinProb,props_pageProps_match_matchInfo_games_0_winProb_56___typename,props_pageProps_match_matchInfo_games_0_winProb_56_gameTimeMin,props_pageProps_match_matchInfo_games_0_winProb_56_teamOneWinProb,props_pageProps_match_matchInfo_games_0_winProb_56_teamTwoWinProb,props_pageProps_match_matchInfo_games_0_winProb_57___typename,props_pageProps_match_matchInfo_games_0_winProb_57_gameTimeMin,props_pageProps_match_matchInfo_games_0_winProb_57_teamOneWinProb,props_pageProps_match_matchInfo_games_0_winProb_57_teamTwoWinProb,props_pageProps_match_matchInfo_games_0_winProb_58___typename,props_pageProps_match_matchInfo_games_0_winProb_58_gameTimeMin,props_pageProps_match_matchInfo_games_0_winProb_58_teamOneWinProb,props_pageProps_match_matchInfo_games_0_winProb_58_teamTwoWinProb,props_pageProps_match_matchInfo_games_0_winProb_59___typename,props_pageProps_match_matchInfo_games_0_winProb_59_gameTimeMin,props_pageProps_match_matchInfo_games_0_winProb_59_teamOneWinProb,props_pageProps_match_matchInfo_games_0_winProb_59_teamTwoWinProb,props_pageProps_match_matchInfo_games_0_winProb_60___typename,props_pageProps_match_matchInfo_games_0_winProb_60_gameTimeMin,props_pageProps_match_matchInfo_games_0_winProb_60_teamOneWinProb,props_pageProps_match_matchInfo_games_0_winProb_60_teamTwoWinProb,props_pageProps_match_matchInfo_games_0_winProb_61___typename,props_pageProps_match_matchInfo_games_0_winProb_61_gameTimeMin,props_pageProps_match_matchInfo_games_0_winProb_61_teamOneWinProb,props_pageProps_match_matchInfo_games_0_winProb_61_teamTwoWinProb,props_pageProps_match_matchInfo_games_0_winProb_62___typename,props_pageProps_match_matchInfo_games_0_winProb_62_gameTimeMin,props_pageProps_match_matchInfo_games_0_winProb_62_teamOneWinProb,props_pageProps_match_matchInfo_games_0_winProb_62_teamTwoWinProb,props_pageProps_match_matchInfo_games_0_winProb_63___typename,props_pageProps_match_matchInfo_games_0_winProb_63_gameTimeMin,props_pageProps_match_matchInfo_games_0_winProb_63_teamOneWinProb,props_pageProps_match_matchInfo_games_0_winProb_63_teamTwoWinProb,props_pageProps_match_matchInfo_games_0_winProb_64___typename,props_pageProps_match_matchInfo_games_0_winProb_64_gameTimeMin,props_pageProps_match_matchInfo_games_0_winProb_64_teamOneWinProb,props_pageProps_match_matchInfo_games_0_winProb_64_teamTwoWinProb,props_pageProps_match_matchInfo_games_0_winProb_65___typename,props_pageProps_match_matchInfo_games_0_winProb_65_gameTimeMin,props_pageProps_match_matchInfo_games_0_winProb_65_teamOneWinProb,props_pageProps_match_matchInfo_games_0_winProb_65_teamTwoWinProb,props_pageProps_match_matchInfo_games_0_winProb_66___typename,props_pageProps_match_matchInfo_games_0_winProb_66_gameTimeMin,props_pageProps_match_matchInfo_games_0_winProb_66_teamOneWinProb,props_pageProps_match_matchInfo_games_0_winProb_66_teamTwoWinProb,props_pageProps_match_matchInfo_games_0_winProb_67___typename,props_pageProps_match_matchInfo_games_0_winProb_67_gameTimeMin,props_pageProps_match_matchInfo_games_0_winProb_67_teamOneWinProb,props_pageProps_match_matchInfo_games_0_winProb_67_teamTwoWinProb,props_pageProps_match_matchInfo_games_0_winProb_68___typename,props_pageProps_match_matchInfo_games_0_winProb_68_gameTimeMin,props_pageProps_match_matchInfo_games_0_winProb_68_teamOneWinProb,props_pageProps_match_matchInfo_games_0_winProb_68_teamTwoWinProb,props_pageProps_match_matchInfo_games_0_winProb_69___typename,props_pageProps_match_matchInfo_games_0_winProb_69_gameTimeMin,props_pageProps_match_matchInfo_games_0_winProb_69_teamOneWinProb,props_pageProps_match_matchInfo_games_0_winProb_69_teamTwoWinProb,props_pageProps_match_matchInfo_games_0_winProb_70___typename,props_pageProps_match_matchInfo_games_0_winProb_70_gameTimeMin,props_pageProps_match_matchInfo_games_0_winProb_70_teamOneWinProb,props_pageProps_match_matchInfo_games_0_winProb_70_teamTwoWinProb,props_pageProps_match_matchInfo_games_0_winProb_71___typename,props_pageProps_match_matchInfo_games_0_winProb_71_gameTimeMin,props_pageProps_match_matchInfo_games_0_winProb_71_teamOneWinProb,props_pageProps_match_matchInfo_games_0_winProb_71_teamTwoWinProb,props_pageProps_match_matchInfo_games_0_winProb_72___typename,props_pageProps_match_matchInfo_games_0_winProb_72_gameTimeMin,props_pageProps_match_matchInfo_games_0_winProb_72_teamOneWinProb,props_pageProps_match_matchInfo_games_0_winProb_72_teamTwoWinProb,props_pageProps_match_matchInfo_games_0_winProb_73___typename,props_pageProps_match_matchInfo_games_0_winProb_73_gameTimeMin,props_pageProps_match_matchInfo_games_0_winProb_73_teamOneWinProb,props_pageProps_match_matchInfo_games_0_winProb_73_teamTwoWinProb,props_pageProps_match_matchInfo_games_0_winProb_74___typename,props_pageProps_match_matchInfo_games_0_winProb_74_gameTimeMin,props_pageProps_match_matchInfo_games_0_winProb_74_teamOneWinProb,props_pageProps_match_matchInfo_games_0_winProb_74_teamTwoWinProb,props_pageProps_match_matchInfo_games_0_winProb_75___typename,props_pageProps_match_matchInfo_games_0_winProb_75_gameTimeMin,props_pageProps_match_matchInfo_games_0_winProb_75_teamOneWinProb,props_pageProps_match_matchInfo_games_0_winProb_75_teamTwoWinProb,props_pageProps_match_matchInfo_games_0_winProb_76___typename,props_pageProps_match_matchInfo_games_0_winProb_76_gameTimeMin,props_pageProps_match_matchInfo_games_0_winProb_76_teamOneWinProb,props_pageProps_match_matchInfo_games_0_winProb_76_teamTwoWinProb,props_pageProps_match_matchInfo_games_0_winProb_77___typename,props_pageProps_match_matchInfo_games_0_winProb_77_gameTimeMin,props_pageProps_match_matchInfo_games_0_winProb_77_teamOneWinProb,props_pageProps_match_matchInfo_games_0_winProb_77_teamTwoWinProb,props_pageProps_match_matchInfo_games_0_winProb_78___typename,props_pageProps_match_matchInfo_games_0_winProb_78_gameTimeMin,props_pageProps_match_matchInfo_games_0_winProb_78_teamOneWinProb,props_pageProps_match_matchInfo_games_0_winProb_78_teamTwoWinProb,props_pageProps_match_matchInfo_games_0_winProb_79___typename,props_pageProps_match_matchInfo_games_0_winProb_79_gameTimeMin,props_pageProps_match_matchInfo_games_0_winProb_79_teamOneWinProb,props_pageProps_match_matchInfo_games_0_winProb_79_teamTwoWinProb,props_pageProps_match_matchInfo_games_0_winProb_80___typename,props_pageProps_match_matchInfo_games_0_winProb_80_gameTimeMin,props_pageProps_match_matchInfo_games_0_winProb_80_teamOneWinProb,props_pageProps_match_matchInfo_games_0_winProb_80_teamTwoWinProb,props_pageProps_match_matchInfo_games_0_winProb_81___typename,props_pageProps_match_matchInfo_games_0_winProb_81_gameTimeMin,props_pageProps_match_matchInfo_games_0_winProb_81_teamOneWinProb,props_pageProps_match_matchInfo_games_0_winProb_81_teamTwoWinProb,props_pageProps_match_matchInfo_games_0_winProb_82___typename,props_pageProps_match_matchInfo_games_0_winProb_82_gameTimeMin,props_pageProps_match_matchInfo_games_0_winProb_82_teamOneWinProb,props_pageProps_match_matchInfo_games_0_winProb_82_teamTwoWinProb,props_pageProps_match_matchInfo_games_0_winProb_83___typename,props_pageProps_match_matchInfo_games_0_winProb_83_gameTimeMin,props_pageProps_match_matchInfo_games_0_winProb_83_teamOneWinProb,props_pageProps_match_matchInfo_games_0_winProb_83_teamTwoWinProb,props_pageProps_match_matchInfo_games_0_winProb_84___typename,props_pageProps_match_matchInfo_games_0_winProb_84_gameTimeMin,props_pageProps_match_matchInfo_games_0_winProb_84_teamOneWinProb,props_pageProps_match_matchInfo_games_0_winProb_84_teamTwoWinProb,props_pageProps_match_matchInfo_games_0_winProb_85___typename,props_pageProps_match_matchInfo_games_0_winProb_85_gameTimeMin,props_pageProps_match_matchInfo_games_0_winProb_85_teamOneWinProb,props_pageProps_match_matchInfo_games_0_winProb_85_teamTwoWinProb,props_pageProps_match_matchInfo_games_0_winProb_86___typename,props_pageProps_match_matchInfo_games_0_winProb_86_gameTimeMin,props_pageProps_match_matchInfo_games_0_winProb_86_teamOneWinProb,props_pageProps_match_matchInfo_games_0_winProb_86_teamTwoWinProb,props_pageProps_match_matchInfo_games_0_winProb_87___typename,props_pageProps_match_matchInfo_games_0_winProb_87_gameTimeMin,props_pageProps_match_matchInfo_games_0_winProb_87_teamOneWinProb,props_pageProps_match_matchInfo_games_0_winProb_87_teamTwoWinProb,props_pageProps_match_matchInfo_games_0_winProb_88___typename,props_pageProps_match_matchInfo_games_0_winProb_88_gameTimeMin,props_pageProps_match_matchInfo_games_0_winProb_88_teamOneWinProb,props_pageProps_match_matchInfo_games_0_winProb_88_teamTwoWinProb,props_pageProps_match_matchInfo_games_0_winProb_89___typename,props_pageProps_match_matchInfo_games_0_winProb_89_gameTimeMin,props_pageProps_match_matchInfo_games_0_winProb_89_teamOneWinProb,props_pageProps_match_matchInfo_games_0_winProb_89_teamTwoWinProb,props_pageProps_match_matchInfo_games_0_winProb_90___typename,props_pageProps_match_matchInfo_games_0_winProb_90_gameTimeMin,props_pageProps_match_matchInfo_games_0_winProb_90_teamOneWinProb,props_pageProps_match_matchInfo_games_0_winProb_90_teamTwoWinProb,props_pageProps_match_matchInfo_games_0_winProb_91___typename,props_pageProps_match_matchInfo_games_0_winProb_91_gameTimeMin,props_pageProps_match_matchInfo_games_0_winProb_91_teamOneWinProb,props_pageProps_match_matchInfo_games_0_winProb_91_teamTwoWinProb,props_pageProps_match_matchInfo_games_0_winProb_92___typename,props_pageProps_match_matchInfo_games_0_winProb_92_gameTimeMin,props_pageProps_match_matchInfo_games_0_winProb_92_teamOneWinProb,props_pageProps_match_matchInfo_games_0_winProb_92_teamTwoWinProb,props_pageProps_match_matchInfo_games_0_winProb_93___typename,props_pageProps_match_matchInfo_games_0_winProb_93_gameTimeMin,props_pageProps_match_matchInfo_games_0_winProb_93_teamOneWinProb,props_pageProps_match_matchInfo_games_0_winProb_93_teamTwoWinProb,props_pageProps_match_matchInfo_games_0_winProb_94___typename,props_pageProps_match_matchInfo_games_0_winProb_94_gameTimeMin,props_pageProps_match_matchInfo_games_0_winProb_94_teamOneWinProb,props_pageProps_match_matchInfo_games_0_winProb_94_teamTwoWinProb,props_pageProps_match_matchInfo_games_0_winProb_95___typename,props_pageProps_match_matchInfo_games_0_winProb_95_gameTimeMin,props_pageProps_match_matchInfo_games_0_winProb_95_teamOneWinProb,props_pageProps_match_matchInfo_games_0_winProb_95_teamTwoWinProb,props_pageProps_match_matchInfo_games_0_winProb_96___typename,props_pageProps_match_matchInfo_games_0_winProb_96_gameTimeMin,props_pageProps_match_matchInfo_games_0_winProb_96_teamOneWinProb,props_pageProps_match_matchInfo_games_0_winProb_96_teamTwoWinProb,props_pageProps_match_matchInfo_games_0_winProb_97___typename,props_pageProps_match_matchInfo_games_0_winProb_97_gameTimeMin,props_pageProps_match_matchInfo_games_0_winProb_97_teamOneWinProb,props_pageProps_match_matchInfo_games_0_winProb_97_teamTwoWinProb,props_pageProps_match_matchInfo_games_0_winProb_98___typename,props_pageProps_match_matchInfo_games_0_winProb_98_gameTimeMin,props_pageProps_match_matchInfo_games_0_winProb_98_teamOneWinProb,props_pageProps_match_matchInfo_games_0_winProb_98_teamTwoWinProb,props_pageProps_match_matchInfo_games_0_winProb_99___typename,props_pageProps_match_matchInfo_games_0_winProb_99_gameTimeMin,props_pageProps_match_matchInfo_games_0_winProb_99_teamOneWinProb,props_pageProps_match_matchInfo_games_0_winProb_99_teamTwoWinProb,props_pageProps_match_matchInfo_games_0_winProb_100___typename,props_pageProps_match_matchInfo_games_0_winProb_100_gameTimeMin,props_pageProps_match_matchInfo_games_0_winProb_100_teamOneWinProb,props_pageProps_match_matchInfo_games_0_winProb_100_teamTwoWinProb,props_pageProps_match_matchInfo_games_0_winProb_101___typename,props_pageProps_match_matchInfo_games_0_winProb_101_gameTimeMin,props_pageProps_match_matchInfo_games_0_winProb_101_teamOneWinProb,props_pageProps_match_matchInfo_games_0_winProb_101_teamTwoWinProb,props_pageProps_match_matchInfo_games_0_winProb_102___typename,props_pageProps_match_matchInfo_games_0_winProb_102_gameTimeMin,props_pageProps_match_matchInfo_games_0_winProb_102_teamOneWinProb,props_pageProps_match_matchInfo_games_0_winProb_102_teamTwoWinProb,props_pageProps_match_matchInfo_games_0_winProb_103___typename,props_pageProps_match_matchInfo_games_0_winProb_103_gameTimeMin,props_pageProps_match_matchInfo_games_0_winProb_103_teamOneWinProb,props_pageProps_match_matchInfo_games_0_winProb_103_teamTwoWinProb,props_pageProps_match_matchInfo_games_0_winProb_104___typename,props_pageProps_match_matchInfo_games_0_winProb_104_gameTimeMin,props_pageProps_match_matchInfo_games_0_winProb_104_teamOneWinProb,props_pageProps_match_matchInfo_games_0_winProb_104_teamTwoWinProb,props_pageProps_match_matchInfo_games_0_winProb_105___typename,props_pageProps_match_matchInfo_games_0_winProb_105_gameTimeMin,props_pageProps_match_matchInfo_games_0_winProb_105_teamOneWinProb,props_pageProps_match_matchInfo_games_0_winProb_105_teamTwoWinProb,props_pageProps_match_matchInfo_games_0_winProb_106___typename,props_pageProps_match_matchInfo_games_0_winProb_106_gameTimeMin,props_pageProps_match_matchInfo_games_0_winProb_106_teamOneWinProb,props_pageProps_match_matchInfo_games_0_winProb_106_teamTwoWinProb,props_pageProps_match_matchInfo_games_0_winProb_107___typename,props_pageProps_match_matchInfo_games_0_winProb_107_gameTimeMin,props_pageProps_match_matchInfo_games_0_winProb_107_teamOneWinProb,props_pageProps_match_matchInfo_games_0_winProb_107_teamTwoWinProb,props_pageProps_match_matchInfo_games_0_winProb_108___typename,props_pageProps_match_matchInfo_games_0_winProb_108_gameTimeMin,props_pageProps_match_matchInfo_games_0_winProb_108_teamOneWinProb,props_pageProps_match_matchInfo_games_0_winProb_108_teamTwoWinProb,props_pageProps_match_matchInfo_games_0_winProb_109___typename,props_pageProps_match_matchInfo_games_0_winProb_109_gameTimeMin,props_pageProps_match_matchInfo_games_0_winProb_109_teamOneWinProb,props_pageProps_match_matchInfo_games_0_winProb_109_teamTwoWinProb,props_pageProps_match_matchInfo_games_0_winProb_110___typename,props_pageProps_match_matchInfo_games_0_winProb_110_gameTimeMin,props_pageProps_match_matchInfo_games_0_winProb_110_teamOneWinProb,props_pageProps_match_matchInfo_games_0_winProb_110_teamTwoWinProb,props_pageProps_match_matchInfo_games_0_winProb_111___typename,props_pageProps_match_matchInfo_games_0_winProb_111_gameTimeMin,props_pageProps_match_matchInfo_games_0_winProb_111_teamOneWinProb,props_pageProps_match_matchInfo_games_0_winProb_111_teamTwoWinProb,props_pageProps_match_matchInfo_games_0_winProb_112___typename,props_pageProps_match_matchInfo_games_0_winProb_112_gameTimeMin,props_pageProps_match_matchInfo_games_0_winProb_112_teamOneWinProb,props_pageProps_match_matchInfo_games_0_winProb_112_teamTwoWinProb,props_pageProps_match_matchInfo_games_0_winProb_113___typename,props_pageProps_match_matchInfo_games_0_winProb_113_gameTimeMin,props_pageProps_match_matchInfo_games_0_winProb_113_teamOneWinProb,props_pageProps_match_matchInfo_games_0_winProb_113_teamTwoWinProb,props_pageProps_match_matchInfo_games_0_winProb_114___typename,props_pageProps_match_matchInfo_games_0_winProb_114_gameTimeMin,props_pageProps_match_matchInfo_games_0_winProb_114_teamOneWinProb,props_pageProps_match_matchInfo_games_0_winProb_114_teamTwoWinProb,props_pageProps_match_matchInfo_games_0_winProb_115___typename,props_pageProps_match_matchInfo_games_0_winProb_115_gameTimeMin,props_pageProps_match_matchInfo_games_0_winProb_115_teamOneWinProb,props_pageProps_match_matchInfo_games_0_winProb_115_teamTwoWinProb,props_pageProps_match_matchInfo_games_0_winProb_116___typename,props_pageProps_match_matchInfo_games_0_winProb_116_gameTimeMin,props_pageProps_match_matchInfo_games_0_winProb_116_teamOneWinProb,props_pageProps_match_matchInfo_games_0_winProb_116_teamTwoWinProb,props_pageProps_match_matchInfo_games_0_winProb_117___typename,props_pageProps_match_matchInfo_games_0_winProb_117_gameTimeMin,props_pageProps_match_matchInfo_games_0_winProb_117_teamOneWinProb,props_pageProps_match_matchInfo_games_0_winProb_117_teamTwoWinProb,props_pageProps_match_matchInfo_games_0_winProb_118___typename,props_pageProps_match_matchInfo_games_0_winProb_118_gameTimeMin,props_pageProps_match_matchInfo_games_0_winProb_118_teamOneWinProb,props_pageProps_match_matchInfo_games_0_winProb_118_teamTwoWinProb,props_pageProps_match_matchInfo_games_0_winProb_119___typename,props_pageProps_match_matchInfo_games_0_winProb_119_gameTimeMin,props_pageProps_match_matchInfo_games_0_winProb_119_teamOneWinProb,props_pageProps_match_matchInfo_games_0_winProb_119_teamTwoWinProb,props_pageProps_match_matchInfo_games_0_winProb_120___typename,props_pageProps_match_matchInfo_games_0_winProb_120_gameTimeMin,props_pageProps_match_matchInfo_games_0_winProb_120_teamOneWinProb,props_pageProps_match_matchInfo_games_0_winProb_120_teamTwoWinProb,props_pageProps_match_matchInfo_games_0_winProb_121___typename,props_pageProps_match_matchInfo_games_0_winProb_121_gameTimeMin,props_pageProps_match_matchInfo_games_0_winProb_121_teamOneWinProb,props_pageProps_match_matchInfo_games_0_winProb_121_teamTwoWinProb,props_pageProps_match_matchInfo_games_0_winProb_122___typename,props_pageProps_match_matchInfo_games_0_winProb_122_gameTimeMin,props_pageProps_match_matchInfo_games_0_winProb_122_teamOneWinProb,props_pageProps_match_matchInfo_games_0_winProb_122_teamTwoWinProb,props_pageProps_match_matchInfo_games_0_winProb_123___typename,props_pageProps_match_matchInfo_games_0_winProb_123_gameTimeMin,props_pageProps_match_matchInfo_games_0_winProb_123_teamOneWinProb,props_pageProps_match_matchInfo_games_0_winProb_123_teamTwoWinProb,props_pageProps_match_matchInfo_games_0_winProb_124___typename,props_pageProps_match_matchInfo_games_0_winProb_124_gameTimeMin,props_pageProps_match_matchInfo_games_0_winProb_124_teamOneWinProb,props_pageProps_match_matchInfo_games_0_winProb_124_teamTwoWinProb,props_pageProps_match_matchInfo_games_0_winProb_125___typename,props_pageProps_match_matchInfo_games_0_winProb_125_gameTimeMin,props_pageProps_match_matchInfo_games_0_winProb_125_teamOneWinProb,props_pageProps_match_matchInfo_games_0_winProb_125_teamTwoWinProb,props_pageProps_match_matchInfo_games_0_winProb_126___typename,props_pageProps_match_matchInfo_games_0_winProb_126_gameTimeMin,props_pageProps_match_matchInfo_games_0_winProb_126_teamOneWinProb,props_pageProps_match_matchInfo_games_0_winProb_126_teamTwoWinProb,props_pageProps_match_matchInfo_games_0_winProb_127___typename,props_pageProps_match_matchInfo_games_0_winProb_127_gameTimeMin,props_pageProps_match_matchInfo_games_0_winProb_127_teamOneWinProb,props_pageProps_match_matchInfo_games_0_winProb_127_teamTwoWinProb,props_pageProps_match_matchInfo_games_0_winProb_128___typename,props_pageProps_match_matchInfo_games_0_winProb_128_gameTimeMin,props_pageProps_match_matchInfo_games_0_winProb_128_teamOneWinProb,props_pageProps_match_matchInfo_games_0_winProb_128_teamTwoWinProb,props_pageProps_match_matchInfo_games_0_winProb_129___typename,props_pageProps_match_matchInfo_games_0_winProb_129_gameTimeMin,props_pageProps_match_matchInfo_games_0_winProb_129_teamOneWinProb,props_pageProps_match_matchInfo_games_0_winProb_129_teamTwoWinProb,props_pageProps_match_matchInfo_games_0_winProb_130___typename,props_pageProps_match_matchInfo_games_0_winProb_130_gameTimeMin,props_pageProps_match_matchInfo_games_0_winProb_130_teamOneWinProb,props_pageProps_match_matchInfo_games_0_winProb_130_teamTwoWinProb,props_pageProps_match_matchInfo_games_0_winProb_131___typename,props_pageProps_match_matchInfo_games_0_winProb_131_gameTimeMin,props_pageProps_match_matchInfo_games_0_winProb_131_teamOneWinProb,props_pageProps_match_matchInfo_games_0_winProb_131_teamTwoWinProb,props_pageProps_match_matchInfo_games_0_winProb_132___typename,props_pageProps_match_matchInfo_games_0_winProb_132_gameTimeMin,props_pageProps_match_matchInfo_games_0_winProb_132_teamOneWinProb,props_pageProps_match_matchInfo_games_0_winProb_132_teamTwoWinProb,props_pageProps_match_matchInfo_games_0_winProb_133___typename,props_pageProps_match_matchInfo_games_0_winProb_133_gameTimeMin,props_pageProps_match_matchInfo_games_0_winProb_133_teamOneWinProb,props_pageProps_match_matchInfo_games_0_winProb_133_teamTwoWinProb,props_pageProps_match_matchInfo_games_0_winProb_134___typename,props_pageProps_match_matchInfo_games_0_winProb_134_gameTimeMin,props_pageProps_match_matchInfo_games_0_winProb_134_teamOneWinProb,props_pageProps_match_matchInfo_games_0_winProb_134_teamTwoWinProb,props_pageProps_match_matchInfo_games_0_winProb_135___typename,props_pageProps_match_matchInfo_games_0_winProb_135_gameTimeMin,props_pageProps_match_matchInfo_games_0_winProb_135_teamOneWinProb,props_pageProps_match_matchInfo_games_0_winProb_135_teamTwoWinProb,props_pageProps_match_matchInfo_games_0_winProb_136___typename,props_pageProps_match_matchInfo_games_0_winProb_136_gameTimeMin,props_pageProps_match_matchInfo_games_0_winProb_136_teamOneWinProb,props_pageProps_match_matchInfo_games_0_winProb_136_teamTwoWinProb,props_pageProps_match_matchInfo_games_0_winProb_137___typename,props_pageProps_match_matchInfo_games_0_winProb_137_gameTimeMin,props_pageProps_match_matchInfo_games_0_winProb_137_teamOneWinProb,props_pageProps_match_matchInfo_games_0_winProb_137_teamTwoWinProb,props_pageProps_match_matchInfo_games_0_winProb_138___typename,props_pageProps_match_matchInfo_games_0_winProb_138_gameTimeMin,props_pageProps_match_matchInfo_games_0_winProb_138_teamOneWinProb,props_pageProps_match_matchInfo_games_0_winProb_138_teamTwoWinProb,props_pageProps_match_matchInfo_games_0_winProb_139___typename,props_pageProps_match_matchInfo_games_0_winProb_139_gameTimeMin,props_pageProps_match_matchInfo_games_0_winProb_139_teamOneWinProb,props_pageProps_match_matchInfo_games_0_winProb_139_teamTwoWinProb,props_pageProps_match_matchInfo_games_0_winProb_140___typename,props_pageProps_match_matchInfo_games_0_winProb_140_gameTimeMin,props_pageProps_match_matchInfo_games_0_winProb_140_teamOneWinProb,props_pageProps_match_matchInfo_games_0_winProb_140_teamTwoWinProb,props_pageProps_match_matchInfo_games_0_winProb_141___typename,props_pageProps_match_matchInfo_games_0_winProb_141_gameTimeMin,props_pageProps_match_matchInfo_games_0_winProb_141_teamOneWinProb,props_pageProps_match_matchInfo_games_0_winProb_141_teamTwoWinProb,props_pageProps_match_matchInfo_games_0_winProb_142___typename,props_pageProps_match_matchInfo_games_0_winProb_142_gameTimeMin,props_pageProps_match_matchInfo_games_0_winProb_142_teamOneWinProb,props_pageProps_match_matchInfo_games_0_winProb_142_teamTwoWinProb,props_pageProps_match_matchInfo_games_0_winProb_143___typename,props_pageProps_match_matchInfo_games_0_winProb_143_gameTimeMin,props_pageProps_match_matchInfo_games_0_winProb_143_teamOneWinProb,props_pageProps_match_matchInfo_games_0_winProb_143_teamTwoWinProb,props_pageProps_match_matchInfo_games_0_winProb_144___typename,props_pageProps_match_matchInfo_games_0_winProb_144_gameTimeMin,props_pageProps_match_matchInfo_games_0_winProb_144_teamOneWinProb,props_pageProps_match_matchInfo_games_0_winProb_144_teamTwoWinProb,props_pageProps_match_matchInfo_games_0_winProb_145___typename,props_pageProps_match_matchInfo_games_0_winProb_145_gameTimeMin,props_pageProps_match_matchInfo_games_0_winProb_145_teamOneWinProb,props_pageProps_match_matchInfo_games_0_winProb_145_teamTwoWinProb,props_pageProps_match_matchInfo_games_0_winProb_146___typename,props_pageProps_match_matchInfo_games_0_winProb_146_gameTimeMin,props_pageProps_match_matchInfo_games_0_winProb_146_teamOneWinProb,props_pageProps_match_matchInfo_games_0_winProb_146_teamTwoWinProb,props_pageProps_match_matchInfo_games_0_winProb_147___typename,props_pageProps_match_matchInfo_games_0_winProb_147_gameTimeMin,props_pageProps_match_matchInfo_games_0_winProb_147_teamOneWinProb,props_pageProps_match_matchInfo_games_0_winProb_147_teamTwoWinProb,props_pageProps_match_matchInfo_games_0_winProb_148___typename,props_pageProps_match_matchInfo_games_0_winProb_148_gameTimeMin,props_pageProps_match_matchInfo_games_0_winProb_148_teamOneWinProb,props_pageProps_match_matchInfo_games_0_winProb_148_teamTwoWinProb,props_pageProps_match_matchInfo_games_0_winProb_149___typename,props_pageProps_match_matchInfo_games_0_winProb_149_gameTimeMin,props_pageProps_match_matchInfo_games_0_winProb_149_teamOneWinProb,props_pageProps_match_matchInfo_games_0_winProb_149_teamTwoWinProb,props_pageProps_match_matchInfo_games_0_winProb_150___typename,props_pageProps_match_matchInfo_games_0_winProb_150_gameTimeMin,props_pageProps_match_matchInfo_games_0_winProb_150_teamOneWinProb,props_pageProps_match_matchInfo_games_0_winProb_150_teamTwoWinProb,props_pageProps_match_matchInfo_games_0_winProb_151___typename,props_pageProps_match_matchInfo_games_0_winProb_151_gameTimeMin,props_pageProps_match_matchInfo_games_0_winProb_151_teamOneWinProb,props_pageProps_match_matchInfo_games_0_winProb_151_teamTwoWinProb,props_pageProps_match_matchInfo_games_0_winProb_152___typename,props_pageProps_match_matchInfo_games_0_winProb_152_gameTimeMin,props_pageProps_match_matchInfo_games_0_winProb_152_teamOneWinProb,props_pageProps_match_matchInfo_games_0_winProb_152_teamTwoWinProb,props_pageProps_match_matchInfo_games_0_winProb_153___typename,props_pageProps_match_matchInfo_games_0_winProb_153_gameTimeMin,props_pageProps_match_matchInfo_games_0_winProb_153_teamOneWinProb,props_pageProps_match_matchInfo_games_0_winProb_153_teamTwoWinProb,props_pageProps_match_matchInfo_games_0_winProb_154___typename,props_pageProps_match_matchInfo_games_0_winProb_154_gameTimeMin,props_pageProps_match_matchInfo_games_0_winProb_154_teamOneWinProb,props_pageProps_match_matchInfo_games_0_winProb_154_teamTwoWinProb,props_pageProps_match_matchInfo_games_0_winProb_155___typename,props_pageProps_match_matchInfo_games_0_winProb_155_gameTimeMin,props_pageProps_match_matchInfo_games_0_winProb_155_teamOneWinProb,props_pageProps_match_matchInfo_games_0_winProb_155_teamTwoWinProb,props_pageProps_match_matchInfo_games_0_winProb_156___typename,props_pageProps_match_matchInfo_games_0_winProb_156_gameTimeMin,props_pageProps_match_matchInfo_games_0_winProb_156_teamOneWinProb,props_pageProps_match_matchInfo_games_0_winProb_156_teamTwoWinProb,props_pageProps_match_matchInfo_games_0_winningSide,props_pageProps_match_matchInfo_games_0_winningTeam,props_pageProps_match_matchInfo_games_0_winningTeamPerid,props_pageProps_match_matchInfo_games_0_winningTeamUrn,props_pageProps_match_matchInfo_lastModified,props_pageProps_match_matchInfo_liveGames_0___typename,props_pageProps_match_matchInfo_liveGames_0_gameComplete,props_pageProps_match_matchInfo_liveGames_0_gamePaused,props_pageProps_match_matchInfo_liveGames_0_gameState,props_pageProps_match_matchInfo_liveGames_0_live,props_pageProps_match_matchInfo_liveGames_0_seriesCurrent,props_pageProps_match_matchInfo_liveGames_0_seriesMax,props_pageProps_match_matchInfo_liveGames_0_seriesType,props_pageProps_match_matchInfo_liveGames_0_teamOne___typename,props_pageProps_match_matchInfo_liveGames_0_teamOne_abbreviation,props_pageProps_match_matchInfo_liveGames_0_teamOnePerid,props_pageProps_match_matchInfo_liveGames_0_teamOneUrn,props_pageProps_match_matchInfo_liveGames_0_teamTwo___typename,props_pageProps_match_matchInfo_liveGames_0_teamTwo_abbreviation,props_pageProps_match_matchInfo_liveGames_0_teamTwoPerid,props_pageProps_match_matchInfo_liveGames_0_teamTwoUrn,props_pageProps_match_matchInfo_liveGames_0_urn,props_pageProps_match_matchInfo_liveGames_0_winningTeamPerid,props_pageProps_match_matchInfo_matchStartDate,props_pageProps_match_matchInfo_matchState,props_pageProps_match_matchInfo_matchUrn,props_pageProps_match_matchInfo_prematchWinProbability___typename,props_pageProps_match_matchInfo_prematchWinProbability_team1Winprob,props_pageProps_match_matchInfo_prematchWinProbability_team2Winprob,props_pageProps_match_matchInfo_score___typename,props_pageProps_match_matchInfo_score_team1Score,props_pageProps_match_matchInfo_score_team2Score,props_pageProps_match_matchInfo_team1___typename,props_pageProps_match_matchInfo_team1_abbreviation,props_pageProps_match_matchInfo_team1_factorId,props_pageProps_match_matchInfo_team1_fullName,props_pageProps_match_matchInfo_team1_gameRecord_totalLost,props_pageProps_match_matchInfo_team1_gameRecord_totalWin,props_pageProps_match_matchInfo_team1_playerHistories_0___typename,props_pageProps_match_matchInfo_team1_playerHistories_0_playerDetails___typename,props_pageProps_match_matchInfo_team1_playerHistories_0_playerDetails_factorId,props_pageProps_match_matchInfo_team1_playerHistories_0_playerDetails_fullName,props_pageProps_match_matchInfo_team1_playerHistories_0_playerDetails_headshotUrl,props_pageProps_match_matchInfo_team1_playerHistories_0_playerDetails_name,props_pageProps_match_matchInfo_team1_playerHistories_0_playerDetails_perid,props_pageProps_match_matchInfo_team1_playerHistories_0_playerPerid,props_pageProps_match_matchInfo_team1_playerHistories_0_role,props_pageProps_match_matchInfo_team1_playerHistories_0_tournamentUrn,props_pageProps_match_matchInfo_team1_playerHistories_1___typename,props_pageProps_match_matchInfo_team1_playerHistories_1_playerDetails___typename,props_pageProps_match_matchInfo_team1_playerHistories_1_playerDetails_factorId,props_pageProps_match_matchInfo_team1_playerHistories_1_playerDetails_fullName,props_pageProps_match_matchInfo_team1_playerHistories_1_playerDetails_headshotUrl,props_pageProps_match_matchInfo_team1_playerHistories_1_playerDetails_name,props_pageProps_match_matchInfo_team1_playerHistories_1_playerDetails_perid,props_pageProps_match_matchInfo_team1_playerHistories_1_playerPerid,props_pageProps_match_matchInfo_team1_playerHistories_1_role,props_pageProps_match_matchInfo_team1_playerHistories_1_tournamentUrn,props_pageProps_match_matchInfo_team1_playerHistories_2___typename,props_pageProps_match_matchInfo_team1_playerHistories_2_playerDetails___typename,props_pageProps_match_matchInfo_team1_playerHistories_2_playerDetails_factorId,props_pageProps_match_matchInfo_team1_playerHistories_2_playerDetails_fullName,props_pageProps_match_matchInfo_team1_playerHistories_2_playerDetails_headshotUrl,props_pageProps_match_matchInfo_team1_playerHistories_2_playerDetails_name,props_pageProps_match_matchInfo_team1_playerHistories_2_playerDetails_perid,props_pageProps_match_matchInfo_team1_playerHistories_2_playerPerid,props_pageProps_match_matchInfo_team1_playerHistories_2_role,props_pageProps_match_matchInfo_team1_playerHistories_2_tournamentUrn,props_pageProps_match_matchInfo_team1_playerHistories_3___typename,props_pageProps_match_matchInfo_team1_playerHistories_3_playerDetails___typename,props_pageProps_match_matchInfo_team1_playerHistories_3_playerDetails_factorId,props_pageProps_match_matchInfo_team1_playerHistories_3_playerDetails_fullName,props_pageProps_match_matchInfo_team1_playerHistories_3_playerDetails_headshotUrl,props_pageProps_match_matchInfo_team1_playerHistories_3_playerDetails_name,props_pageProps_match_matchInfo_team1_playerHistories_3_playerDetails_perid,props_pageProps_match_matchInfo_team1_playerHistories_3_playerPerid,props_pageProps_match_matchInfo_team1_playerHistories_3_role,props_pageProps_match_matchInfo_team1_playerHistories_3_tournamentUrn,props_pageProps_match_matchInfo_team1_playerHistories_4___typename,props_pageProps_match_matchInfo_team1_playerHistories_4_playerDetails___typename,props_pageProps_match_matchInfo_team1_playerHistories_4_playerDetails_factorId,props_pageProps_match_matchInfo_team1_playerHistories_4_playerDetails_fullName,props_pageProps_match_matchInfo_team1_playerHistories_4_playerDetails_headshotUrl,props_pageProps_match_matchInfo_team1_playerHistories_4_playerDetails_name,props_pageProps_match_matchInfo_team1_playerHistories_4_playerDetails_perid,props_pageProps_match_matchInfo_team1_playerHistories_4_playerPerid,props_pageProps_match_matchInfo_team1_playerHistories_4_role,props_pageProps_match_matchInfo_team1_playerHistories_4_tournamentUrn,props_pageProps_match_matchInfo_team1_playerHistories_5___typename,props_pageProps_match_matchInfo_team1_playerHistories_5_playerDetails___typename,props_pageProps_match_matchInfo_team1_playerHistories_5_playerDetails_factorId,props_pageProps_match_matchInfo_team1_playerHistories_5_playerDetails_fullName,props_pageProps_match_matchInfo_team1_playerHistories_5_playerDetails_headshotUrl,props_pageProps_match_matchInfo_team1_playerHistories_5_playerDetails_name,props_pageProps_match_matchInfo_team1_playerHistories_5_playerDetails_perid,props_pageProps_match_matchInfo_team1_playerHistories_5_playerPerid,props_pageProps_match_matchInfo_team1_playerHistories_5_role,props_pageProps_match_matchInfo_team1_playerHistories_5_tournamentUrn,props_pageProps_match_matchInfo_team1_playerHistories_6___typename,props_pageProps_match_matchInfo_team1_playerHistories_6_playerDetails___typename,props_pageProps_match_matchInfo_team1_playerHistories_6_playerDetails_factorId,props_pageProps_match_matchInfo_team1_playerHistories_6_playerDetails_fullName,props_pageProps_match_matchInfo_team1_playerHistories_6_playerDetails_headshotUrl,props_pageProps_match_matchInfo_team1_playerHistories_6_playerDetails_name,props_pageProps_match_matchInfo_team1_playerHistories_6_playerDetails_perid,props_pageProps_match_matchInfo_team1_playerHistories_6_playerPerid,props_pageProps_match_matchInfo_team1_playerHistories_6_role,props_pageProps_match_matchInfo_team1_playerHistories_6_tournamentUrn,props_pageProps_match_matchInfo_team1_playerHistories_7___typename,props_pageProps_match_matchInfo_team1_playerHistories_7_playerDetails___typename,props_pageProps_match_matchInfo_team1_playerHistories_7_playerDetails_factorId,props_pageProps_match_matchInfo_team1_playerHistories_7_playerDetails_fullName,props_pageProps_match_matchInfo_team1_playerHistories_7_playerDetails_headshotUrl,props_pageProps_match_matchInfo_team1_playerHistories_7_playerDetails_name,props_pageProps_match_matchInfo_team1_playerHistories_7_playerDetails_perid,props_pageProps_match_matchInfo_team1_playerHistories_7_playerPerid,props_pageProps_match_matchInfo_team1_playerHistories_7_role,props_pageProps_match_matchInfo_team1_playerHistories_7_tournamentUrn,props_pageProps_match_matchInfo_team1_playerHistories_8___typename,props_pageProps_match_matchInfo_team1_playerHistories_8_playerDetails___typename,props_pageProps_match_matchInfo_team1_playerHistories_8_playerDetails_factorId,props_pageProps_match_matchInfo_team1_playerHistories_8_playerDetails_fullName,props_pageProps_match_matchInfo_team1_playerHistories_8_playerDetails_headshotUrl,props_pageProps_match_matchInfo_team1_playerHistories_8_playerDetails_name,props_pageProps_match_matchInfo_team1_playerHistories_8_playerDetails_perid,props_pageProps_match_matchInfo_team1_playerHistories_8_playerPerid,props_pageProps_match_matchInfo_team1_playerHistories_8_role,props_pageProps_match_matchInfo_team1_playerHistories_8_tournamentUrn,props_pageProps_match_matchInfo_team1_playerHistories_9___typename,props_pageProps_match_matchInfo_team1_playerHistories_9_playerDetails___typename,props_pageProps_match_matchInfo_team1_playerHistories_9_playerDetails_factorId,props_pageProps_match_matchInfo_team1_playerHistories_9_playerDetails_fullName,props_pageProps_match_matchInfo_team1_playerHistories_9_playerDetails_headshotUrl,props_pageProps_match_matchInfo_team1_playerHistories_9_playerDetails_name,props_pageProps_match_matchInfo_team1_playerHistories_9_playerDetails_perid,props_pageProps_match_matchInfo_team1_playerHistories_9_playerPerid,props_pageProps_match_matchInfo_team1_playerHistories_9_role,props_pageProps_match_matchInfo_team1_playerHistories_9_tournamentUrn,props_pageProps_match_matchInfo_team1_playerHistories_10___typename,props_pageProps_match_matchInfo_team1_playerHistories_10_playerDetails___typename,props_pageProps_match_matchInfo_team1_playerHistories_10_playerDetails_factorId,props_pageProps_match_matchInfo_team1_playerHistories_10_playerDetails_fullName,props_pageProps_match_matchInfo_team1_playerHistories_10_playerDetails_headshotUrl,props_pageProps_match_matchInfo_team1_playerHistories_10_playerDetails_name,props_pageProps_match_matchInfo_team1_playerHistories_10_playerDetails_perid,props_pageProps_match_matchInfo_team1_playerHistories_10_playerPerid,props_pageProps_match_matchInfo_team1_playerHistories_10_role,props_pageProps_match_matchInfo_team1_playerHistories_10_tournamentUrn,props_pageProps_match_matchInfo_team1_playerHistories_11___typename,props_pageProps_match_matchInfo_team1_playerHistories_11_playerDetails___typename,props_pageProps_match_matchInfo_team1_playerHistories_11_playerDetails_factorId,props_pageProps_match_matchInfo_team1_playerHistories_11_playerDetails_fullName,props_pageProps_match_matchInfo_team1_playerHistories_11_playerDetails_headshotUrl,props_pageProps_match_matchInfo_team1_playerHistories_11_playerDetails_name,props_pageProps_match_matchInfo_team1_playerHistories_11_playerDetails_perid,props_pageProps_match_matchInfo_team1_playerHistories_11_playerPerid,props_pageProps_match_matchInfo_team1_playerHistories_11_role,props_pageProps_match_matchInfo_team1_playerHistories_11_tournamentUrn,props_pageProps_match_matchInfo_team1_playerHistories_12___typename,props_pageProps_match_matchInfo_team1_playerHistories_12_playerDetails___typename,props_pageProps_match_matchInfo_team1_playerHistories_12_playerDetails_factorId,props_pageProps_match_matchInfo_team1_playerHistories_12_playerDetails_fullName,props_pageProps_match_matchInfo_team1_playerHistories_12_playerDetails_headshotUrl,props_pageProps_match_matchInfo_team1_playerHistories_12_playerDetails_name,props_pageProps_match_matchInfo_team1_playerHistories_12_playerDetails_perid,props_pageProps_match_matchInfo_team1_playerHistories_12_playerPerid,props_pageProps_match_matchInfo_team1_playerHistories_12_role,props_pageProps_match_matchInfo_team1_playerHistories_12_tournamentUrn,props_pageProps_match_matchInfo_team1_playerHistories_13___typename,props_pageProps_match_matchInfo_team1_playerHistories_13_playerDetails___typename,props_pageProps_match_matchInfo_team1_playerHistories_13_playerDetails_factorId,props_pageProps_match_matchInfo_team1_playerHistories_13_playerDetails_fullName,props_pageProps_match_matchInfo_team1_playerHistories_13_playerDetails_headshotUrl,props_pageProps_match_matchInfo_team1_playerHistories_13_playerDetails_name,props_pageProps_match_matchInfo_team1_playerHistories_13_playerDetails_perid,props_pageProps_match_matchInfo_team1_playerHistories_13_playerPerid,props_pageProps_match_matchInfo_team1_playerHistories_13_role,props_pageProps_match_matchInfo_team1_playerHistories_13_tournamentUrn,props_pageProps_match_matchInfo_team1_playerHistories_14___typename,props_pageProps_match_matchInfo_team1_playerHistories_14_playerDetails___typename,props_pageProps_match_matchInfo_team1_playerHistories_14_playerDetails_factorId,props_pageProps_match_matchInfo_team1_playerHistories_14_playerDetails_fullName,props_pageProps_match_matchInfo_team1_playerHistories_14_playerDetails_headshotUrl,props_pageProps_match_matchInfo_team1_playerHistories_14_playerDetails_name,props_pageProps_match_matchInfo_team1_playerHistories_14_playerDetails_perid,props_pageProps_match_matchInfo_team1_playerHistories_14_playerPerid,props_pageProps_match_matchInfo_team1_playerHistories_14_role,props_pageProps_match_matchInfo_team1_playerHistories_14_tournamentUrn,props_pageProps_match_matchInfo_team1_playerHistories_15___typename,props_pageProps_match_matchInfo_team1_playerHistories_15_playerDetails___typename,props_pageProps_match_matchInfo_team1_playerHistories_15_playerDetails_factorId,props_pageProps_match_matchInfo_team1_playerHistories_15_playerDetails_fullName,props_pageProps_match_matchInfo_team1_playerHistories_15_playerDetails_headshotUrl,props_pageProps_match_matchInfo_team1_playerHistories_15_playerDetails_name,props_pageProps_match_matchInfo_team1_playerHistories_15_playerDetails_perid,props_pageProps_match_matchInfo_team1_playerHistories_15_playerPerid,props_pageProps_match_matchInfo_team1_playerHistories_15_role,props_pageProps_match_matchInfo_team1_playerHistories_15_tournamentUrn,props_pageProps_match_matchInfo_team1_playerHistories_16___typename,props_pageProps_match_matchInfo_team1_playerHistories_16_playerDetails___typename,props_pageProps_match_matchInfo_team1_playerHistories_16_playerDetails_factorId,props_pageProps_match_matchInfo_team1_playerHistories_16_playerDetails_fullName,props_pageProps_match_matchInfo_team1_playerHistories_16_playerDetails_headshotUrl,props_pageProps_match_matchInfo_team1_playerHistories_16_playerDetails_name,props_pageProps_match_matchInfo_team1_playerHistories_16_playerDetails_perid,props_pageProps_match_matchInfo_team1_playerHistories_16_playerPerid,props_pageProps_match_matchInfo_team1_playerHistories_16_role,props_pageProps_match_matchInfo_team1_playerHistories_16_tournamentUrn,props_pageProps_match_matchInfo_team1_playerHistories_17___typename,props_pageProps_match_matchInfo_team1_playerHistories_17_playerDetails___typename,props_pageProps_match_matchInfo_team1_playerHistories_17_playerDetails_factorId,props_pageProps_match_matchInfo_team1_playerHistories_17_playerDetails_fullName,props_pageProps_match_matchInfo_team1_playerHistories_17_playerDetails_headshotUrl,props_pageProps_match_matchInfo_team1_playerHistories_17_playerDetails_name,props_pageProps_match_matchInfo_team1_playerHistories_17_playerDetails_perid,props_pageProps_match_matchInfo_team1_playerHistories_17_playerPerid,props_pageProps_match_matchInfo_team1_playerHistories_17_role,props_pageProps_match_matchInfo_team1_playerHistories_17_tournamentUrn,props_pageProps_match_matchInfo_team1_playerHistories_18___typename,props_pageProps_match_matchInfo_team1_playerHistories_18_playerDetails___typename,props_pageProps_match_matchInfo_team1_playerHistories_18_playerDetails_factorId,props_pageProps_match_matchInfo_team1_playerHistories_18_playerDetails_fullName,props_pageProps_match_matchInfo_team1_playerHistories_18_playerDetails_headshotUrl,props_pageProps_match_matchInfo_team1_playerHistories_18_playerDetails_name,props_pageProps_match_matchInfo_team1_playerHistories_18_playerDetails_perid,props_pageProps_match_matchInfo_team1_playerHistories_18_playerPerid,props_pageProps_match_matchInfo_team1_playerHistories_18_role,props_pageProps_match_matchInfo_team1_playerHistories_18_tournamentUrn,props_pageProps_match_matchInfo_team1_playerHistories_19___typename,props_pageProps_match_matchInfo_team1_playerHistories_19_playerDetails___typename,props_pageProps_match_matchInfo_team1_playerHistories_19_playerDetails_factorId,props_pageProps_match_matchInfo_team1_playerHistories_19_playerDetails_fullName,props_pageProps_match_matchInfo_team1_playerHistories_19_playerDetails_headshotUrl,props_pageProps_match_matchInfo_team1_playerHistories_19_playerDetails_name,props_pageProps_match_matchInfo_team1_playerHistories_19_playerDetails_perid,props_pageProps_match_matchInfo_team1_playerHistories_19_playerPerid,props_pageProps_match_matchInfo_team1_playerHistories_19_role,props_pageProps_match_matchInfo_team1_playerHistories_19_tournamentUrn,props_pageProps_match_matchInfo_team1_playerHistories_20___typename,props_pageProps_match_matchInfo_team1_playerHistories_20_playerDetails___typename,props_pageProps_match_matchInfo_team1_playerHistories_20_playerDetails_factorId,props_pageProps_match_matchInfo_team1_playerHistories_20_playerDetails_fullName,props_pageProps_match_matchInfo_team1_playerHistories_20_playerDetails_headshotUrl,props_pageProps_match_matchInfo_team1_playerHistories_20_playerDetails_name,props_pageProps_match_matchInfo_team1_playerHistories_20_playerDetails_perid,props_pageProps_match_matchInfo_team1_playerHistories_20_playerPerid,props_pageProps_match_matchInfo_team1_playerHistories_20_role,props_pageProps_match_matchInfo_team1_playerHistories_20_tournamentUrn,props_pageProps_match_matchInfo_team1_playerHistories_21___typename,props_pageProps_match_matchInfo_team1_playerHistories_21_playerDetails___typename,props_pageProps_match_matchInfo_team1_playerHistories_21_playerDetails_factorId,props_pageProps_match_matchInfo_team1_playerHistories_21_playerDetails_fullName,props_pageProps_match_matchInfo_team1_playerHistories_21_playerDetails_headshotUrl,props_pageProps_match_matchInfo_team1_playerHistories_21_playerDetails_name,props_pageProps_match_matchInfo_team1_playerHistories_21_playerDetails_perid,props_pageProps_match_matchInfo_team1_playerHistories_21_playerPerid,props_pageProps_match_matchInfo_team1_playerHistories_21_role,props_pageProps_match_matchInfo_team1_playerHistories_21_tournamentUrn,props_pageProps_match_matchInfo_team1_playerHistories_22___typename,props_pageProps_match_matchInfo_team1_playerHistories_22_playerDetails___typename,props_pageProps_match_matchInfo_team1_playerHistories_22_playerDetails_factorId,props_pageProps_match_matchInfo_team1_playerHistories_22_playerDetails_fullName,props_pageProps_match_matchInfo_team1_playerHistories_22_playerDetails_headshotUrl,props_pageProps_match_matchInfo_team1_playerHistories_22_playerDetails_name,props_pageProps_match_matchInfo_team1_playerHistories_22_playerDetails_perid,props_pageProps_match_matchInfo_team1_playerHistories_22_playerPerid,props_pageProps_match_matchInfo_team1_playerHistories_22_role,props_pageProps_match_matchInfo_team1_playerHistories_22_tournamentUrn,props_pageProps_match_matchInfo_team1_playerHistories_23___typename,props_pageProps_match_matchInfo_team1_playerHistories_23_playerDetails___typename,props_pageProps_match_matchInfo_team1_playerHistories_23_playerDetails_factorId,props_pageProps_match_matchInfo_team1_playerHistories_23_playerDetails_fullName,props_pageProps_match_matchInfo_team1_playerHistories_23_playerDetails_headshotUrl,props_pageProps_match_matchInfo_team1_playerHistories_23_playerDetails_name,props_pageProps_match_matchInfo_team1_playerHistories_23_playerDetails_perid,props_pageProps_match_matchInfo_team1_playerHistories_23_playerPerid,props_pageProps_match_matchInfo_team1_playerHistories_23_role,props_pageProps_match_matchInfo_team1_playerHistories_23_tournamentUrn,props_pageProps_match_matchInfo_team1_playerHistories_24___typename,props_pageProps_match_matchInfo_team1_playerHistories_24_playerDetails___typename,props_pageProps_match_matchInfo_team1_playerHistories_24_playerDetails_factorId,props_pageProps_match_matchInfo_team1_playerHistories_24_playerDetails_fullName,props_pageProps_match_matchInfo_team1_playerHistories_24_playerDetails_headshotUrl,props_pageProps_match_matchInfo_team1_playerHistories_24_playerDetails_name,props_pageProps_match_matchInfo_team1_playerHistories_24_playerDetails_perid,props_pageProps_match_matchInfo_team1_playerHistories_24_playerPerid,props_pageProps_match_matchInfo_team1_playerHistories_24_role,props_pageProps_match_matchInfo_team1_playerHistories_24_tournamentUrn,props_pageProps_match_matchInfo_team1_playerHistories_25___typename,props_pageProps_match_matchInfo_team1_playerHistories_25_playerDetails___typename,props_pageProps_match_matchInfo_team1_playerHistories_25_playerDetails_factorId,props_pageProps_match_matchInfo_team1_playerHistories_25_playerDetails_fullName,props_pageProps_match_matchInfo_team1_playerHistories_25_playerDetails_headshotUrl,props_pageProps_match_matchInfo_team1_playerHistories_25_playerDetails_name,props_pageProps_match_matchInfo_team1_playerHistories_25_playerDetails_perid,props_pageProps_match_matchInfo_team1_playerHistories_25_playerPerid,props_pageProps_match_matchInfo_team1_playerHistories_25_role,props_pageProps_match_matchInfo_team1_playerHistories_25_tournamentUrn,props_pageProps_match_matchInfo_team1_playerHistories_26___typename,props_pageProps_match_matchInfo_team1_playerHistories_26_playerDetails___typename,props_pageProps_match_matchInfo_team1_playerHistories_26_playerDetails_factorId,props_pageProps_match_matchInfo_team1_playerHistories_26_playerDetails_fullName,props_pageProps_match_matchInfo_team1_playerHistories_26_playerDetails_headshotUrl,props_pageProps_match_matchInfo_team1_playerHistories_26_playerDetails_name,props_pageProps_match_matchInfo_team1_playerHistories_26_playerDetails_perid,props_pageProps_match_matchInfo_team1_playerHistories_26_playerPerid,props_pageProps_match_matchInfo_team1_playerHistories_26_role,props_pageProps_match_matchInfo_team1_playerHistories_26_tournamentUrn,props_pageProps_match_matchInfo_team1_playerHistories_27___typename,props_pageProps_match_matchInfo_team1_playerHistories_27_playerDetails___typename,props_pageProps_match_matchInfo_team1_playerHistories_27_playerDetails_factorId,props_pageProps_match_matchInfo_team1_playerHistories_27_playerDetails_fullName,props_pageProps_match_matchInfo_team1_playerHistories_27_playerDetails_headshotUrl,props_pageProps_match_matchInfo_team1_playerHistories_27_playerDetails_name,props_pageProps_match_matchInfo_team1_playerHistories_27_playerDetails_perid,props_pageProps_match_matchInfo_team1_playerHistories_27_playerPerid,props_pageProps_match_matchInfo_team1_playerHistories_27_role,props_pageProps_match_matchInfo_team1_playerHistories_27_tournamentUrn,props_pageProps_match_matchInfo_team1_playerHistories_28___typename,props_pageProps_match_matchInfo_team1_playerHistories_28_playerDetails___typename,props_pageProps_match_matchInfo_team1_playerHistories_28_playerDetails_factorId,props_pageProps_match_matchInfo_team1_playerHistories_28_playerDetails_fullName,props_pageProps_match_matchInfo_team1_playerHistories_28_playerDetails_headshotUrl,props_pageProps_match_matchInfo_team1_playerHistories_28_playerDetails_name,props_pageProps_match_matchInfo_team1_playerHistories_28_playerDetails_perid,props_pageProps_match_matchInfo_team1_playerHistories_28_playerPerid,props_pageProps_match_matchInfo_team1_playerHistories_28_role,props_pageProps_match_matchInfo_team1_playerHistories_28_tournamentUrn,props_pageProps_match_matchInfo_team1_playerHistories_29___typename,props_pageProps_match_matchInfo_team1_playerHistories_29_playerDetails___typename,props_pageProps_match_matchInfo_team1_playerHistories_29_playerDetails_factorId,props_pageProps_match_matchInfo_team1_playerHistories_29_playerDetails_fullName,props_pageProps_match_matchInfo_team1_playerHistories_29_playerDetails_headshotUrl,props_pageProps_match_matchInfo_team1_playerHistories_29_playerDetails_name,props_pageProps_match_matchInfo_team1_playerHistories_29_playerDetails_perid,props_pageProps_match_matchInfo_team1_playerHistories_29_playerPerid,props_pageProps_match_matchInfo_team1_playerHistories_29_role,props_pageProps_match_matchInfo_team1_playerHistories_29_tournamentUrn,props_pageProps_match_matchInfo_team1_playerHistories_30___typename,props_pageProps_match_matchInfo_team1_playerHistories_30_playerDetails___typename,props_pageProps_match_matchInfo_team1_playerHistories_30_playerDetails_factorId,props_pageProps_match_matchInfo_team1_playerHistories_30_playerDetails_fullName,props_pageProps_match_matchInfo_team1_playerHistories_30_playerDetails_headshotUrl,props_pageProps_match_matchInfo_team1_playerHistories_30_playerDetails_name,props_pageProps_match_matchInfo_team1_playerHistories_30_playerDetails_perid,props_pageProps_match_matchInfo_team1_playerHistories_30_playerPerid,props_pageProps_match_matchInfo_team1_playerHistories_30_role,props_pageProps_match_matchInfo_team1_playerHistories_30_tournamentUrn,props_pageProps_match_matchInfo_team1_playerHistories_31___typename,props_pageProps_match_matchInfo_team1_playerHistories_31_playerDetails___typename,props_pageProps_match_matchInfo_team1_playerHistories_31_playerDetails_factorId,props_pageProps_match_matchInfo_team1_playerHistories_31_playerDetails_fullName,props_pageProps_match_matchInfo_team1_playerHistories_31_playerDetails_headshotUrl,props_pageProps_match_matchInfo_team1_playerHistories_31_playerDetails_name,props_pageProps_match_matchInfo_team1_playerHistories_31_playerDetails_perid,props_pageProps_match_matchInfo_team1_playerHistories_31_playerPerid,props_pageProps_match_matchInfo_team1_playerHistories_31_role,props_pageProps_match_matchInfo_team1_playerHistories_31_tournamentUrn,props_pageProps_match_matchInfo_team1_playerHistories_32___typename,props_pageProps_match_matchInfo_team1_playerHistories_32_playerDetails___typename,props_pageProps_match_matchInfo_team1_playerHistories_32_playerDetails_factorId,props_pageProps_match_matchInfo_team1_playerHistories_32_playerDetails_fullName,props_pageProps_match_matchInfo_team1_playerHistories_32_playerDetails_headshotUrl,props_pageProps_match_matchInfo_team1_playerHistories_32_playerDetails_name,props_pageProps_match_matchInfo_team1_playerHistories_32_playerDetails_perid,props_pageProps_match_matchInfo_team1_playerHistories_32_playerPerid,props_pageProps_match_matchInfo_team1_playerHistories_32_role,props_pageProps_match_matchInfo_team1_playerHistories_32_tournamentUrn,props_pageProps_match_matchInfo_team1_playerHistories_33___typename,props_pageProps_match_matchInfo_team1_playerHistories_33_playerDetails___typename,props_pageProps_match_matchInfo_team1_playerHistories_33_playerDetails_factorId,props_pageProps_match_matchInfo_team1_playerHistories_33_playerDetails_fullName,props_pageProps_match_matchInfo_team1_playerHistories_33_playerDetails_headshotUrl,props_pageProps_match_matchInfo_team1_playerHistories_33_playerDetails_name,props_pageProps_match_matchInfo_team1_playerHistories_33_playerDetails_perid,props_pageProps_match_matchInfo_team1_playerHistories_33_playerPerid,props_pageProps_match_matchInfo_team1_playerHistories_33_role,props_pageProps_match_matchInfo_team1_playerHistories_33_tournamentUrn,props_pageProps_match_matchInfo_team1_playerHistories_34___typename,props_pageProps_match_matchInfo_team1_playerHistories_34_playerDetails___typename,props_pageProps_match_matchInfo_team1_playerHistories_34_playerDetails_factorId,props_pageProps_match_matchInfo_team1_playerHistories_34_playerDetails_fullName,props_pageProps_match_matchInfo_team1_playerHistories_34_playerDetails_headshotUrl,props_pageProps_match_matchInfo_team1_playerHistories_34_playerDetails_name,props_pageProps_match_matchInfo_team1_playerHistories_34_playerDetails_perid,props_pageProps_match_matchInfo_team1_playerHistories_34_playerPerid,props_pageProps_match_matchInfo_team1_playerHistories_34_role,props_pageProps_match_matchInfo_team1_playerHistories_34_tournamentUrn,props_pageProps_match_matchInfo_team1_playerHistories_35___typename,props_pageProps_match_matchInfo_team1_playerHistories_35_playerDetails___typename,props_pageProps_match_matchInfo_team1_playerHistories_35_playerDetails_factorId,props_pageProps_match_matchInfo_team1_playerHistories_35_playerDetails_fullName,props_pageProps_match_matchInfo_team1_playerHistories_35_playerDetails_headshotUrl,props_pageProps_match_matchInfo_team1_playerHistories_35_playerDetails_name,props_pageProps_match_matchInfo_team1_playerHistories_35_playerDetails_perid,props_pageProps_match_matchInfo_team1_playerHistories_35_playerPerid,props_pageProps_match_matchInfo_team1_playerHistories_35_role,props_pageProps_match_matchInfo_team1_playerHistories_35_tournamentUrn,props_pageProps_match_matchInfo_team1_playerHistories_36___typename,props_pageProps_match_matchInfo_team1_playerHistories_36_playerDetails___typename,props_pageProps_match_matchInfo_team1_playerHistories_36_playerDetails_factorId,props_pageProps_match_matchInfo_team1_playerHistories_36_playerDetails_fullName,props_pageProps_match_matchInfo_team1_playerHistories_36_playerDetails_headshotUrl,props_pageProps_match_matchInfo_team1_playerHistories_36_playerDetails_name,props_pageProps_match_matchInfo_team1_playerHistories_36_playerDetails_perid,props_pageProps_match_matchInfo_team1_playerHistories_36_playerPerid,props_pageProps_match_matchInfo_team1_playerHistories_36_role,props_pageProps_match_matchInfo_team1_playerHistories_36_tournamentUrn,props_pageProps_match_matchInfo_team1_playerHistories_37___typename,props_pageProps_match_matchInfo_team1_playerHistories_37_playerDetails___typename,props_pageProps_match_matchInfo_team1_playerHistories_37_playerDetails_factorId,props_pageProps_match_matchInfo_team1_playerHistories_37_playerDetails_fullName,props_pageProps_match_matchInfo_team1_playerHistories_37_playerDetails_headshotUrl,props_pageProps_match_matchInfo_team1_playerHistories_37_playerDetails_name,props_pageProps_match_matchInfo_team1_playerHistories_37_playerDetails_perid,props_pageProps_match_matchInfo_team1_playerHistories_37_playerPerid,props_pageProps_match_matchInfo_team1_playerHistories_37_role,props_pageProps_match_matchInfo_team1_playerHistories_37_tournamentUrn,props_pageProps_match_matchInfo_team1_playerHistories_38___typename,props_pageProps_match_matchInfo_team1_playerHistories_38_playerDetails___typename,props_pageProps_match_matchInfo_team1_playerHistories_38_playerDetails_factorId,props_pageProps_match_matchInfo_team1_playerHistories_38_playerDetails_fullName,props_pageProps_match_matchInfo_team1_playerHistories_38_playerDetails_headshotUrl,props_pageProps_match_matchInfo_team1_playerHistories_38_playerDetails_name,props_pageProps_match_matchInfo_team1_playerHistories_38_playerDetails_perid,props_pageProps_match_matchInfo_team1_playerHistories_38_playerPerid,props_pageProps_match_matchInfo_team1_playerHistories_38_role,props_pageProps_match_matchInfo_team1_playerHistories_38_tournamentUrn,props_pageProps_match_matchInfo_team1_playerHistories_39___typename,props_pageProps_match_matchInfo_team1_playerHistories_39_playerDetails___typename,props_pageProps_match_matchInfo_team1_playerHistories_39_playerDetails_factorId,props_pageProps_match_matchInfo_team1_playerHistories_39_playerDetails_fullName,props_pageProps_match_matchInfo_team1_playerHistories_39_playerDetails_headshotUrl,props_pageProps_match_matchInfo_team1_playerHistories_39_playerDetails_name,props_pageProps_match_matchInfo_team1_playerHistories_39_playerDetails_perid,props_pageProps_match_matchInfo_team1_playerHistories_39_playerPerid,props_pageProps_match_matchInfo_team1_playerHistories_39_role,props_pageProps_match_matchInfo_team1_playerHistories_39_tournamentUrn,props_pageProps_match_matchInfo_team1_playerHistories_40___typename,props_pageProps_match_matchInfo_team1_playerHistories_40_playerDetails___typename,props_pageProps_match_matchInfo_team1_playerHistories_40_playerDetails_factorId,props_pageProps_match_matchInfo_team1_playerHistories_40_playerDetails_fullName,props_pageProps_match_matchInfo_team1_playerHistories_40_playerDetails_headshotUrl,props_pageProps_match_matchInfo_team1_playerHistories_40_playerDetails_name,props_pageProps_match_matchInfo_team1_playerHistories_40_playerDetails_perid,props_pageProps_match_matchInfo_team1_playerHistories_40_playerPerid,props_pageProps_match_matchInfo_team1_playerHistories_40_role,props_pageProps_match_matchInfo_team1_playerHistories_40_tournamentUrn,props_pageProps_match_matchInfo_team1_playerHistories_41___typename,props_pageProps_match_matchInfo_team1_playerHistories_41_playerDetails___typename,props_pageProps_match_matchInfo_team1_playerHistories_41_playerDetails_factorId,props_pageProps_match_matchInfo_team1_playerHistories_41_playerDetails_fullName,props_pageProps_match_matchInfo_team1_playerHistories_41_playerDetails_headshotUrl,props_pageProps_match_matchInfo_team1_playerHistories_41_playerDetails_name,props_pageProps_match_matchInfo_team1_playerHistories_41_playerDetails_perid,props_pageProps_match_matchInfo_team1_playerHistories_41_playerPerid,props_pageProps_match_matchInfo_team1_playerHistories_41_role,props_pageProps_match_matchInfo_team1_playerHistories_41_tournamentUrn,props_pageProps_match_matchInfo_team1_playerHistories_42___typename,props_pageProps_match_matchInfo_team1_playerHistories_42_playerDetails___typename,props_pageProps_match_matchInfo_team1_playerHistories_42_playerDetails_factorId,props_pageProps_match_matchInfo_team1_playerHistories_42_playerDetails_fullName,props_pageProps_match_matchInfo_team1_playerHistories_42_playerDetails_headshotUrl,props_pageProps_match_matchInfo_team1_playerHistories_42_playerDetails_name,props_pageProps_match_matchInfo_team1_playerHistories_42_playerDetails_perid,props_pageProps_match_matchInfo_team1_playerHistories_42_playerPerid,props_pageProps_match_matchInfo_team1_playerHistories_42_role,props_pageProps_match_matchInfo_team1_playerHistories_42_tournamentUrn,props_pageProps_match_matchInfo_team1_playerHistories_43___typename,props_pageProps_match_matchInfo_team1_playerHistories_43_playerDetails___typename,props_pageProps_match_matchInfo_team1_playerHistories_43_playerDetails_factorId,props_pageProps_match_matchInfo_team1_playerHistories_43_playerDetails_fullName,props_pageProps_match_matchInfo_team1_playerHistories_43_playerDetails_headshotUrl,props_pageProps_match_matchInfo_team1_playerHistories_43_playerDetails_name,props_pageProps_match_matchInfo_team1_playerHistories_43_playerDetails_perid,props_pageProps_match_matchInfo_team1_playerHistories_43_playerPerid,props_pageProps_match_matchInfo_team1_playerHistories_43_role,props_pageProps_match_matchInfo_team1_playerHistories_43_tournamentUrn,props_pageProps_match_matchInfo_team1_playerHistories_44___typename,props_pageProps_match_matchInfo_team1_playerHistories_44_playerDetails___typename,props_pageProps_match_matchInfo_team1_playerHistories_44_playerDetails_factorId,props_pageProps_match_matchInfo_team1_playerHistories_44_playerDetails_fullName,props_pageProps_match_matchInfo_team1_playerHistories_44_playerDetails_headshotUrl,props_pageProps_match_matchInfo_team1_playerHistories_44_playerDetails_name,props_pageProps_match_matchInfo_team1_playerHistories_44_playerDetails_perid,props_pageProps_match_matchInfo_team1_playerHistories_44_playerPerid,props_pageProps_match_matchInfo_team1_playerHistories_44_role,props_pageProps_match_matchInfo_team1_playerHistories_44_tournamentUrn,props_pageProps_match_matchInfo_team1_playerHistories_45___typename,props_pageProps_match_matchInfo_team1_playerHistories_45_playerDetails___typename,props_pageProps_match_matchInfo_team1_playerHistories_45_playerDetails_factorId,props_pageProps_match_matchInfo_team1_playerHistories_45_playerDetails_fullName,props_pageProps_match_matchInfo_team1_playerHistories_45_playerDetails_headshotUrl,props_pageProps_match_matchInfo_team1_playerHistories_45_playerDetails_name,props_pageProps_match_matchInfo_team1_playerHistories_45_playerDetails_perid,props_pageProps_match_matchInfo_team1_playerHistories_45_playerPerid,props_pageProps_match_matchInfo_team1_playerHistories_45_role,props_pageProps_match_matchInfo_team1_playerHistories_45_tournamentUrn,props_pageProps_match_matchInfo_team1_playerHistories_46___typename,props_pageProps_match_matchInfo_team1_playerHistories_46_playerDetails___typename,props_pageProps_match_matchInfo_team1_playerHistories_46_playerDetails_factorId,props_pageProps_match_matchInfo_team1_playerHistories_46_playerDetails_fullName,props_pageProps_match_matchInfo_team1_playerHistories_46_playerDetails_headshotUrl,props_pageProps_match_matchInfo_team1_playerHistories_46_playerDetails_name,props_pageProps_match_matchInfo_team1_playerHistories_46_playerDetails_perid,props_pageProps_match_matchInfo_team1_playerHistories_46_playerPerid,props_pageProps_match_matchInfo_team1_playerHistories_46_role,props_pageProps_match_matchInfo_team1_playerHistories_46_tournamentUrn,props_pageProps_match_matchInfo_team1_playerHistories_47___typename,props_pageProps_match_matchInfo_team1_playerHistories_47_playerDetails___typename,props_pageProps_match_matchInfo_team1_playerHistories_47_playerDetails_factorId,props_pageProps_match_matchInfo_team1_playerHistories_47_playerDetails_fullName,props_pageProps_match_matchInfo_team1_playerHistories_47_playerDetails_headshotUrl,props_pageProps_match_matchInfo_team1_playerHistories_47_playerDetails_name,props_pageProps_match_matchInfo_team1_playerHistories_47_playerDetails_perid,props_pageProps_match_matchInfo_team1_playerHistories_47_playerPerid,props_pageProps_match_matchInfo_team1_playerHistories_47_role,props_pageProps_match_matchInfo_team1_playerHistories_47_tournamentUrn,props_pageProps_match_matchInfo_team1_playerHistories_48___typename,props_pageProps_match_matchInfo_team1_playerHistories_48_playerDetails___typename,props_pageProps_match_matchInfo_team1_playerHistories_48_playerDetails_factorId,props_pageProps_match_matchInfo_team1_playerHistories_48_playerDetails_fullName,props_pageProps_match_matchInfo_team1_playerHistories_48_playerDetails_headshotUrl,props_pageProps_match_matchInfo_team1_playerHistories_48_playerDetails_name,props_pageProps_match_matchInfo_team1_playerHistories_48_playerDetails_perid,props_pageProps_match_matchInfo_team1_playerHistories_48_playerPerid,props_pageProps_match_matchInfo_team1_playerHistories_48_role,props_pageProps_match_matchInfo_team1_playerHistories_48_tournamentUrn,props_pageProps_match_matchInfo_team1_playerHistories_49___typename,props_pageProps_match_matchInfo_team1_playerHistories_49_playerDetails___typename,props_pageProps_match_matchInfo_team1_playerHistories_49_playerDetails_factorId,props_pageProps_match_matchInfo_team1_playerHistories_49_playerDetails_fullName,props_pageProps_match_matchInfo_team1_playerHistories_49_playerDetails_headshotUrl,props_pageProps_match_matchInfo_team1_playerHistories_49_playerDetails_name,props_pageProps_match_matchInfo_team1_playerHistories_49_playerDetails_perid,props_pageProps_match_matchInfo_team1_playerHistories_49_playerPerid,props_pageProps_match_matchInfo_team1_playerHistories_49_role,props_pageProps_match_matchInfo_team1_playerHistories_49_tournamentUrn,props_pageProps_match_matchInfo_team1_playerHistories_50___typename,props_pageProps_match_matchInfo_team1_playerHistories_50_playerDetails___typename,props_pageProps_match_matchInfo_team1_playerHistories_50_playerDetails_factorId,props_pageProps_match_matchInfo_team1_playerHistories_50_playerDetails_fullName,props_pageProps_match_matchInfo_team1_playerHistories_50_playerDetails_headshotUrl,props_pageProps_match_matchInfo_team1_playerHistories_50_playerDetails_name,props_pageProps_match_matchInfo_team1_playerHistories_50_playerDetails_perid,props_pageProps_match_matchInfo_team1_playerHistories_50_playerPerid,props_pageProps_match_matchInfo_team1_playerHistories_50_role,props_pageProps_match_matchInfo_team1_playerHistories_50_tournamentUrn,props_pageProps_match_matchInfo_team1_playerHistories_51___typename,props_pageProps_match_matchInfo_team1_playerHistories_51_playerDetails___typename,props_pageProps_match_matchInfo_team1_playerHistories_51_playerDetails_factorId,props_pageProps_match_matchInfo_team1_playerHistories_51_playerDetails_fullName,props_pageProps_match_matchInfo_team1_playerHistories_51_playerDetails_headshotUrl,props_pageProps_match_matchInfo_team1_playerHistories_51_playerDetails_name,props_pageProps_match_matchInfo_team1_playerHistories_51_playerDetails_perid,props_pageProps_match_matchInfo_team1_playerHistories_51_playerPerid,props_pageProps_match_matchInfo_team1_playerHistories_51_role,props_pageProps_match_matchInfo_team1_playerHistories_51_tournamentUrn,props_pageProps_match_matchInfo_team1_playerHistories_52___typename,props_pageProps_match_matchInfo_team1_playerHistories_52_playerDetails___typename,props_pageProps_match_matchInfo_team1_playerHistories_52_playerDetails_factorId,props_pageProps_match_matchInfo_team1_playerHistories_52_playerDetails_fullName,props_pageProps_match_matchInfo_team1_playerHistories_52_playerDetails_headshotUrl,props_pageProps_match_matchInfo_team1_playerHistories_52_playerDetails_name,props_pageProps_match_matchInfo_team1_playerHistories_52_playerDetails_perid,props_pageProps_match_matchInfo_team1_playerHistories_52_playerPerid,props_pageProps_match_matchInfo_team1_playerHistories_52_role,props_pageProps_match_matchInfo_team1_playerHistories_52_tournamentUrn,props_pageProps_match_matchInfo_team1_playerHistories_53___typename,props_pageProps_match_matchInfo_team1_playerHistories_53_playerDetails___typename,props_pageProps_match_matchInfo_team1_playerHistories_53_playerDetails_factorId,props_pageProps_match_matchInfo_team1_playerHistories_53_playerDetails_fullName,props_pageProps_match_matchInfo_team1_playerHistories_53_playerDetails_headshotUrl,props_pageProps_match_matchInfo_team1_playerHistories_53_playerDetails_name,props_pageProps_match_matchInfo_team1_playerHistories_53_playerDetails_perid,props_pageProps_match_matchInfo_team1_playerHistories_53_playerPerid,props_pageProps_match_matchInfo_team1_playerHistories_53_role,props_pageProps_match_matchInfo_team1_playerHistories_53_tournamentUrn,props_pageProps_match_matchInfo_team1_playerHistories_54___typename,props_pageProps_match_matchInfo_team1_playerHistories_54_playerDetails___typename,props_pageProps_match_matchInfo_team1_playerHistories_54_playerDetails_factorId,props_pageProps_match_matchInfo_team1_playerHistories_54_playerDetails_fullName,props_pageProps_match_matchInfo_team1_playerHistories_54_playerDetails_headshotUrl,props_pageProps_match_matchInfo_team1_playerHistories_54_playerDetails_name,props_pageProps_match_matchInfo_team1_playerHistories_54_playerDetails_perid,props_pageProps_match_matchInfo_team1_playerHistories_54_playerPerid,props_pageProps_match_matchInfo_team1_playerHistories_54_role,props_pageProps_match_matchInfo_team1_playerHistories_54_tournamentUrn,props_pageProps_match_matchInfo_team1_playerHistories_55___typename,props_pageProps_match_matchInfo_team1_playerHistories_55_playerDetails___typename,props_pageProps_match_matchInfo_team1_playerHistories_55_playerDetails_factorId,props_pageProps_match_matchInfo_team1_playerHistories_55_playerDetails_fullName,props_pageProps_match_matchInfo_team1_playerHistories_55_playerDetails_headshotUrl,props_pageProps_match_matchInfo_team1_playerHistories_55_playerDetails_name,props_pageProps_match_matchInfo_team1_playerHistories_55_playerDetails_perid,props_pageProps_match_matchInfo_team1_playerHistories_55_playerPerid,props_pageProps_match_matchInfo_team1_playerHistories_55_role,props_pageProps_match_matchInfo_team1_playerHistories_55_tournamentUrn,props_pageProps_match_matchInfo_team1_playerHistories_56___typename,props_pageProps_match_matchInfo_team1_playerHistories_56_playerDetails___typename,props_pageProps_match_matchInfo_team1_playerHistories_56_playerDetails_factorId,props_pageProps_match_matchInfo_team1_playerHistories_56_playerDetails_fullName,props_pageProps_match_matchInfo_team1_playerHistories_56_playerDetails_headshotUrl,props_pageProps_match_matchInfo_team1_playerHistories_56_playerDetails_name,props_pageProps_match_matchInfo_team1_playerHistories_56_playerDetails_perid,props_pageProps_match_matchInfo_team1_playerHistories_56_playerPerid,props_pageProps_match_matchInfo_team1_playerHistories_56_role,props_pageProps_match_matchInfo_team1_playerHistories_56_tournamentUrn,props_pageProps_match_matchInfo_team1_playerHistories_57___typename,props_pageProps_match_matchInfo_team1_playerHistories_57_playerDetails___typename,props_pageProps_match_matchInfo_team1_playerHistories_57_playerDetails_factorId,props_pageProps_match_matchInfo_team1_playerHistories_57_playerDetails_fullName,props_pageProps_match_matchInfo_team1_playerHistories_57_playerDetails_headshotUrl,props_pageProps_match_matchInfo_team1_playerHistories_57_playerDetails_name,props_pageProps_match_matchInfo_team1_playerHistories_57_playerDetails_perid,props_pageProps_match_matchInfo_team1_playerHistories_57_playerPerid,props_pageProps_match_matchInfo_team1_playerHistories_57_role,props_pageProps_match_matchInfo_team1_playerHistories_57_tournamentUrn,props_pageProps_match_matchInfo_team1_playerHistories_58___typename,props_pageProps_match_matchInfo_team1_playerHistories_58_playerDetails___typename,props_pageProps_match_matchInfo_team1_playerHistories_58_playerDetails_factorId,props_pageProps_match_matchInfo_team1_playerHistories_58_playerDetails_fullName,props_pageProps_match_matchInfo_team1_playerHistories_58_playerDetails_headshotUrl,props_pageProps_match_matchInfo_team1_playerHistories_58_playerDetails_name,props_pageProps_match_matchInfo_team1_playerHistories_58_playerDetails_perid,props_pageProps_match_matchInfo_team1_playerHistories_58_playerPerid,props_pageProps_match_matchInfo_team1_playerHistories_58_role,props_pageProps_match_matchInfo_team1_playerHistories_58_tournamentUrn,props_pageProps_match_matchInfo_team1_playerHistories_59___typename,props_pageProps_match_matchInfo_team1_playerHistories_59_playerDetails___typename,props_pageProps_match_matchInfo_team1_playerHistories_59_playerDetails_factorId,props_pageProps_match_matchInfo_team1_playerHistories_59_playerDetails_fullName,props_pageProps_match_matchInfo_team1_playerHistories_59_playerDetails_headshotUrl,props_pageProps_match_matchInfo_team1_playerHistories_59_playerDetails_name,props_pageProps_match_matchInfo_team1_playerHistories_59_playerDetails_perid,props_pageProps_match_matchInfo_team1_playerHistories_59_playerPerid,props_pageProps_match_matchInfo_team1_playerHistories_59_role,props_pageProps_match_matchInfo_team1_playerHistories_59_tournamentUrn,props_pageProps_match_matchInfo_team1_playerHistories_60___typename,props_pageProps_match_matchInfo_team1_playerHistories_60_playerDetails___typename,props_pageProps_match_matchInfo_team1_playerHistories_60_playerDetails_factorId,props_pageProps_match_matchInfo_team1_playerHistories_60_playerDetails_fullName,props_pageProps_match_matchInfo_team1_playerHistories_60_playerDetails_headshotUrl,props_pageProps_match_matchInfo_team1_playerHistories_60_playerDetails_name,props_pageProps_match_matchInfo_team1_playerHistories_60_playerDetails_perid,props_pageProps_match_matchInfo_team1_playerHistories_60_playerPerid,props_pageProps_match_matchInfo_team1_playerHistories_60_role,props_pageProps_match_matchInfo_team1_playerHistories_60_tournamentUrn,props_pageProps_match_matchInfo_team1_playerHistories_61___typename,props_pageProps_match_matchInfo_team1_playerHistories_61_playerDetails___typename,props_pageProps_match_matchInfo_team1_playerHistories_61_playerDetails_factorId,props_pageProps_match_matchInfo_team1_playerHistories_61_playerDetails_fullName,props_pageProps_match_matchInfo_team1_playerHistories_61_playerDetails_headshotUrl,props_pageProps_match_matchInfo_team1_playerHistories_61_playerDetails_name,props_pageProps_match_matchInfo_team1_playerHistories_61_playerDetails_perid,props_pageProps_match_matchInfo_team1_playerHistories_61_playerPerid,props_pageProps_match_matchInfo_team1_playerHistories_61_role,props_pageProps_match_matchInfo_team1_playerHistories_61_tournamentUrn,props_pageProps_match_matchInfo_team1_playerHistories_62___typename,props_pageProps_match_matchInfo_team1_playerHistories_62_playerDetails___typename,props_pageProps_match_matchInfo_team1_playerHistories_62_playerDetails_factorId,props_pageProps_match_matchInfo_team1_playerHistories_62_playerDetails_fullName,props_pageProps_match_matchInfo_team1_playerHistories_62_playerDetails_headshotUrl,props_pageProps_match_matchInfo_team1_playerHistories_62_playerDetails_name,props_pageProps_match_matchInfo_team1_playerHistories_62_playerDetails_perid,props_pageProps_match_matchInfo_team1_playerHistories_62_playerPerid,props_pageProps_match_matchInfo_team1_playerHistories_62_role,props_pageProps_match_matchInfo_team1_playerHistories_62_tournamentUrn,props_pageProps_match_matchInfo_team1_playerHistories_63___typename,props_pageProps_match_matchInfo_team1_playerHistories_63_playerDetails___typename,props_pageProps_match_matchInfo_team1_playerHistories_63_playerDetails_factorId,props_pageProps_match_matchInfo_team1_playerHistories_63_playerDetails_fullName,props_pageProps_match_matchInfo_team1_playerHistories_63_playerDetails_headshotUrl,props_pageProps_match_matchInfo_team1_playerHistories_63_playerDetails_name,props_pageProps_match_matchInfo_team1_playerHistories_63_playerDetails_perid,props_pageProps_match_matchInfo_team1_playerHistories_63_playerPerid,props_pageProps_match_matchInfo_team1_playerHistories_63_role,props_pageProps_match_matchInfo_team1_playerHistories_63_tournamentUrn,props_pageProps_match_matchInfo_team1_playerHistories_64___typename,props_pageProps_match_matchInfo_team1_playerHistories_64_playerDetails,props_pageProps_match_matchInfo_team1_playerHistories_64_playerPerid,props_pageProps_match_matchInfo_team1_playerHistories_64_role,props_pageProps_match_matchInfo_team1_playerHistories_64_tournamentUrn,props_pageProps_match_matchInfo_team1_playerHistories_65___typename,props_pageProps_match_matchInfo_team1_playerHistories_65_playerDetails,props_pageProps_match_matchInfo_team1_playerHistories_65_playerPerid,props_pageProps_match_matchInfo_team1_playerHistories_65_role,props_pageProps_match_matchInfo_team1_playerHistories_65_tournamentUrn,props_pageProps_match_matchInfo_team1_playerHistories_66___typename,props_pageProps_match_matchInfo_team1_playerHistories_66_playerDetails___typename,props_pageProps_match_matchInfo_team1_playerHistories_66_playerDetails_factorId,props_pageProps_match_matchInfo_team1_playerHistories_66_playerDetails_fullName,props_pageProps_match_matchInfo_team1_playerHistories_66_playerDetails_headshotUrl,props_pageProps_match_matchInfo_team1_playerHistories_66_playerDetails_name,props_pageProps_match_matchInfo_team1_playerHistories_66_playerDetails_perid,props_pageProps_match_matchInfo_team1_playerHistories_66_playerPerid,props_pageProps_match_matchInfo_team1_playerHistories_66_role,props_pageProps_match_matchInfo_team1_playerHistories_66_tournamentUrn,props_pageProps_match_matchInfo_team1_playerHistories_67___typename,props_pageProps_match_matchInfo_team1_playerHistories_67_playerDetails___typename,props_pageProps_match_matchInfo_team1_playerHistories_67_playerDetails_factorId,props_pageProps_match_matchInfo_team1_playerHistories_67_playerDetails_fullName,props_pageProps_match_matchInfo_team1_playerHistories_67_playerDetails_headshotUrl,props_pageProps_match_matchInfo_team1_playerHistories_67_playerDetails_name,props_pageProps_match_matchInfo_team1_playerHistories_67_playerDetails_perid,props_pageProps_match_matchInfo_team1_playerHistories_67_playerPerid,props_pageProps_match_matchInfo_team1_playerHistories_67_role,props_pageProps_match_matchInfo_team1_playerHistories_67_tournamentUrn,props_pageProps_match_matchInfo_team1_playerHistories_68___typename,props_pageProps_match_matchInfo_team1_playerHistories_68_playerDetails___typename,props_pageProps_match_matchInfo_team1_playerHistories_68_playerDetails_factorId,props_pageProps_match_matchInfo_team1_playerHistories_68_playerDetails_fullName,props_pageProps_match_matchInfo_team1_playerHistories_68_playerDetails_headshotUrl,props_pageProps_match_matchInfo_team1_playerHistories_68_playerDetails_name,props_pageProps_match_matchInfo_team1_playerHistories_68_playerDetails_perid,props_pageProps_match_matchInfo_team1_playerHistories_68_playerPerid,props_pageProps_match_matchInfo_team1_playerHistories_68_role,props_pageProps_match_matchInfo_team1_playerHistories_68_tournamentUrn,props_pageProps_match_matchInfo_team1_playerHistories_69___typename,props_pageProps_match_matchInfo_team1_playerHistories_69_playerDetails,props_pageProps_match_matchInfo_team1_playerHistories_69_playerPerid,props_pageProps_match_matchInfo_team1_playerHistories_69_role,props_pageProps_match_matchInfo_team1_playerHistories_69_tournamentUrn,props_pageProps_match_matchInfo_team1_playerHistories_70___typename,props_pageProps_match_matchInfo_team1_playerHistories_70_playerDetails,props_pageProps_match_matchInfo_team1_playerHistories_70_playerPerid,props_pageProps_match_matchInfo_team1_playerHistories_70_role,props_pageProps_match_matchInfo_team1_playerHistories_70_tournamentUrn,props_pageProps_match_matchInfo_team1_powrRanking___typename,props_pageProps_match_matchInfo_team1_powrRanking_gameRecord,props_pageProps_match_matchInfo_team1_powrRanking_gamesPlayed,props_pageProps_match_matchInfo_team1_powrRanking_prevRanking,props_pageProps_match_matchInfo_team1_powrRanking_rank,props_pageProps_match_matchInfo_team1_powrRanking_ranking,props_pageProps_match_matchInfo_team1_powrRanking_team,props_pageProps_match_matchInfo_team1_powrRanking_teamPerid,props_pageProps_match_matchInfo_team1_roster_0_playerDetails___typename,props_pageProps_match_matchInfo_team1_roster_0_playerDetails_factorId,props_pageProps_match_matchInfo_team1_roster_0_playerDetails_fullName,props_pageProps_match_matchInfo_team1_roster_0_playerDetails_headshotUrl,props_pageProps_match_matchInfo_team1_roster_0_playerDetails_name,props_pageProps_match_matchInfo_team1_roster_0_playerDetails_perid,props_pageProps_match_matchInfo_team1_roster_0_playerName,props_pageProps_match_matchInfo_team1_roster_0_playerPerid,props_pageProps_match_matchInfo_team1_roster_0_role,props_pageProps_match_matchInfo_team1_roster_1_playerDetails___typename,props_pageProps_match_matchInfo_team1_roster_1_playerDetails_factorId,props_pageProps_match_matchInfo_team1_roster_1_playerDetails_fullName,props_pageProps_match_matchInfo_team1_roster_1_playerDetails_headshotUrl,props_pageProps_match_matchInfo_team1_roster_1_playerDetails_name,props_pageProps_match_matchInfo_team1_roster_1_playerDetails_perid,props_pageProps_match_matchInfo_team1_roster_1_playerName,props_pageProps_match_matchInfo_team1_roster_1_playerPerid,props_pageProps_match_matchInfo_team1_roster_1_role,props_pageProps_match_matchInfo_team1_roster_2_playerDetails___typename,props_pageProps_match_matchInfo_team1_roster_2_playerDetails_factorId,props_pageProps_match_matchInfo_team1_roster_2_playerDetails_fullName,props_pageProps_match_matchInfo_team1_roster_2_playerDetails_headshotUrl,props_pageProps_match_matchInfo_team1_roster_2_playerDetails_name,props_pageProps_match_matchInfo_team1_roster_2_playerDetails_perid,props_pageProps_match_matchInfo_team1_roster_2_playerName,props_pageProps_match_matchInfo_team1_roster_2_playerPerid,props_pageProps_match_matchInfo_team1_roster_2_role,props_pageProps_match_matchInfo_team1_roster_3_playerDetails___typename,props_pageProps_match_matchInfo_team1_roster_3_playerDetails_factorId,props_pageProps_match_matchInfo_team1_roster_3_playerDetails_fullName,props_pageProps_match_matchInfo_team1_roster_3_playerDetails_headshotUrl,props_pageProps_match_matchInfo_team1_roster_3_playerDetails_name,props_pageProps_match_matchInfo_team1_roster_3_playerDetails_perid,props_pageProps_match_matchInfo_team1_roster_3_playerName,props_pageProps_match_matchInfo_team1_roster_3_playerPerid,props_pageProps_match_matchInfo_team1_roster_3_role,props_pageProps_match_matchInfo_team1_roster_4_playerDetails___typename,props_pageProps_match_matchInfo_team1_roster_4_playerDetails_factorId,props_pageProps_match_matchInfo_team1_roster_4_playerDetails_fullName,props_pageProps_match_matchInfo_team1_roster_4_playerDetails_headshotUrl,props_pageProps_match_matchInfo_team1_roster_4_playerDetails_name,props_pageProps_match_matchInfo_team1_roster_4_playerDetails_perid,props_pageProps_match_matchInfo_team1_roster_4_playerName,props_pageProps_match_matchInfo_team1_roster_4_playerPerid,props_pageProps_match_matchInfo_team1_roster_4_role,props_pageProps_match_matchInfo_team1_teamLogo___typename,props_pageProps_match_matchInfo_team1_teamLogo_darkFlip,props_pageProps_match_matchInfo_team1_teamLogo_darkShadow,props_pageProps_match_matchInfo_team1_teamLogo_logoUrl,props_pageProps_match_matchInfo_team1_teamUrn,props_pageProps_match_matchInfo_team1_tournaments_0___typename,props_pageProps_match_matchInfo_team1_tournaments_0_series___typename,props_pageProps_match_matchInfo_team1_tournaments_0_series_seriesName,props_pageProps_match_matchInfo_team1_tournaments_0_series_seriesUrn,props_pageProps_match_matchInfo_team1_tournaments_0_tournamentUrn,props_pageProps_match_matchInfo_team1_tournaments_1___typename,props_pageProps_match_matchInfo_team1_tournaments_1_series___typename,props_pageProps_match_matchInfo_team1_tournaments_1_series_seriesName,props_pageProps_match_matchInfo_team1_tournaments_1_series_seriesUrn,props_pageProps_match_matchInfo_team1_tournaments_1_tournamentUrn,props_pageProps_match_matchInfo_team1_tournaments_2___typename,props_pageProps_match_matchInfo_team1_tournaments_2_series___typename,props_pageProps_match_matchInfo_team1_tournaments_2_series_seriesName,props_pageProps_match_matchInfo_team1_tournaments_2_series_seriesUrn,props_pageProps_match_matchInfo_team1_tournaments_2_tournamentUrn,props_pageProps_match_matchInfo_team2___typename,props_pageProps_match_matchInfo_team2_abbreviation,props_pageProps_match_matchInfo_team2_factorId,props_pageProps_match_matchInfo_team2_fullName,props_pageProps_match_matchInfo_team2_gameRecord_totalLost,props_pageProps_match_matchInfo_team2_gameRecord_totalWin,props_pageProps_match_matchInfo_team2_playerHistories_0___typename,props_pageProps_match_matchInfo_team2_playerHistories_0_playerDetails___typename,props_pageProps_match_matchInfo_team2_playerHistories_0_playerDetails_factorId,props_pageProps_match_matchInfo_team2_playerHistories_0_playerDetails_fullName,props_pageProps_match_matchInfo_team2_playerHistories_0_playerDetails_headshotUrl,props_pageProps_match_matchInfo_team2_playerHistories_0_playerDetails_name,props_pageProps_match_matchInfo_team2_playerHistories_0_playerDetails_perid,props_pageProps_match_matchInfo_team2_playerHistories_0_playerPerid,props_pageProps_match_matchInfo_team2_playerHistories_0_role,props_pageProps_match_matchInfo_team2_playerHistories_0_tournamentUrn,props_pageProps_match_matchInfo_team2_playerHistories_1___typename,props_pageProps_match_matchInfo_team2_playerHistories_1_playerDetails___typename,props_pageProps_match_matchInfo_team2_playerHistories_1_playerDetails_factorId,props_pageProps_match_matchInfo_team2_playerHistories_1_playerDetails_fullName,props_pageProps_match_matchInfo_team2_playerHistories_1_playerDetails_headshotUrl,props_pageProps_match_matchInfo_team2_playerHistories_1_playerDetails_name,props_pageProps_match_matchInfo_team2_playerHistories_1_playerDetails_perid,props_pageProps_match_matchInfo_team2_playerHistories_1_playerPerid,props_pageProps_match_matchInfo_team2_playerHistories_1_role,props_pageProps_match_matchInfo_team2_playerHistories_1_tournamentUrn,props_pageProps_match_matchInfo_team2_playerHistories_2___typename,props_pageProps_match_matchInfo_team2_playerHistories_2_playerDetails___typename,props_pageProps_match_matchInfo_team2_playerHistories_2_playerDetails_factorId,props_pageProps_match_matchInfo_team2_playerHistories_2_playerDetails_fullName,props_pageProps_match_matchInfo_team2_playerHistories_2_playerDetails_headshotUrl,props_pageProps_match_matchInfo_team2_playerHistories_2_playerDetails_name,props_pageProps_match_matchInfo_team2_playerHistories_2_playerDetails_perid,props_pageProps_match_matchInfo_team2_playerHistories_2_playerPerid,props_pageProps_match_matchInfo_team2_playerHistories_2_role,props_pageProps_match_matchInfo_team2_playerHistories_2_tournamentUrn,props_pageProps_match_matchInfo_team2_playerHistories_3___typename,props_pageProps_match_matchInfo_team2_playerHistories_3_playerDetails___typename,props_pageProps_match_matchInfo_team2_playerHistories_3_playerDetails_factorId,props_pageProps_match_matchInfo_team2_playerHistories_3_playerDetails_fullName,props_pageProps_match_matchInfo_team2_playerHistories_3_playerDetails_headshotUrl,props_pageProps_match_matchInfo_team2_playerHistories_3_playerDetails_name,props_pageProps_match_matchInfo_team2_playerHistories_3_playerDetails_perid,props_pageProps_match_matchInfo_team2_playerHistories_3_playerPerid,props_pageProps_match_matchInfo_team2_playerHistories_3_role,props_pageProps_match_matchInfo_team2_playerHistories_3_tournamentUrn,props_pageProps_match_matchInfo_team2_playerHistories_4___typename,props_pageProps_match_matchInfo_team2_playerHistories_4_playerDetails___typename,props_pageProps_match_matchInfo_team2_playerHistories_4_playerDetails_factorId,props_pageProps_match_matchInfo_team2_playerHistories_4_playerDetails_fullName,props_pageProps_match_matchInfo_team2_playerHistories_4_playerDetails_headshotUrl,props_pageProps_match_matchInfo_team2_playerHistories_4_playerDetails_name,props_pageProps_match_matchInfo_team2_playerHistories_4_playerDetails_perid,props_pageProps_match_matchInfo_team2_playerHistories_4_playerPerid,props_pageProps_match_matchInfo_team2_playerHistories_4_role,props_pageProps_match_matchInfo_team2_playerHistories_4_tournamentUrn,props_pageProps_match_matchInfo_team2_playerHistories_5___typename,props_pageProps_match_matchInfo_team2_playerHistories_5_playerDetails___typename,props_pageProps_match_matchInfo_team2_playerHistories_5_playerDetails_factorId,props_pageProps_match_matchInfo_team2_playerHistories_5_playerDetails_fullName,props_pageProps_match_matchInfo_team2_playerHistories_5_playerDetails_headshotUrl,props_pageProps_match_matchInfo_team2_playerHistories_5_playerDetails_name,props_pageProps_match_matchInfo_team2_playerHistories_5_playerDetails_perid,props_pageProps_match_matchInfo_team2_playerHistories_5_playerPerid,props_pageProps_match_matchInfo_team2_playerHistories_5_role,props_pageProps_match_matchInfo_team2_playerHistories_5_tournamentUrn,props_pageProps_match_matchInfo_team2_playerHistories_6___typename,props_pageProps_match_matchInfo_team2_playerHistories_6_playerDetails___typename,props_pageProps_match_matchInfo_team2_playerHistories_6_playerDetails_factorId,props_pageProps_match_matchInfo_team2_playerHistories_6_playerDetails_fullName,props_pageProps_match_matchInfo_team2_playerHistories_6_playerDetails_headshotUrl,props_pageProps_match_matchInfo_team2_playerHistories_6_playerDetails_name,props_pageProps_match_matchInfo_team2_playerHistories_6_playerDetails_perid,props_pageProps_match_matchInfo_team2_playerHistories_6_playerPerid,props_pageProps_match_matchInfo_team2_playerHistories_6_role,props_pageProps_match_matchInfo_team2_playerHistories_6_tournamentUrn,props_pageProps_match_matchInfo_team2_playerHistories_7___typename,props_pageProps_match_matchInfo_team2_playerHistories_7_playerDetails___typename,props_pageProps_match_matchInfo_team2_playerHistories_7_playerDetails_factorId,props_pageProps_match_matchInfo_team2_playerHistories_7_playerDetails_fullName,props_pageProps_match_matchInfo_team2_playerHistories_7_playerDetails_headshotUrl,props_pageProps_match_matchInfo_team2_playerHistories_7_playerDetails_name,props_pageProps_match_matchInfo_team2_playerHistories_7_playerDetails_perid,props_pageProps_match_matchInfo_team2_playerHistories_7_playerPerid,props_pageProps_match_matchInfo_team2_playerHistories_7_role,props_pageProps_match_matchInfo_team2_playerHistories_7_tournamentUrn,props_pageProps_match_matchInfo_team2_playerHistories_8___typename,props_pageProps_match_matchInfo_team2_playerHistories_8_playerDetails___typename,props_pageProps_match_matchInfo_team2_playerHistories_8_playerDetails_factorId,props_pageProps_match_matchInfo_team2_playerHistories_8_playerDetails_fullName,props_pageProps_match_matchInfo_team2_playerHistories_8_playerDetails_headshotUrl,props_pageProps_match_matchInfo_team2_playerHistories_8_playerDetails_name,props_pageProps_match_matchInfo_team2_playerHistories_8_playerDetails_perid,props_pageProps_match_matchInfo_team2_playerHistories_8_playerPerid,props_pageProps_match_matchInfo_team2_playerHistories_8_role,props_pageProps_match_matchInfo_team2_playerHistories_8_tournamentUrn,props_pageProps_match_matchInfo_team2_playerHistories_9___typename,props_pageProps_match_matchInfo_team2_playerHistories_9_playerDetails___typename,props_pageProps_match_matchInfo_team2_playerHistories_9_playerDetails_factorId,props_pageProps_match_matchInfo_team2_playerHistories_9_playerDetails_fullName,props_pageProps_match_matchInfo_team2_playerHistories_9_playerDetails_headshotUrl,props_pageProps_match_matchInfo_team2_playerHistories_9_playerDetails_name,props_pageProps_match_matchInfo_team2_playerHistories_9_playerDetails_perid,props_pageProps_match_matchInfo_team2_playerHistories_9_playerPerid,props_pageProps_match_matchInfo_team2_playerHistories_9_role,props_pageProps_match_matchInfo_team2_playerHistories_9_tournamentUrn,props_pageProps_match_matchInfo_team2_playerHistories_10___typename,props_pageProps_match_matchInfo_team2_playerHistories_10_playerDetails___typename,props_pageProps_match_matchInfo_team2_playerHistories_10_playerDetails_factorId,props_pageProps_match_matchInfo_team2_playerHistories_10_playerDetails_fullName,props_pageProps_match_matchInfo_team2_playerHistories_10_playerDetails_headshotUrl,props_pageProps_match_matchInfo_team2_playerHistories_10_playerDetails_name,props_pageProps_match_matchInfo_team2_playerHistories_10_playerDetails_perid,props_pageProps_match_matchInfo_team2_playerHistories_10_playerPerid,props_pageProps_match_matchInfo_team2_playerHistories_10_role,props_pageProps_match_matchInfo_team2_playerHistories_10_tournamentUrn,props_pageProps_match_matchInfo_team2_playerHistories_11___typename,props_pageProps_match_matchInfo_team2_playerHistories_11_playerDetails___typename,props_pageProps_match_matchInfo_team2_playerHistories_11_playerDetails_factorId,props_pageProps_match_matchInfo_team2_playerHistories_11_playerDetails_fullName,props_pageProps_match_matchInfo_team2_playerHistories_11_playerDetails_headshotUrl,props_pageProps_match_matchInfo_team2_playerHistories_11_playerDetails_name,props_pageProps_match_matchInfo_team2_playerHistories_11_playerDetails_perid,props_pageProps_match_matchInfo_team2_playerHistories_11_playerPerid,props_pageProps_match_matchInfo_team2_playerHistories_11_role,props_pageProps_match_matchInfo_team2_playerHistories_11_tournamentUrn,props_pageProps_match_matchInfo_team2_playerHistories_12___typename,props_pageProps_match_matchInfo_team2_playerHistories_12_playerDetails___typename,props_pageProps_match_matchInfo_team2_playerHistories_12_playerDetails_factorId,props_pageProps_match_matchInfo_team2_playerHistories_12_playerDetails_fullName,props_pageProps_match_matchInfo_team2_playerHistories_12_playerDetails_headshotUrl,props_pageProps_match_matchInfo_team2_playerHistories_12_playerDetails_name,props_pageProps_match_matchInfo_team2_playerHistories_12_playerDetails_perid,props_pageProps_match_matchInfo_team2_playerHistories_12_playerPerid,props_pageProps_match_matchInfo_team2_playerHistories_12_role,props_pageProps_match_matchInfo_team2_playerHistories_12_tournamentUrn,props_pageProps_match_matchInfo_team2_playerHistories_13___typename,props_pageProps_match_matchInfo_team2_playerHistories_13_playerDetails___typename,props_pageProps_match_matchInfo_team2_playerHistories_13_playerDetails_factorId,props_pageProps_match_matchInfo_team2_playerHistories_13_playerDetails_fullName,props_pageProps_match_matchInfo_team2_playerHistories_13_playerDetails_headshotUrl,props_pageProps_match_matchInfo_team2_playerHistories_13_playerDetails_name,props_pageProps_match_matchInfo_team2_playerHistories_13_playerDetails_perid,props_pageProps_match_matchInfo_team2_playerHistories_13_playerPerid,props_pageProps_match_matchInfo_team2_playerHistories_13_role,props_pageProps_match_matchInfo_team2_playerHistories_13_tournamentUrn,props_pageProps_match_matchInfo_team2_playerHistories_14___typename,props_pageProps_match_matchInfo_team2_playerHistories_14_playerDetails___typename,props_pageProps_match_matchInfo_team2_playerHistories_14_playerDetails_factorId,props_pageProps_match_matchInfo_team2_playerHistories_14_playerDetails_fullName,props_pageProps_match_matchInfo_team2_playerHistories_14_playerDetails_headshotUrl,props_pageProps_match_matchInfo_team2_playerHistories_14_playerDetails_name,props_pageProps_match_matchInfo_team2_playerHistories_14_playerDetails_perid,props_pageProps_match_matchInfo_team2_playerHistories_14_playerPerid,props_pageProps_match_matchInfo_team2_playerHistories_14_role,props_pageProps_match_matchInfo_team2_playerHistories_14_tournamentUrn,props_pageProps_match_matchInfo_team2_playerHistories_15___typename,props_pageProps_match_matchInfo_team2_playerHistories_15_playerDetails___typename,props_pageProps_match_matchInfo_team2_playerHistories_15_playerDetails_factorId,props_pageProps_match_matchInfo_team2_playerHistories_15_playerDetails_fullName,props_pageProps_match_matchInfo_team2_playerHistories_15_playerDetails_headshotUrl,props_pageProps_match_matchInfo_team2_playerHistories_15_playerDetails_name,props_pageProps_match_matchInfo_team2_playerHistories_15_playerDetails_perid,props_pageProps_match_matchInfo_team2_playerHistories_15_playerPerid,props_pageProps_match_matchInfo_team2_playerHistories_15_role,props_pageProps_match_matchInfo_team2_playerHistories_15_tournamentUrn,props_pageProps_match_matchInfo_team2_playerHistories_16___typename,props_pageProps_match_matchInfo_team2_playerHistories_16_playerDetails___typename,props_pageProps_match_matchInfo_team2_playerHistories_16_playerDetails_factorId,props_pageProps_match_matchInfo_team2_playerHistories_16_playerDetails_fullName,props_pageProps_match_matchInfo_team2_playerHistories_16_playerDetails_headshotUrl,props_pageProps_match_matchInfo_team2_playerHistories_16_playerDetails_name,props_pageProps_match_matchInfo_team2_playerHistories_16_playerDetails_perid,props_pageProps_match_matchInfo_team2_playerHistories_16_playerPerid,props_pageProps_match_matchInfo_team2_playerHistories_16_role,props_pageProps_match_matchInfo_team2_playerHistories_16_tournamentUrn,props_pageProps_match_matchInfo_team2_playerHistories_17___typename,props_pageProps_match_matchInfo_team2_playerHistories_17_playerDetails___typename,props_pageProps_match_matchInfo_team2_playerHistories_17_playerDetails_factorId,props_pageProps_match_matchInfo_team2_playerHistories_17_playerDetails_fullName,props_pageProps_match_matchInfo_team2_playerHistories_17_playerDetails_headshotUrl,props_pageProps_match_matchInfo_team2_playerHistories_17_playerDetails_name,props_pageProps_match_matchInfo_team2_playerHistories_17_playerDetails_perid,props_pageProps_match_matchInfo_team2_playerHistories_17_playerPerid,props_pageProps_match_matchInfo_team2_playerHistories_17_role,props_pageProps_match_matchInfo_team2_playerHistories_17_tournamentUrn,props_pageProps_match_matchInfo_team2_playerHistories_18___typename,props_pageProps_match_matchInfo_team2_playerHistories_18_playerDetails___typename,props_pageProps_match_matchInfo_team2_playerHistories_18_playerDetails_factorId,props_pageProps_match_matchInfo_team2_playerHistories_18_playerDetails_fullName,props_pageProps_match_matchInfo_team2_playerHistories_18_playerDetails_headshotUrl,props_pageProps_match_matchInfo_team2_playerHistories_18_playerDetails_name,props_pageProps_match_matchInfo_team2_playerHistories_18_playerDetails_perid,props_pageProps_match_matchInfo_team2_playerHistories_18_playerPerid,props_pageProps_match_matchInfo_team2_playerHistories_18_role,props_pageProps_match_matchInfo_team2_playerHistories_18_tournamentUrn,props_pageProps_match_matchInfo_team2_playerHistories_19___typename,props_pageProps_match_matchInfo_team2_playerHistories_19_playerDetails___typename,props_pageProps_match_matchInfo_team2_playerHistories_19_playerDetails_factorId,props_pageProps_match_matchInfo_team2_playerHistories_19_playerDetails_fullName,props_pageProps_match_matchInfo_team2_playerHistories_19_playerDetails_headshotUrl,props_pageProps_match_matchInfo_team2_playerHistories_19_playerDetails_name,props_pageProps_match_matchInfo_team2_playerHistories_19_playerDetails_perid,props_pageProps_match_matchInfo_team2_playerHistories_19_playerPerid,props_pageProps_match_matchInfo_team2_playerHistories_19_role,props_pageProps_match_matchInfo_team2_playerHistories_19_tournamentUrn,props_pageProps_match_matchInfo_team2_powrRanking___typename,props_pageProps_match_matchInfo_team2_powrRanking_gameRecord,props_pageProps_match_matchInfo_team2_powrRanking_gamesPlayed,props_pageProps_match_matchInfo_team2_powrRanking_prevRanking,props_pageProps_match_matchInfo_team2_powrRanking_rank,props_pageProps_match_matchInfo_team2_powrRanking_ranking,props_pageProps_match_matchInfo_team2_powrRanking_team,props_pageProps_match_matchInfo_team2_powrRanking_teamPerid,props_pageProps_match_matchInfo_team2_roster_0___typename,props_pageProps_match_matchInfo_team2_roster_0_playerDetails___typename,props_pageProps_match_matchInfo_team2_roster_0_playerDetails_factorId,props_pageProps_match_matchInfo_team2_roster_0_playerDetails_fullName,props_pageProps_match_matchInfo_team2_roster_0_playerDetails_headshotUrl,props_pageProps_match_matchInfo_team2_roster_0_playerDetails_name,props_pageProps_match_matchInfo_team2_roster_0_playerDetails_perid,props_pageProps_match_matchInfo_team2_roster_0_playerName,props_pageProps_match_matchInfo_team2_roster_0_playerPerid,props_pageProps_match_matchInfo_team2_roster_0_role,props_pageProps_match_matchInfo_team2_roster_1___typename,props_pageProps_match_matchInfo_team2_roster_1_playerDetails___typename,props_pageProps_match_matchInfo_team2_roster_1_playerDetails_factorId,props_pageProps_match_matchInfo_team2_roster_1_playerDetails_fullName,props_pageProps_match_matchInfo_team2_roster_1_playerDetails_headshotUrl,props_pageProps_match_matchInfo_team2_roster_1_playerDetails_name,props_pageProps_match_matchInfo_team2_roster_1_playerDetails_perid,props_pageProps_match_matchInfo_team2_roster_1_playerName,props_pageProps_match_matchInfo_team2_roster_1_playerPerid,props_pageProps_match_matchInfo_team2_roster_1_role,props_pageProps_match_matchInfo_team2_roster_2___typename,props_pageProps_match_matchInfo_team2_roster_2_playerDetails___typename,props_pageProps_match_matchInfo_team2_roster_2_playerDetails_factorId,props_pageProps_match_matchInfo_team2_roster_2_playerDetails_fullName,props_pageProps_match_matchInfo_team2_roster_2_playerDetails_headshotUrl,props_pageProps_match_matchInfo_team2_roster_2_playerDetails_name,props_pageProps_match_matchInfo_team2_roster_2_playerDetails_perid,props_pageProps_match_matchInfo_team2_roster_2_playerName,props_pageProps_match_matchInfo_team2_roster_2_playerPerid,props_pageProps_match_matchInfo_team2_roster_2_role,props_pageProps_match_matchInfo_team2_roster_3___typename,props_pageProps_match_matchInfo_team2_roster_3_playerDetails___typename,props_pageProps_match_matchInfo_team2_roster_3_playerDetails_factorId,props_pageProps_match_matchInfo_team2_roster_3_playerDetails_fullName,props_pageProps_match_matchInfo_team2_roster_3_playerDetails_headshotUrl,props_pageProps_match_matchInfo_team2_roster_3_playerDetails_name,props_pageProps_match_matchInfo_team2_roster_3_playerDetails_perid,props_pageProps_match_matchInfo_team2_roster_3_playerName,props_pageProps_match_matchInfo_team2_roster_3_playerPerid,props_pageProps_match_matchInfo_team2_roster_3_role,props_pageProps_match_matchInfo_team2_roster_4___typename,props_pageProps_match_matchInfo_team2_roster_4_playerDetails___typename,props_pageProps_match_matchInfo_team2_roster_4_playerDetails_factorId,props_pageProps_match_matchInfo_team2_roster_4_playerDetails_fullName,props_pageProps_match_matchInfo_team2_roster_4_playerDetails_headshotUrl,props_pageProps_match_matchInfo_team2_roster_4_playerDetails_name,props_pageProps_match_matchInfo_team2_roster_4_playerDetails_perid,props_pageProps_match_matchInfo_team2_roster_4_playerName,props_pageProps_match_matchInfo_team2_roster_4_playerPerid,props_pageProps_match_matchInfo_team2_roster_4_role,props_pageProps_match_matchInfo_team2_roster_5___typename,props_pageProps_match_matchInfo_team2_roster_5_playerDetails___typename,props_pageProps_match_matchInfo_team2_roster_5_playerDetails_factorId,props_pageProps_match_matchInfo_team2_roster_5_playerDetails_fullName,props_pageProps_match_matchInfo_team2_roster_5_playerDetails_headshotUrl,props_pageProps_match_matchInfo_team2_roster_5_playerDetails_name,props_pageProps_match_matchInfo_team2_roster_5_playerDetails_perid,props_pageProps_match_matchInfo_team2_roster_5_playerName,props_pageProps_match_matchInfo_team2_roster_5_playerPerid,props_pageProps_match_matchInfo_team2_roster_5_role,props_pageProps_match_matchInfo_team2_roster_6_playerDetails___typename,props_pageProps_match_matchInfo_team2_roster_6_playerDetails_factorId,props_pageProps_match_matchInfo_team2_roster_6_playerDetails_fullName,props_pageProps_match_matchInfo_team2_roster_6_playerDetails_headshotUrl,props_pageProps_match_matchInfo_team2_roster_6_playerDetails_name,props_pageProps_match_matchInfo_team2_roster_6_playerDetails_perid,props_pageProps_match_matchInfo_team2_roster_6_playerName,props_pageProps_match_matchInfo_team2_roster_6_playerPerid,props_pageProps_match_matchInfo_team2_roster_6_role,props_pageProps_match_matchInfo_team2_roster_7_playerDetails___typename,props_pageProps_match_matchInfo_team2_roster_7_playerDetails_factorId,props_pageProps_match_matchInfo_team2_roster_7_playerDetails_fullName,props_pageProps_match_matchInfo_team2_roster_7_playerDetails_headshotUrl,props_pageProps_match_matchInfo_team2_roster_7_playerDetails_name,props_pageProps_match_matchInfo_team2_roster_7_playerDetails_perid,props_pageProps_match_matchInfo_team2_roster_7_playerName,props_pageProps_match_matchInfo_team2_roster_7_playerPerid,props_pageProps_match_matchInfo_team2_roster_7_role,props_pageProps_match_matchInfo_team2_roster_8_playerDetails___typename,props_pageProps_match_matchInfo_team2_roster_8_playerDetails_factorId,props_pageProps_match_matchInfo_team2_roster_8_playerDetails_fullName,props_pageProps_match_matchInfo_team2_roster_8_playerDetails_headshotUrl,props_pageProps_match_matchInfo_team2_roster_8_playerDetails_name,props_pageProps_match_matchInfo_team2_roster_8_playerDetails_perid,props_pageProps_match_matchInfo_team2_roster_8_playerName,props_pageProps_match_matchInfo_team2_roster_8_playerPerid,props_pageProps_match_matchInfo_team2_roster_8_role,props_pageProps_match_matchInfo_team2_roster_9_playerDetails___typename,props_pageProps_match_matchInfo_team2_roster_9_playerDetails_factorId,props_pageProps_match_matchInfo_team2_roster_9_playerDetails_fullName,props_pageProps_match_matchInfo_team2_roster_9_playerDetails_headshotUrl,props_pageProps_match_matchInfo_team2_roster_9_playerDetails_name,props_pageProps_match_matchInfo_team2_roster_9_playerDetails_perid,props_pageProps_match_matchInfo_team2_roster_9_playerName,props_pageProps_match_matchInfo_team2_roster_9_playerPerid,props_pageProps_match_matchInfo_team2_roster_9_role,props_pageProps_match_matchInfo_team2_roster_10_playerDetails___typename,props_pageProps_match_matchInfo_team2_roster_10_playerDetails_factorId,props_pageProps_match_matchInfo_team2_roster_10_playerDetails_fullName,props_pageProps_match_matchInfo_team2_roster_10_playerDetails_headshotUrl,props_pageProps_match_matchInfo_team2_roster_10_playerDetails_name,props_pageProps_match_matchInfo_team2_roster_10_playerDetails_perid,props_pageProps_match_matchInfo_team2_roster_10_playerName,props_pageProps_match_matchInfo_team2_roster_10_playerPerid,props_pageProps_match_matchInfo_team2_roster_10_role,props_pageProps_match_matchInfo_team2_teamLogo___typename,props_pageProps_match_matchInfo_team2_teamLogo_darkFlip,props_pageProps_match_matchInfo_team2_teamLogo_darkShadow,props_pageProps_match_matchInfo_team2_teamLogo_logoUrl,props_pageProps_match_matchInfo_team2_teamUrn,props_pageProps_match_matchInfo_team2_tournaments_0___typename,props_pageProps_match_matchInfo_team2_tournaments_0_series___typename,props_pageProps_match_matchInfo_team2_tournaments_0_series_seriesName,props_pageProps_match_matchInfo_team2_tournaments_0_series_seriesUrn,props_pageProps_match_matchInfo_team2_tournaments_0_tournamentUrn,props_pageProps_match_matchInfo_team2_tournaments_1___typename,props_pageProps_match_matchInfo_team2_tournaments_1_series___typename,props_pageProps_match_matchInfo_team2_tournaments_1_series_seriesName,props_pageProps_match_matchInfo_team2_tournaments_1_series_seriesUrn,props_pageProps_match_matchInfo_team2_tournaments_1_tournamentUrn,props_pageProps_match_matchInfo_team2_tournaments_2___typename,props_pageProps_match_matchInfo_team2_tournaments_2_series___typename,props_pageProps_match_matchInfo_team2_tournaments_2_series_seriesName,props_pageProps_match_matchInfo_team2_tournaments_2_series_seriesUrn,props_pageProps_match_matchInfo_team2_tournaments_2_tournamentUrn,props_pageProps_match_matchInfo_tournament___typename,props_pageProps_match_matchInfo_tournament_endDate,props_pageProps_match_matchInfo_tournament_lastModified,props_pageProps_match_matchInfo_tournament_name,props_pageProps_match_matchInfo_tournament_season___typename,props_pageProps_match_matchInfo_tournament_season_seasonFullName,props_pageProps_match_matchInfo_tournament_season_seasonName,props_pageProps_match_matchInfo_tournament_season_seasonUrn,props_pageProps_match_matchInfo_tournament_series___typename,props_pageProps_match_matchInfo_tournament_series_seriesName,props_pageProps_match_matchInfo_tournament_series_seriesUrn,props_pageProps_match_matchInfo_tournament_startDate,props_pageProps_match_matchInfo_tournament_tier,props_pageProps_match_matchInfo_tournament_tierLabel,props_pageProps_match_matchInfo_tournament_titleId,props_pageProps_match_matchInfo_tournament_tournamentUrn,props_pageProps_match_pageState_gameNumber,props_pageProps_match_pageState_hasNoTabParams,props_pageProps_match_pageState_matchId,props_pageProps_match_pageState_postMatchTab,props_pageProps_match_seriesName,props_pageProps_match_team1___typename,props_pageProps_match_team1_abbreviation,props_pageProps_match_team1_factorId,props_pageProps_match_team1_fullName,props_pageProps_match_team1_playerHistories_0___typename,props_pageProps_match_team1_playerHistories_0_playerDetails___typename,props_pageProps_match_team1_playerHistories_0_playerDetails_factorId,props_pageProps_match_team1_playerHistories_0_playerDetails_fullName,props_pageProps_match_team1_playerHistories_0_playerDetails_headshotUrl,props_pageProps_match_team1_playerHistories_0_playerDetails_name,props_pageProps_match_team1_playerHistories_0_playerDetails_perid,props_pageProps_match_team1_playerHistories_0_playerPerid,props_pageProps_match_team1_playerHistories_0_role,props_pageProps_match_team1_playerHistories_0_tournamentUrn,props_pageProps_match_team1_playerHistories_1___typename,props_pageProps_match_team1_playerHistories_1_playerDetails___typename,props_pageProps_match_team1_playerHistories_1_playerDetails_factorId,props_pageProps_match_team1_playerHistories_1_playerDetails_fullName,props_pageProps_match_team1_playerHistories_1_playerDetails_headshotUrl,props_pageProps_match_team1_playerHistories_1_playerDetails_name,props_pageProps_match_team1_playerHistories_1_playerDetails_perid,props_pageProps_match_team1_playerHistories_1_playerPerid,props_pageProps_match_team1_playerHistories_1_role,props_pageProps_match_team1_playerHistories_1_tournamentUrn,props_pageProps_match_team1_playerHistories_2___typename,props_pageProps_match_team1_playerHistories_2_playerDetails___typename,props_pageProps_match_team1_playerHistories_2_playerDetails_factorId,props_pageProps_match_team1_playerHistories_2_playerDetails_fullName,props_pageProps_match_team1_playerHistories_2_playerDetails_headshotUrl,props_pageProps_match_team1_playerHistories_2_playerDetails_name,props_pageProps_match_team1_playerHistories_2_playerDetails_perid,props_pageProps_match_team1_playerHistories_2_playerPerid,props_pageProps_match_team1_playerHistories_2_role,props_pageProps_match_team1_playerHistories_2_tournamentUrn,props_pageProps_match_team1_playerHistories_3___typename,props_pageProps_match_team1_playerHistories_3_playerDetails___typename,props_pageProps_match_team1_playerHistories_3_playerDetails_factorId,props_pageProps_match_team1_playerHistories_3_playerDetails_fullName,props_pageProps_match_team1_playerHistories_3_playerDetails_headshotUrl,props_pageProps_match_team1_playerHistories_3_playerDetails_name,props_pageProps_match_team1_playerHistories_3_playerDetails_perid,props_pageProps_match_team1_playerHistories_3_playerPerid,props_pageProps_match_team1_playerHistories_3_role,props_pageProps_match_team1_playerHistories_3_tournamentUrn,props_pageProps_match_team1_playerHistories_4___typename,props_pageProps_match_team1_playerHistories_4_playerDetails___typename,props_pageProps_match_team1_playerHistories_4_playerDetails_factorId,props_pageProps_match_team1_playerHistories_4_playerDetails_fullName,props_pageProps_match_team1_playerHistories_4_playerDetails_headshotUrl,props_pageProps_match_team1_playerHistories_4_playerDetails_name,props_pageProps_match_team1_playerHistories_4_playerDetails_perid,props_pageProps_match_team1_playerHistories_4_playerPerid,props_pageProps_match_team1_playerHistories_4_role,props_pageProps_match_team1_playerHistories_4_tournamentUrn,props_pageProps_match_team1_playerHistories_5___typename,props_pageProps_match_team1_playerHistories_5_playerDetails___typename,props_pageProps_match_team1_playerHistories_5_playerDetails_factorId,props_pageProps_match_team1_playerHistories_5_playerDetails_fullName,props_pageProps_match_team1_playerHistories_5_playerDetails_headshotUrl,props_pageProps_match_team1_playerHistories_5_playerDetails_name,props_pageProps_match_team1_playerHistories_5_playerDetails_perid,props_pageProps_match_team1_playerHistories_5_playerPerid,props_pageProps_match_team1_playerHistories_5_role,props_pageProps_match_team1_playerHistories_5_tournamentUrn,props_pageProps_match_team1_playerHistories_6___typename,props_pageProps_match_team1_playerHistories_6_playerDetails___typename,props_pageProps_match_team1_playerHistories_6_playerDetails_factorId,props_pageProps_match_team1_playerHistories_6_playerDetails_fullName,props_pageProps_match_team1_playerHistories_6_playerDetails_headshotUrl,props_pageProps_match_team1_playerHistories_6_playerDetails_name,props_pageProps_match_team1_playerHistories_6_playerDetails_perid,props_pageProps_match_team1_playerHistories_6_playerPerid,props_pageProps_match_team1_playerHistories_6_role,props_pageProps_match_team1_playerHistories_6_tournamentUrn,props_pageProps_match_team1_playerHistories_7___typename,props_pageProps_match_team1_playerHistories_7_playerDetails___typename,props_pageProps_match_team1_playerHistories_7_playerDetails_factorId,props_pageProps_match_team1_playerHistories_7_playerDetails_fullName,props_pageProps_match_team1_playerHistories_7_playerDetails_headshotUrl,props_pageProps_match_team1_playerHistories_7_playerDetails_name,props_pageProps_match_team1_playerHistories_7_playerDetails_perid,props_pageProps_match_team1_playerHistories_7_playerPerid,props_pageProps_match_team1_playerHistories_7_role,props_pageProps_match_team1_playerHistories_7_tournamentUrn,props_pageProps_match_team1_playerHistories_8___typename,props_pageProps_match_team1_playerHistories_8_playerDetails___typename,props_pageProps_match_team1_playerHistories_8_playerDetails_factorId,props_pageProps_match_team1_playerHistories_8_playerDetails_fullName,props_pageProps_match_team1_playerHistories_8_playerDetails_headshotUrl,props_pageProps_match_team1_playerHistories_8_playerDetails_name,props_pageProps_match_team1_playerHistories_8_playerDetails_perid,props_pageProps_match_team1_playerHistories_8_playerPerid,props_pageProps_match_team1_playerHistories_8_role,props_pageProps_match_team1_playerHistories_8_tournamentUrn,props_pageProps_match_team1_playerHistories_9___typename,props_pageProps_match_team1_playerHistories_9_playerDetails___typename,props_pageProps_match_team1_playerHistories_9_playerDetails_factorId,props_pageProps_match_team1_playerHistories_9_playerDetails_fullName,props_pageProps_match_team1_playerHistories_9_playerDetails_headshotUrl,props_pageProps_match_team1_playerHistories_9_playerDetails_name,props_pageProps_match_team1_playerHistories_9_playerDetails_perid,props_pageProps_match_team1_playerHistories_9_playerPerid,props_pageProps_match_team1_playerHistories_9_role,props_pageProps_match_team1_playerHistories_9_tournamentUrn,props_pageProps_match_team1_playerHistories_10___typename,props_pageProps_match_team1_playerHistories_10_playerDetails___typename,props_pageProps_match_team1_playerHistories_10_playerDetails_factorId,props_pageProps_match_team1_playerHistories_10_playerDetails_fullName,props_pageProps_match_team1_playerHistories_10_playerDetails_headshotUrl,props_pageProps_match_team1_playerHistories_10_playerDetails_name,props_pageProps_match_team1_playerHistories_10_playerDetails_perid,props_pageProps_match_team1_playerHistories_10_playerPerid,props_pageProps_match_team1_playerHistories_10_role,props_pageProps_match_team1_playerHistories_10_tournamentUrn,props_pageProps_match_team1_playerHistories_11___typename,props_pageProps_match_team1_playerHistories_11_playerDetails___typename,props_pageProps_match_team1_playerHistories_11_playerDetails_factorId,props_pageProps_match_team1_playerHistories_11_playerDetails_fullName,props_pageProps_match_team1_playerHistories_11_playerDetails_headshotUrl,props_pageProps_match_team1_playerHistories_11_playerDetails_name,props_pageProps_match_team1_playerHistories_11_playerDetails_perid,props_pageProps_match_team1_playerHistories_11_playerPerid,props_pageProps_match_team1_playerHistories_11_role,props_pageProps_match_team1_playerHistories_11_tournamentUrn,props_pageProps_match_team1_playerHistories_12___typename,props_pageProps_match_team1_playerHistories_12_playerDetails___typename,props_pageProps_match_team1_playerHistories_12_playerDetails_factorId,props_pageProps_match_team1_playerHistories_12_playerDetails_fullName,props_pageProps_match_team1_playerHistories_12_playerDetails_headshotUrl,props_pageProps_match_team1_playerHistories_12_playerDetails_name,props_pageProps_match_team1_playerHistories_12_playerDetails_perid,props_pageProps_match_team1_playerHistories_12_playerPerid,props_pageProps_match_team1_playerHistories_12_role,props_pageProps_match_team1_playerHistories_12_tournamentUrn,props_pageProps_match_team1_playerHistories_13___typename,props_pageProps_match_team1_playerHistories_13_playerDetails___typename,props_pageProps_match_team1_playerHistories_13_playerDetails_factorId,props_pageProps_match_team1_playerHistories_13_playerDetails_fullName,props_pageProps_match_team1_playerHistories_13_playerDetails_headshotUrl,props_pageProps_match_team1_playerHistories_13_playerDetails_name,props_pageProps_match_team1_playerHistories_13_playerDetails_perid,props_pageProps_match_team1_playerHistories_13_playerPerid,props_pageProps_match_team1_playerHistories_13_role,props_pageProps_match_team1_playerHistories_13_tournamentUrn,props_pageProps_match_team1_playerHistories_14___typename,props_pageProps_match_team1_playerHistories_14_playerDetails___typename,props_pageProps_match_team1_playerHistories_14_playerDetails_factorId,props_pageProps_match_team1_playerHistories_14_playerDetails_fullName,props_pageProps_match_team1_playerHistories_14_playerDetails_headshotUrl,props_pageProps_match_team1_playerHistories_14_playerDetails_name,props_pageProps_match_team1_playerHistories_14_playerDetails_perid,props_pageProps_match_team1_playerHistories_14_playerPerid,props_pageProps_match_team1_playerHistories_14_role,props_pageProps_match_team1_playerHistories_14_tournamentUrn,props_pageProps_match_team1_playerHistories_15___typename,props_pageProps_match_team1_playerHistories_15_playerDetails___typename,props_pageProps_match_team1_playerHistories_15_playerDetails_factorId,props_pageProps_match_team1_playerHistories_15_playerDetails_fullName,props_pageProps_match_team1_playerHistories_15_playerDetails_headshotUrl,props_pageProps_match_team1_playerHistories_15_playerDetails_name,props_pageProps_match_team1_playerHistories_15_playerDetails_perid,props_pageProps_match_team1_playerHistories_15_playerPerid,props_pageProps_match_team1_playerHistories_15_role,props_pageProps_match_team1_playerHistories_15_tournamentUrn,props_pageProps_match_team1_playerHistories_16___typename,props_pageProps_match_team1_playerHistories_16_playerDetails___typename,props_pageProps_match_team1_playerHistories_16_playerDetails_factorId,props_pageProps_match_team1_playerHistories_16_playerDetails_fullName,props_pageProps_match_team1_playerHistories_16_playerDetails_headshotUrl,props_pageProps_match_team1_playerHistories_16_playerDetails_name,props_pageProps_match_team1_playerHistories_16_playerDetails_perid,props_pageProps_match_team1_playerHistories_16_playerPerid,props_pageProps_match_team1_playerHistories_16_role,props_pageProps_match_team1_playerHistories_16_tournamentUrn,props_pageProps_match_team1_playerHistories_17___typename,props_pageProps_match_team1_playerHistories_17_playerDetails___typename,props_pageProps_match_team1_playerHistories_17_playerDetails_factorId,props_pageProps_match_team1_playerHistories_17_playerDetails_fullName,props_pageProps_match_team1_playerHistories_17_playerDetails_headshotUrl,props_pageProps_match_team1_playerHistories_17_playerDetails_name,props_pageProps_match_team1_playerHistories_17_playerDetails_perid,props_pageProps_match_team1_playerHistories_17_playerPerid,props_pageProps_match_team1_playerHistories_17_role,props_pageProps_match_team1_playerHistories_17_tournamentUrn,props_pageProps_match_team1_playerHistories_18___typename,props_pageProps_match_team1_playerHistories_18_playerDetails___typename,props_pageProps_match_team1_playerHistories_18_playerDetails_factorId,props_pageProps_match_team1_playerHistories_18_playerDetails_fullName,props_pageProps_match_team1_playerHistories_18_playerDetails_headshotUrl,props_pageProps_match_team1_playerHistories_18_playerDetails_name,props_pageProps_match_team1_playerHistories_18_playerDetails_perid,props_pageProps_match_team1_playerHistories_18_playerPerid,props_pageProps_match_team1_playerHistories_18_role,props_pageProps_match_team1_playerHistories_18_tournamentUrn,props_pageProps_match_team1_playerHistories_19___typename,props_pageProps_match_team1_playerHistories_19_playerDetails___typename,props_pageProps_match_team1_playerHistories_19_playerDetails_factorId,props_pageProps_match_team1_playerHistories_19_playerDetails_fullName,props_pageProps_match_team1_playerHistories_19_playerDetails_headshotUrl,props_pageProps_match_team1_playerHistories_19_playerDetails_name,props_pageProps_match_team1_playerHistories_19_playerDetails_perid,props_pageProps_match_team1_playerHistories_19_playerPerid,props_pageProps_match_team1_playerHistories_19_role,props_pageProps_match_team1_playerHistories_19_tournamentUrn,props_pageProps_match_team1_playerHistories_20___typename,props_pageProps_match_team1_playerHistories_20_playerDetails___typename,props_pageProps_match_team1_playerHistories_20_playerDetails_factorId,props_pageProps_match_team1_playerHistories_20_playerDetails_fullName,props_pageProps_match_team1_playerHistories_20_playerDetails_headshotUrl,props_pageProps_match_team1_playerHistories_20_playerDetails_name,props_pageProps_match_team1_playerHistories_20_playerDetails_perid,props_pageProps_match_team1_playerHistories_20_playerPerid,props_pageProps_match_team1_playerHistories_20_role,props_pageProps_match_team1_playerHistories_20_tournamentUrn,props_pageProps_match_team1_playerHistories_21___typename,props_pageProps_match_team1_playerHistories_21_playerDetails___typename,props_pageProps_match_team1_playerHistories_21_playerDetails_factorId,props_pageProps_match_team1_playerHistories_21_playerDetails_fullName,props_pageProps_match_team1_playerHistories_21_playerDetails_headshotUrl,props_pageProps_match_team1_playerHistories_21_playerDetails_name,props_pageProps_match_team1_playerHistories_21_playerDetails_perid,props_pageProps_match_team1_playerHistories_21_playerPerid,props_pageProps_match_team1_playerHistories_21_role,props_pageProps_match_team1_playerHistories_21_tournamentUrn,props_pageProps_match_team1_playerHistories_22___typename,props_pageProps_match_team1_playerHistories_22_playerDetails___typename,props_pageProps_match_team1_playerHistories_22_playerDetails_factorId,props_pageProps_match_team1_playerHistories_22_playerDetails_fullName,props_pageProps_match_team1_playerHistories_22_playerDetails_headshotUrl,props_pageProps_match_team1_playerHistories_22_playerDetails_name,props_pageProps_match_team1_playerHistories_22_playerDetails_perid,props_pageProps_match_team1_playerHistories_22_playerPerid,props_pageProps_match_team1_playerHistories_22_role,props_pageProps_match_team1_playerHistories_22_tournamentUrn,props_pageProps_match_team1_playerHistories_23___typename,props_pageProps_match_team1_playerHistories_23_playerDetails___typename,props_pageProps_match_team1_playerHistories_23_playerDetails_factorId,props_pageProps_match_team1_playerHistories_23_playerDetails_fullName,props_pageProps_match_team1_playerHistories_23_playerDetails_headshotUrl,props_pageProps_match_team1_playerHistories_23_playerDetails_name,props_pageProps_match_team1_playerHistories_23_playerDetails_perid,props_pageProps_match_team1_playerHistories_23_playerPerid,props_pageProps_match_team1_playerHistories_23_role,props_pageProps_match_team1_playerHistories_23_tournamentUrn,props_pageProps_match_team1_playerHistories_24___typename,props_pageProps_match_team1_playerHistories_24_playerDetails___typename,props_pageProps_match_team1_playerHistories_24_playerDetails_factorId,props_pageProps_match_team1_playerHistories_24_playerDetails_fullName,props_pageProps_match_team1_playerHistories_24_playerDetails_headshotUrl,props_pageProps_match_team1_playerHistories_24_playerDetails_name,props_pageProps_match_team1_playerHistories_24_playerDetails_perid,props_pageProps_match_team1_playerHistories_24_playerPerid,props_pageProps_match_team1_playerHistories_24_role,props_pageProps_match_team1_playerHistories_24_tournamentUrn,props_pageProps_match_team1_playerHistories_25___typename,props_pageProps_match_team1_playerHistories_25_playerDetails___typename,props_pageProps_match_team1_playerHistories_25_playerDetails_factorId,props_pageProps_match_team1_playerHistories_25_playerDetails_fullName,props_pageProps_match_team1_playerHistories_25_playerDetails_headshotUrl,props_pageProps_match_team1_playerHistories_25_playerDetails_name,props_pageProps_match_team1_playerHistories_25_playerDetails_perid,props_pageProps_match_team1_playerHistories_25_playerPerid,props_pageProps_match_team1_playerHistories_25_role,props_pageProps_match_team1_playerHistories_25_tournamentUrn,props_pageProps_match_team1_playerHistories_26___typename,props_pageProps_match_team1_playerHistories_26_playerDetails___typename,props_pageProps_match_team1_playerHistories_26_playerDetails_factorId,props_pageProps_match_team1_playerHistories_26_playerDetails_fullName,props_pageProps_match_team1_playerHistories_26_playerDetails_headshotUrl,props_pageProps_match_team1_playerHistories_26_playerDetails_name,props_pageProps_match_team1_playerHistories_26_playerDetails_perid,props_pageProps_match_team1_playerHistories_26_playerPerid,props_pageProps_match_team1_playerHistories_26_role,props_pageProps_match_team1_playerHistories_26_tournamentUrn,props_pageProps_match_team1_playerHistories_27___typename,props_pageProps_match_team1_playerHistories_27_playerDetails___typename,props_pageProps_match_team1_playerHistories_27_playerDetails_factorId,props_pageProps_match_team1_playerHistories_27_playerDetails_fullName,props_pageProps_match_team1_playerHistories_27_playerDetails_headshotUrl,props_pageProps_match_team1_playerHistories_27_playerDetails_name,props_pageProps_match_team1_playerHistories_27_playerDetails_perid,props_pageProps_match_team1_playerHistories_27_playerPerid,props_pageProps_match_team1_playerHistories_27_role,props_pageProps_match_team1_playerHistories_27_tournamentUrn,props_pageProps_match_team1_playerHistories_28___typename,props_pageProps_match_team1_playerHistories_28_playerDetails___typename,props_pageProps_match_team1_playerHistories_28_playerDetails_factorId,props_pageProps_match_team1_playerHistories_28_playerDetails_fullName,props_pageProps_match_team1_playerHistories_28_playerDetails_headshotUrl,props_pageProps_match_team1_playerHistories_28_playerDetails_name,props_pageProps_match_team1_playerHistories_28_playerDetails_perid,props_pageProps_match_team1_playerHistories_28_playerPerid,props_pageProps_match_team1_playerHistories_28_role,props_pageProps_match_team1_playerHistories_28_tournamentUrn,props_pageProps_match_team1_playerHistories_29___typename,props_pageProps_match_team1_playerHistories_29_playerDetails___typename,props_pageProps_match_team1_playerHistories_29_playerDetails_factorId,props_pageProps_match_team1_playerHistories_29_playerDetails_fullName,props_pageProps_match_team1_playerHistories_29_playerDetails_headshotUrl,props_pageProps_match_team1_playerHistories_29_playerDetails_name,props_pageProps_match_team1_playerHistories_29_playerDetails_perid,props_pageProps_match_team1_playerHistories_29_playerPerid,props_pageProps_match_team1_playerHistories_29_role,props_pageProps_match_team1_playerHistories_29_tournamentUrn,props_pageProps_match_team1_playerHistories_30___typename,props_pageProps_match_team1_playerHistories_30_playerDetails___typename,props_pageProps_match_team1_playerHistories_30_playerDetails_factorId,props_pageProps_match_team1_playerHistories_30_playerDetails_fullName,props_pageProps_match_team1_playerHistories_30_playerDetails_headshotUrl,props_pageProps_match_team1_playerHistories_30_playerDetails_name,props_pageProps_match_team1_playerHistories_30_playerDetails_perid,props_pageProps_match_team1_playerHistories_30_playerPerid,props_pageProps_match_team1_playerHistories_30_role,props_pageProps_match_team1_playerHistories_30_tournamentUrn,props_pageProps_match_team1_playerHistories_31___typename,props_pageProps_match_team1_playerHistories_31_playerDetails___typename,props_pageProps_match_team1_playerHistories_31_playerDetails_factorId,props_pageProps_match_team1_playerHistories_31_playerDetails_fullName,props_pageProps_match_team1_playerHistories_31_playerDetails_headshotUrl,props_pageProps_match_team1_playerHistories_31_playerDetails_name,props_pageProps_match_team1_playerHistories_31_playerDetails_perid,props_pageProps_match_team1_playerHistories_31_playerPerid,props_pageProps_match_team1_playerHistories_31_role,props_pageProps_match_team1_playerHistories_31_tournamentUrn,props_pageProps_match_team1_playerHistories_32___typename,props_pageProps_match_team1_playerHistories_32_playerDetails___typename,props_pageProps_match_team1_playerHistories_32_playerDetails_factorId,props_pageProps_match_team1_playerHistories_32_playerDetails_fullName,props_pageProps_match_team1_playerHistories_32_playerDetails_headshotUrl,props_pageProps_match_team1_playerHistories_32_playerDetails_name,props_pageProps_match_team1_playerHistories_32_playerDetails_perid,props_pageProps_match_team1_playerHistories_32_playerPerid,props_pageProps_match_team1_playerHistories_32_role,props_pageProps_match_team1_playerHistories_32_tournamentUrn,props_pageProps_match_team1_playerHistories_33___typename,props_pageProps_match_team1_playerHistories_33_playerDetails___typename,props_pageProps_match_team1_playerHistories_33_playerDetails_factorId,props_pageProps_match_team1_playerHistories_33_playerDetails_fullName,props_pageProps_match_team1_playerHistories_33_playerDetails_headshotUrl,props_pageProps_match_team1_playerHistories_33_playerDetails_name,props_pageProps_match_team1_playerHistories_33_playerDetails_perid,props_pageProps_match_team1_playerHistories_33_playerPerid,props_pageProps_match_team1_playerHistories_33_role,props_pageProps_match_team1_playerHistories_33_tournamentUrn,props_pageProps_match_team1_playerHistories_34___typename,props_pageProps_match_team1_playerHistories_34_playerDetails___typename,props_pageProps_match_team1_playerHistories_34_playerDetails_factorId,props_pageProps_match_team1_playerHistories_34_playerDetails_fullName,props_pageProps_match_team1_playerHistories_34_playerDetails_headshotUrl,props_pageProps_match_team1_playerHistories_34_playerDetails_name,props_pageProps_match_team1_playerHistories_34_playerDetails_perid,props_pageProps_match_team1_playerHistories_34_playerPerid,props_pageProps_match_team1_playerHistories_34_role,props_pageProps_match_team1_playerHistories_34_tournamentUrn,props_pageProps_match_team1_playerHistories_35___typename,props_pageProps_match_team1_playerHistories_35_playerDetails___typename,props_pageProps_match_team1_playerHistories_35_playerDetails_factorId,props_pageProps_match_team1_playerHistories_35_playerDetails_fullName,props_pageProps_match_team1_playerHistories_35_playerDetails_headshotUrl,props_pageProps_match_team1_playerHistories_35_playerDetails_name,props_pageProps_match_team1_playerHistories_35_playerDetails_perid,props_pageProps_match_team1_playerHistories_35_playerPerid,props_pageProps_match_team1_playerHistories_35_role,props_pageProps_match_team1_playerHistories_35_tournamentUrn,props_pageProps_match_team1_playerHistories_36___typename,props_pageProps_match_team1_playerHistories_36_playerDetails___typename,props_pageProps_match_team1_playerHistories_36_playerDetails_factorId,props_pageProps_match_team1_playerHistories_36_playerDetails_fullName,props_pageProps_match_team1_playerHistories_36_playerDetails_headshotUrl,props_pageProps_match_team1_playerHistories_36_playerDetails_name,props_pageProps_match_team1_playerHistories_36_playerDetails_perid,props_pageProps_match_team1_playerHistories_36_playerPerid,props_pageProps_match_team1_playerHistories_36_role,props_pageProps_match_team1_playerHistories_36_tournamentUrn,props_pageProps_match_team1_playerHistories_37___typename,props_pageProps_match_team1_playerHistories_37_playerDetails___typename,props_pageProps_match_team1_playerHistories_37_playerDetails_factorId,props_pageProps_match_team1_playerHistories_37_playerDetails_fullName,props_pageProps_match_team1_playerHistories_37_playerDetails_headshotUrl,props_pageProps_match_team1_playerHistories_37_playerDetails_name,props_pageProps_match_team1_playerHistories_37_playerDetails_perid,props_pageProps_match_team1_playerHistories_37_playerPerid,props_pageProps_match_team1_playerHistories_37_role,props_pageProps_match_team1_playerHistories_37_tournamentUrn,props_pageProps_match_team1_playerHistories_38___typename,props_pageProps_match_team1_playerHistories_38_playerDetails___typename,props_pageProps_match_team1_playerHistories_38_playerDetails_factorId,props_pageProps_match_team1_playerHistories_38_playerDetails_fullName,props_pageProps_match_team1_playerHistories_38_playerDetails_headshotUrl,props_pageProps_match_team1_playerHistories_38_playerDetails_name,props_pageProps_match_team1_playerHistories_38_playerDetails_perid,props_pageProps_match_team1_playerHistories_38_playerPerid,props_pageProps_match_team1_playerHistories_38_role,props_pageProps_match_team1_playerHistories_38_tournamentUrn,props_pageProps_match_team1_playerHistories_39___typename,props_pageProps_match_team1_playerHistories_39_playerDetails___typename,props_pageProps_match_team1_playerHistories_39_playerDetails_factorId,props_pageProps_match_team1_playerHistories_39_playerDetails_fullName,props_pageProps_match_team1_playerHistories_39_playerDetails_headshotUrl,props_pageProps_match_team1_playerHistories_39_playerDetails_name,props_pageProps_match_team1_playerHistories_39_playerDetails_perid,props_pageProps_match_team1_playerHistories_39_playerPerid,props_pageProps_match_team1_playerHistories_39_role,props_pageProps_match_team1_playerHistories_39_tournamentUrn,props_pageProps_match_team1_playerHistories_40___typename,props_pageProps_match_team1_playerHistories_40_playerDetails___typename,props_pageProps_match_team1_playerHistories_40_playerDetails_factorId,props_pageProps_match_team1_playerHistories_40_playerDetails_fullName,props_pageProps_match_team1_playerHistories_40_playerDetails_headshotUrl,props_pageProps_match_team1_playerHistories_40_playerDetails_name,props_pageProps_match_team1_playerHistories_40_playerDetails_perid,props_pageProps_match_team1_playerHistories_40_playerPerid,props_pageProps_match_team1_playerHistories_40_role,props_pageProps_match_team1_playerHistories_40_tournamentUrn,props_pageProps_match_team1_playerHistories_41___typename,props_pageProps_match_team1_playerHistories_41_playerDetails___typename,props_pageProps_match_team1_playerHistories_41_playerDetails_factorId,props_pageProps_match_team1_playerHistories_41_playerDetails_fullName,props_pageProps_match_team1_playerHistories_41_playerDetails_headshotUrl,props_pageProps_match_team1_playerHistories_41_playerDetails_name,props_pageProps_match_team1_playerHistories_41_playerDetails_perid,props_pageProps_match_team1_playerHistories_41_playerPerid,props_pageProps_match_team1_playerHistories_41_role,props_pageProps_match_team1_playerHistories_41_tournamentUrn,props_pageProps_match_team1_playerHistories_42___typename,props_pageProps_match_team1_playerHistories_42_playerDetails___typename,props_pageProps_match_team1_playerHistories_42_playerDetails_factorId,props_pageProps_match_team1_playerHistories_42_playerDetails_fullName,props_pageProps_match_team1_playerHistories_42_playerDetails_headshotUrl,props_pageProps_match_team1_playerHistories_42_playerDetails_name,props_pageProps_match_team1_playerHistories_42_playerDetails_perid,props_pageProps_match_team1_playerHistories_42_playerPerid,props_pageProps_match_team1_playerHistories_42_role,props_pageProps_match_team1_playerHistories_42_tournamentUrn,props_pageProps_match_team1_playerHistories_43___typename,props_pageProps_match_team1_playerHistories_43_playerDetails___typename,props_pageProps_match_team1_playerHistories_43_playerDetails_factorId,props_pageProps_match_team1_playerHistories_43_playerDetails_fullName,props_pageProps_match_team1_playerHistories_43_playerDetails_headshotUrl,props_pageProps_match_team1_playerHistories_43_playerDetails_name,props_pageProps_match_team1_playerHistories_43_playerDetails_perid,props_pageProps_match_team1_playerHistories_43_playerPerid,props_pageProps_match_team1_playerHistories_43_role,props_pageProps_match_team1_playerHistories_43_tournamentUrn,props_pageProps_match_team1_playerHistories_44___typename,props_pageProps_match_team1_playerHistories_44_playerDetails___typename,props_pageProps_match_team1_playerHistories_44_playerDetails_factorId,props_pageProps_match_team1_playerHistories_44_playerDetails_fullName,props_pageProps_match_team1_playerHistories_44_playerDetails_headshotUrl,props_pageProps_match_team1_playerHistories_44_playerDetails_name,props_pageProps_match_team1_playerHistories_44_playerDetails_perid,props_pageProps_match_team1_playerHistories_44_playerPerid,props_pageProps_match_team1_playerHistories_44_role,props_pageProps_match_team1_playerHistories_44_tournamentUrn,props_pageProps_match_team1_playerHistories_45___typename,props_pageProps_match_team1_playerHistories_45_playerDetails___typename,props_pageProps_match_team1_playerHistories_45_playerDetails_factorId,props_pageProps_match_team1_playerHistories_45_playerDetails_fullName,props_pageProps_match_team1_playerHistories_45_playerDetails_headshotUrl,props_pageProps_match_team1_playerHistories_45_playerDetails_name,props_pageProps_match_team1_playerHistories_45_playerDetails_perid,props_pageProps_match_team1_playerHistories_45_playerPerid,props_pageProps_match_team1_playerHistories_45_role,props_pageProps_match_team1_playerHistories_45_tournamentUrn,props_pageProps_match_team1_playerHistories_46___typename,props_pageProps_match_team1_playerHistories_46_playerDetails___typename,props_pageProps_match_team1_playerHistories_46_playerDetails_factorId,props_pageProps_match_team1_playerHistories_46_playerDetails_fullName,props_pageProps_match_team1_playerHistories_46_playerDetails_headshotUrl,props_pageProps_match_team1_playerHistories_46_playerDetails_name,props_pageProps_match_team1_playerHistories_46_playerDetails_perid,props_pageProps_match_team1_playerHistories_46_playerPerid,props_pageProps_match_team1_playerHistories_46_role,props_pageProps_match_team1_playerHistories_46_tournamentUrn,props_pageProps_match_team1_playerHistories_47___typename,props_pageProps_match_team1_playerHistories_47_playerDetails___typename,props_pageProps_match_team1_playerHistories_47_playerDetails_factorId,props_pageProps_match_team1_playerHistories_47_playerDetails_fullName,props_pageProps_match_team1_playerHistories_47_playerDetails_headshotUrl,props_pageProps_match_team1_playerHistories_47_playerDetails_name,props_pageProps_match_team1_playerHistories_47_playerDetails_perid,props_pageProps_match_team1_playerHistories_47_playerPerid,props_pageProps_match_team1_playerHistories_47_role,props_pageProps_match_team1_playerHistories_47_tournamentUrn,props_pageProps_match_team1_playerHistories_48___typename,props_pageProps_match_team1_playerHistories_48_playerDetails___typename,props_pageProps_match_team1_playerHistories_48_playerDetails_factorId,props_pageProps_match_team1_playerHistories_48_playerDetails_fullName,props_pageProps_match_team1_playerHistories_48_playerDetails_headshotUrl,props_pageProps_match_team1_playerHistories_48_playerDetails_name,props_pageProps_match_team1_playerHistories_48_playerDetails_perid,props_pageProps_match_team1_playerHistories_48_playerPerid,props_pageProps_match_team1_playerHistories_48_role,props_pageProps_match_team1_playerHistories_48_tournamentUrn,props_pageProps_match_team1_playerHistories_49___typename,props_pageProps_match_team1_playerHistories_49_playerDetails___typename,props_pageProps_match_team1_playerHistories_49_playerDetails_factorId,props_pageProps_match_team1_playerHistories_49_playerDetails_fullName,props_pageProps_match_team1_playerHistories_49_playerDetails_headshotUrl,props_pageProps_match_team1_playerHistories_49_playerDetails_name,props_pageProps_match_team1_playerHistories_49_playerDetails_perid,props_pageProps_match_team1_playerHistories_49_playerPerid,props_pageProps_match_team1_playerHistories_49_role,props_pageProps_match_team1_playerHistories_49_tournamentUrn,props_pageProps_match_team1_playerHistories_50___typename,props_pageProps_match_team1_playerHistories_50_playerDetails___typename,props_pageProps_match_team1_playerHistories_50_playerDetails_factorId,props_pageProps_match_team1_playerHistories_50_playerDetails_fullName,props_pageProps_match_team1_playerHistories_50_playerDetails_headshotUrl,props_pageProps_match_team1_playerHistories_50_playerDetails_name,props_pageProps_match_team1_playerHistories_50_playerDetails_perid,props_pageProps_match_team1_playerHistories_50_playerPerid,props_pageProps_match_team1_playerHistories_50_role,props_pageProps_match_team1_playerHistories_50_tournamentUrn,props_pageProps_match_team1_playerHistories_51___typename,props_pageProps_match_team1_playerHistories_51_playerDetails___typename,props_pageProps_match_team1_playerHistories_51_playerDetails_factorId,props_pageProps_match_team1_playerHistories_51_playerDetails_fullName,props_pageProps_match_team1_playerHistories_51_playerDetails_headshotUrl,props_pageProps_match_team1_playerHistories_51_playerDetails_name,props_pageProps_match_team1_playerHistories_51_playerDetails_perid,props_pageProps_match_team1_playerHistories_51_playerPerid,props_pageProps_match_team1_playerHistories_51_role,props_pageProps_match_team1_playerHistories_51_tournamentUrn,props_pageProps_match_team1_playerHistories_52___typename,props_pageProps_match_team1_playerHistories_52_playerDetails___typename,props_pageProps_match_team1_playerHistories_52_playerDetails_factorId,props_pageProps_match_team1_playerHistories_52_playerDetails_fullName,props_pageProps_match_team1_playerHistories_52_playerDetails_headshotUrl,props_pageProps_match_team1_playerHistories_52_playerDetails_name,props_pageProps_match_team1_playerHistories_52_playerDetails_perid,props_pageProps_match_team1_playerHistories_52_playerPerid,props_pageProps_match_team1_playerHistories_52_role,props_pageProps_match_team1_playerHistories_52_tournamentUrn,props_pageProps_match_team1_playerHistories_53___typename,props_pageProps_match_team1_playerHistories_53_playerDetails___typename,props_pageProps_match_team1_playerHistories_53_playerDetails_factorId,props_pageProps_match_team1_playerHistories_53_playerDetails_fullName,props_pageProps_match_team1_playerHistories_53_playerDetails_headshotUrl,props_pageProps_match_team1_playerHistories_53_playerDetails_name,props_pageProps_match_team1_playerHistories_53_playerDetails_perid,props_pageProps_match_team1_playerHistories_53_playerPerid,props_pageProps_match_team1_playerHistories_53_role,props_pageProps_match_team1_playerHistories_53_tournamentUrn,props_pageProps_match_team1_playerHistories_54___typename,props_pageProps_match_team1_playerHistories_54_playerDetails___typename,props_pageProps_match_team1_playerHistories_54_playerDetails_factorId,props_pageProps_match_team1_playerHistories_54_playerDetails_fullName,props_pageProps_match_team1_playerHistories_54_playerDetails_headshotUrl,props_pageProps_match_team1_playerHistories_54_playerDetails_name,props_pageProps_match_team1_playerHistories_54_playerDetails_perid,props_pageProps_match_team1_playerHistories_54_playerPerid,props_pageProps_match_team1_playerHistories_54_role,props_pageProps_match_team1_playerHistories_54_tournamentUrn,props_pageProps_match_team1_playerHistories_55___typename,props_pageProps_match_team1_playerHistories_55_playerDetails___typename,props_pageProps_match_team1_playerHistories_55_playerDetails_factorId,props_pageProps_match_team1_playerHistories_55_playerDetails_fullName,props_pageProps_match_team1_playerHistories_55_playerDetails_headshotUrl,props_pageProps_match_team1_playerHistories_55_playerDetails_name,props_pageProps_match_team1_playerHistories_55_playerDetails_perid,props_pageProps_match_team1_playerHistories_55_playerPerid,props_pageProps_match_team1_playerHistories_55_role,props_pageProps_match_team1_playerHistories_55_tournamentUrn,props_pageProps_match_team1_playerHistories_56___typename,props_pageProps_match_team1_playerHistories_56_playerDetails___typename,props_pageProps_match_team1_playerHistories_56_playerDetails_factorId,props_pageProps_match_team1_playerHistories_56_playerDetails_fullName,props_pageProps_match_team1_playerHistories_56_playerDetails_headshotUrl,props_pageProps_match_team1_playerHistories_56_playerDetails_name,props_pageProps_match_team1_playerHistories_56_playerDetails_perid,props_pageProps_match_team1_playerHistories_56_playerPerid,props_pageProps_match_team1_playerHistories_56_role,props_pageProps_match_team1_playerHistories_56_tournamentUrn,props_pageProps_match_team1_playerHistories_57___typename,props_pageProps_match_team1_playerHistories_57_playerDetails___typename,props_pageProps_match_team1_playerHistories_57_playerDetails_factorId,props_pageProps_match_team1_playerHistories_57_playerDetails_fullName,props_pageProps_match_team1_playerHistories_57_playerDetails_headshotUrl,props_pageProps_match_team1_playerHistories_57_playerDetails_name,props_pageProps_match_team1_playerHistories_57_playerDetails_perid,props_pageProps_match_team1_playerHistories_57_playerPerid,props_pageProps_match_team1_playerHistories_57_role,props_pageProps_match_team1_playerHistories_57_tournamentUrn,props_pageProps_match_team1_playerHistories_58___typename,props_pageProps_match_team1_playerHistories_58_playerDetails___typename,props_pageProps_match_team1_playerHistories_58_playerDetails_factorId,props_pageProps_match_team1_playerHistories_58_playerDetails_fullName,props_pageProps_match_team1_playerHistories_58_playerDetails_headshotUrl,props_pageProps_match_team1_playerHistories_58_playerDetails_name,props_pageProps_match_team1_playerHistories_58_playerDetails_perid,props_pageProps_match_team1_playerHistories_58_playerPerid,props_pageProps_match_team1_playerHistories_58_role,props_pageProps_match_team1_playerHistories_58_tournamentUrn,props_pageProps_match_team1_playerHistories_59___typename,props_pageProps_match_team1_playerHistories_59_playerDetails___typename,props_pageProps_match_team1_playerHistories_59_playerDetails_factorId,props_pageProps_match_team1_playerHistories_59_playerDetails_fullName,props_pageProps_match_team1_playerHistories_59_playerDetails_headshotUrl,props_pageProps_match_team1_playerHistories_59_playerDetails_name,props_pageProps_match_team1_playerHistories_59_playerDetails_perid,props_pageProps_match_team1_playerHistories_59_playerPerid,props_pageProps_match_team1_playerHistories_59_role,props_pageProps_match_team1_playerHistories_59_tournamentUrn,props_pageProps_match_team1_playerHistories_60___typename,props_pageProps_match_team1_playerHistories_60_playerDetails___typename,props_pageProps_match_team1_playerHistories_60_playerDetails_factorId,props_pageProps_match_team1_playerHistories_60_playerDetails_fullName,props_pageProps_match_team1_playerHistories_60_playerDetails_headshotUrl,props_pageProps_match_team1_playerHistories_60_playerDetails_name,props_pageProps_match_team1_playerHistories_60_playerDetails_perid,props_pageProps_match_team1_playerHistories_60_playerPerid,props_pageProps_match_team1_playerHistories_60_role,props_pageProps_match_team1_playerHistories_60_tournamentUrn,props_pageProps_match_team1_playerHistories_61___typename,props_pageProps_match_team1_playerHistories_61_playerDetails___typename,props_pageProps_match_team1_playerHistories_61_playerDetails_factorId,props_pageProps_match_team1_playerHistories_61_playerDetails_fullName,props_pageProps_match_team1_playerHistories_61_playerDetails_headshotUrl,props_pageProps_match_team1_playerHistories_61_playerDetails_name,props_pageProps_match_team1_playerHistories_61_playerDetails_perid,props_pageProps_match_team1_playerHistories_61_playerPerid,props_pageProps_match_team1_playerHistories_61_role,props_pageProps_match_team1_playerHistories_61_tournamentUrn,props_pageProps_match_team1_playerHistories_62___typename,props_pageProps_match_team1_playerHistories_62_playerDetails___typename,props_pageProps_match_team1_playerHistories_62_playerDetails_factorId,props_pageProps_match_team1_playerHistories_62_playerDetails_fullName,props_pageProps_match_team1_playerHistories_62_playerDetails_headshotUrl,props_pageProps_match_team1_playerHistories_62_playerDetails_name,props_pageProps_match_team1_playerHistories_62_playerDetails_perid,props_pageProps_match_team1_playerHistories_62_playerPerid,props_pageProps_match_team1_playerHistories_62_role,props_pageProps_match_team1_playerHistories_62_tournamentUrn,props_pageProps_match_team1_playerHistories_63___typename,props_pageProps_match_team1_playerHistories_63_playerDetails___typename,props_pageProps_match_team1_playerHistories_63_playerDetails_factorId,props_pageProps_match_team1_playerHistories_63_playerDetails_fullName,props_pageProps_match_team1_playerHistories_63_playerDetails_headshotUrl,props_pageProps_match_team1_playerHistories_63_playerDetails_name,props_pageProps_match_team1_playerHistories_63_playerDetails_perid,props_pageProps_match_team1_playerHistories_63_playerPerid,props_pageProps_match_team1_playerHistories_63_role,props_pageProps_match_team1_playerHistories_63_tournamentUrn,props_pageProps_match_team1_playerHistories_64___typename,props_pageProps_match_team1_playerHistories_64_playerDetails,props_pageProps_match_team1_playerHistories_64_playerPerid,props_pageProps_match_team1_playerHistories_64_role,props_pageProps_match_team1_playerHistories_64_tournamentUrn,props_pageProps_match_team1_playerHistories_65___typename,props_pageProps_match_team1_playerHistories_65_playerDetails,props_pageProps_match_team1_playerHistories_65_playerPerid,props_pageProps_match_team1_playerHistories_65_role,props_pageProps_match_team1_playerHistories_65_tournamentUrn,props_pageProps_match_team1_playerHistories_66___typename,props_pageProps_match_team1_playerHistories_66_playerDetails___typename,props_pageProps_match_team1_playerHistories_66_playerDetails_factorId,props_pageProps_match_team1_playerHistories_66_playerDetails_fullName,props_pageProps_match_team1_playerHistories_66_playerDetails_headshotUrl,props_pageProps_match_team1_playerHistories_66_playerDetails_name,props_pageProps_match_team1_playerHistories_66_playerDetails_perid,props_pageProps_match_team1_playerHistories_66_playerPerid,props_pageProps_match_team1_playerHistories_66_role,props_pageProps_match_team1_playerHistories_66_tournamentUrn,props_pageProps_match_team1_playerHistories_67___typename,props_pageProps_match_team1_playerHistories_67_playerDetails___typename,props_pageProps_match_team1_playerHistories_67_playerDetails_factorId,props_pageProps_match_team1_playerHistories_67_playerDetails_fullName,props_pageProps_match_team1_playerHistories_67_playerDetails_headshotUrl,props_pageProps_match_team1_playerHistories_67_playerDetails_name,props_pageProps_match_team1_playerHistories_67_playerDetails_perid,props_pageProps_match_team1_playerHistories_67_playerPerid,props_pageProps_match_team1_playerHistories_67_role,props_pageProps_match_team1_playerHistories_67_tournamentUrn,props_pageProps_match_team1_playerHistories_68___typename,props_pageProps_match_team1_playerHistories_68_playerDetails___typename,props_pageProps_match_team1_playerHistories_68_playerDetails_factorId,props_pageProps_match_team1_playerHistories_68_playerDetails_fullName,props_pageProps_match_team1_playerHistories_68_playerDetails_headshotUrl,props_pageProps_match_team1_playerHistories_68_playerDetails_name,props_pageProps_match_team1_playerHistories_68_playerDetails_perid,props_pageProps_match_team1_playerHistories_68_playerPerid,props_pageProps_match_team1_playerHistories_68_role,props_pageProps_match_team1_playerHistories_68_tournamentUrn,props_pageProps_match_team1_playerHistories_69___typename,props_pageProps_match_team1_playerHistories_69_playerDetails,props_pageProps_match_team1_playerHistories_69_playerPerid,props_pageProps_match_team1_playerHistories_69_role,props_pageProps_match_team1_playerHistories_69_tournamentUrn,props_pageProps_match_team1_playerHistories_70___typename,props_pageProps_match_team1_playerHistories_70_playerDetails,props_pageProps_match_team1_playerHistories_70_playerPerid,props_pageProps_match_team1_playerHistories_70_role,props_pageProps_match_team1_playerHistories_70_tournamentUrn,props_pageProps_match_team1_powrRanking___typename,props_pageProps_match_team1_powrRanking_gameRecord,props_pageProps_match_team1_powrRanking_gamesPlayed,props_pageProps_match_team1_powrRanking_prevRanking,props_pageProps_match_team1_powrRanking_rank,props_pageProps_match_team1_powrRanking_ranking,props_pageProps_match_team1_powrRanking_team,props_pageProps_match_team1_powrRanking_teamPerid,props_pageProps_match_team1_teamLogo___typename,props_pageProps_match_team1_teamLogo_darkFlip,props_pageProps_match_team1_teamLogo_darkShadow,props_pageProps_match_team1_teamLogo_logoUrl,props_pageProps_match_team1_teamUrn,props_pageProps_match_team1_tournaments_0___typename,props_pageProps_match_team1_tournaments_0_series___typename,props_pageProps_match_team1_tournaments_0_series_seriesName,props_pageProps_match_team1_tournaments_0_series_seriesUrn,props_pageProps_match_team1_tournaments_0_tournamentUrn,props_pageProps_match_team1_tournaments_1___typename,props_pageProps_match_team1_tournaments_1_series___typename,props_pageProps_match_team1_tournaments_1_series_seriesName,props_pageProps_match_team1_tournaments_1_series_seriesUrn,props_pageProps_match_team1_tournaments_1_tournamentUrn,props_pageProps_match_team1_tournaments_2___typename,props_pageProps_match_team1_tournaments_2_series___typename,props_pageProps_match_team1_tournaments_2_series_seriesName,props_pageProps_match_team1_tournaments_2_series_seriesUrn,props_pageProps_match_team1_tournaments_2_tournamentUrn,props_pageProps_match_team2___typename,props_pageProps_match_team2_abbreviation,props_pageProps_match_team2_factorId,props_pageProps_match_team2_fullName,props_pageProps_match_team2_playerHistories_0___typename,props_pageProps_match_team2_playerHistories_0_playerDetails___typename,props_pageProps_match_team2_playerHistories_0_playerDetails_factorId,props_pageProps_match_team2_playerHistories_0_playerDetails_fullName,props_pageProps_match_team2_playerHistories_0_playerDetails_headshotUrl,props_pageProps_match_team2_playerHistories_0_playerDetails_name,props_pageProps_match_team2_playerHistories_0_playerDetails_perid,props_pageProps_match_team2_playerHistories_0_playerPerid,props_pageProps_match_team2_playerHistories_0_role,props_pageProps_match_team2_playerHistories_0_tournamentUrn,props_pageProps_match_team2_playerHistories_1___typename,props_pageProps_match_team2_playerHistories_1_playerDetails___typename,props_pageProps_match_team2_playerHistories_1_playerDetails_factorId,props_pageProps_match_team2_playerHistories_1_playerDetails_fullName,props_pageProps_match_team2_playerHistories_1_playerDetails_headshotUrl,props_pageProps_match_team2_playerHistories_1_playerDetails_name,props_pageProps_match_team2_playerHistories_1_playerDetails_perid,props_pageProps_match_team2_playerHistories_1_playerPerid,props_pageProps_match_team2_playerHistories_1_role,props_pageProps_match_team2_playerHistories_1_tournamentUrn,props_pageProps_match_team2_playerHistories_2___typename,props_pageProps_match_team2_playerHistories_2_playerDetails___typename,props_pageProps_match_team2_playerHistories_2_playerDetails_factorId,props_pageProps_match_team2_playerHistories_2_playerDetails_fullName,props_pageProps_match_team2_playerHistories_2_playerDetails_headshotUrl,props_pageProps_match_team2_playerHistories_2_playerDetails_name,props_pageProps_match_team2_playerHistories_2_playerDetails_perid,props_pageProps_match_team2_playerHistories_2_playerPerid,props_pageProps_match_team2_playerHistories_2_role,props_pageProps_match_team2_playerHistories_2_tournamentUrn,props_pageProps_match_team2_playerHistories_3___typename,props_pageProps_match_team2_playerHistories_3_playerDetails___typename,props_pageProps_match_team2_playerHistories_3_playerDetails_factorId,props_pageProps_match_team2_playerHistories_3_playerDetails_fullName,props_pageProps_match_team2_playerHistories_3_playerDetails_headshotUrl,props_pageProps_match_team2_playerHistories_3_playerDetails_name,props_pageProps_match_team2_playerHistories_3_playerDetails_perid,props_pageProps_match_team2_playerHistories_3_playerPerid,props_pageProps_match_team2_playerHistories_3_role,props_pageProps_match_team2_playerHistories_3_tournamentUrn,props_pageProps_match_team2_playerHistories_4___typename,props_pageProps_match_team2_playerHistories_4_playerDetails___typename,props_pageProps_match_team2_playerHistories_4_playerDetails_factorId,props_pageProps_match_team2_playerHistories_4_playerDetails_fullName,props_pageProps_match_team2_playerHistories_4_playerDetails_headshotUrl,props_pageProps_match_team2_playerHistories_4_playerDetails_name,props_pageProps_match_team2_playerHistories_4_playerDetails_perid,props_pageProps_match_team2_playerHistories_4_playerPerid,props_pageProps_match_team2_playerHistories_4_role,props_pageProps_match_team2_playerHistories_4_tournamentUrn,props_pageProps_match_team2_playerHistories_5___typename,props_pageProps_match_team2_playerHistories_5_playerDetails___typename,props_pageProps_match_team2_playerHistories_5_playerDetails_factorId,props_pageProps_match_team2_playerHistories_5_playerDetails_fullName,props_pageProps_match_team2_playerHistories_5_playerDetails_headshotUrl,props_pageProps_match_team2_playerHistories_5_playerDetails_name,props_pageProps_match_team2_playerHistories_5_playerDetails_perid,props_pageProps_match_team2_playerHistories_5_playerPerid,props_pageProps_match_team2_playerHistories_5_role,props_pageProps_match_team2_playerHistories_5_tournamentUrn,props_pageProps_match_team2_playerHistories_6___typename,props_pageProps_match_team2_playerHistories_6_playerDetails___typename,props_pageProps_match_team2_playerHistories_6_playerDetails_factorId,props_pageProps_match_team2_playerHistories_6_playerDetails_fullName,props_pageProps_match_team2_playerHistories_6_playerDetails_headshotUrl,props_pageProps_match_team2_playerHistories_6_playerDetails_name,props_pageProps_match_team2_playerHistories_6_playerDetails_perid,props_pageProps_match_team2_playerHistories_6_playerPerid,props_pageProps_match_team2_playerHistories_6_role,props_pageProps_match_team2_playerHistories_6_tournamentUrn,props_pageProps_match_team2_playerHistories_7___typename,props_pageProps_match_team2_playerHistories_7_playerDetails___typename,props_pageProps_match_team2_playerHistories_7_playerDetails_factorId,props_pageProps_match_team2_playerHistories_7_playerDetails_fullName,props_pageProps_match_team2_playerHistories_7_playerDetails_headshotUrl,props_pageProps_match_team2_playerHistories_7_playerDetails_name,props_pageProps_match_team2_playerHistories_7_playerDetails_perid,props_pageProps_match_team2_playerHistories_7_playerPerid,props_pageProps_match_team2_playerHistories_7_role,props_pageProps_match_team2_playerHistories_7_tournamentUrn,props_pageProps_match_team2_playerHistories_8___typename,props_pageProps_match_team2_playerHistories_8_playerDetails___typename,props_pageProps_match_team2_playerHistories_8_playerDetails_factorId,props_pageProps_match_team2_playerHistories_8_playerDetails_fullName,props_pageProps_match_team2_playerHistories_8_playerDetails_headshotUrl,props_pageProps_match_team2_playerHistories_8_playerDetails_name,props_pageProps_match_team2_playerHistories_8_playerDetails_perid,props_pageProps_match_team2_playerHistories_8_playerPerid,props_pageProps_match_team2_playerHistories_8_role,props_pageProps_match_team2_playerHistories_8_tournamentUrn,props_pageProps_match_team2_playerHistories_9___typename,props_pageProps_match_team2_playerHistories_9_playerDetails___typename,props_pageProps_match_team2_playerHistories_9_playerDetails_factorId,props_pageProps_match_team2_playerHistories_9_playerDetails_fullName,props_pageProps_match_team2_playerHistories_9_playerDetails_headshotUrl,props_pageProps_match_team2_playerHistories_9_playerDetails_name,props_pageProps_match_team2_playerHistories_9_playerDetails_perid,props_pageProps_match_team2_playerHistories_9_playerPerid,props_pageProps_match_team2_playerHistories_9_role,props_pageProps_match_team2_playerHistories_9_tournamentUrn,props_pageProps_match_team2_playerHistories_10___typename,props_pageProps_match_team2_playerHistories_10_playerDetails___typename,props_pageProps_match_team2_playerHistories_10_playerDetails_factorId,props_pageProps_match_team2_playerHistories_10_playerDetails_fullName,props_pageProps_match_team2_playerHistories_10_playerDetails_headshotUrl,props_pageProps_match_team2_playerHistories_10_playerDetails_name,props_pageProps_match_team2_playerHistories_10_playerDetails_perid,props_pageProps_match_team2_playerHistories_10_playerPerid,props_pageProps_match_team2_playerHistories_10_role,props_pageProps_match_team2_playerHistories_10_tournamentUrn,props_pageProps_match_team2_playerHistories_11___typename,props_pageProps_match_team2_playerHistories_11_playerDetails___typename,props_pageProps_match_team2_playerHistories_11_playerDetails_factorId,props_pageProps_match_team2_playerHistories_11_playerDetails_fullName,props_pageProps_match_team2_playerHistories_11_playerDetails_headshotUrl,props_pageProps_match_team2_playerHistories_11_playerDetails_name,props_pageProps_match_team2_playerHistories_11_playerDetails_perid,props_pageProps_match_team2_playerHistories_11_playerPerid,props_pageProps_match_team2_playerHistories_11_role,props_pageProps_match_team2_playerHistories_11_tournamentUrn,props_pageProps_match_team2_playerHistories_12___typename,props_pageProps_match_team2_playerHistories_12_playerDetails___typename,props_pageProps_match_team2_playerHistories_12_playerDetails_factorId,props_pageProps_match_team2_playerHistories_12_playerDetails_fullName,props_pageProps_match_team2_playerHistories_12_playerDetails_headshotUrl,props_pageProps_match_team2_playerHistories_12_playerDetails_name,props_pageProps_match_team2_playerHistories_12_playerDetails_perid,props_pageProps_match_team2_playerHistories_12_playerPerid,props_pageProps_match_team2_playerHistories_12_role,props_pageProps_match_team2_playerHistories_12_tournamentUrn,props_pageProps_match_team2_playerHistories_13___typename,props_pageProps_match_team2_playerHistories_13_playerDetails___typename,props_pageProps_match_team2_playerHistories_13_playerDetails_factorId,props_pageProps_match_team2_playerHistories_13_playerDetails_fullName,props_pageProps_match_team2_playerHistories_13_playerDetails_headshotUrl,props_pageProps_match_team2_playerHistories_13_playerDetails_name,props_pageProps_match_team2_playerHistories_13_playerDetails_perid,props_pageProps_match_team2_playerHistories_13_playerPerid,props_pageProps_match_team2_playerHistories_13_role,props_pageProps_match_team2_playerHistories_13_tournamentUrn,props_pageProps_match_team2_playerHistories_14___typename,props_pageProps_match_team2_playerHistories_14_playerDetails___typename,props_pageProps_match_team2_playerHistories_14_playerDetails_factorId,props_pageProps_match_team2_playerHistories_14_playerDetails_fullName,props_pageProps_match_team2_playerHistories_14_playerDetails_headshotUrl,props_pageProps_match_team2_playerHistories_14_playerDetails_name,props_pageProps_match_team2_playerHistories_14_playerDetails_perid,props_pageProps_match_team2_playerHistories_14_playerPerid,props_pageProps_match_team2_playerHistories_14_role,props_pageProps_match_team2_playerHistories_14_tournamentUrn,props_pageProps_match_team2_playerHistories_15___typename,props_pageProps_match_team2_playerHistories_15_playerDetails___typename,props_pageProps_match_team2_playerHistories_15_playerDetails_factorId,props_pageProps_match_team2_playerHistories_15_playerDetails_fullName,props_pageProps_match_team2_playerHistories_15_playerDetails_headshotUrl,props_pageProps_match_team2_playerHistories_15_playerDetails_name,props_pageProps_match_team2_playerHistories_15_playerDetails_perid,props_pageProps_match_team2_playerHistories_15_playerPerid,props_pageProps_match_team2_playerHistories_15_role,props_pageProps_match_team2_playerHistories_15_tournamentUrn,props_pageProps_match_team2_playerHistories_16___typename,props_pageProps_match_team2_playerHistories_16_playerDetails___typename,props_pageProps_match_team2_playerHistories_16_playerDetails_factorId,props_pageProps_match_team2_playerHistories_16_playerDetails_fullName,props_pageProps_match_team2_playerHistories_16_playerDetails_headshotUrl,props_pageProps_match_team2_playerHistories_16_playerDetails_name,props_pageProps_match_team2_playerHistories_16_playerDetails_perid,props_pageProps_match_team2_playerHistories_16_playerPerid,props_pageProps_match_team2_playerHistories_16_role,props_pageProps_match_team2_playerHistories_16_tournamentUrn,props_pageProps_match_team2_playerHistories_17___typename,props_pageProps_match_team2_playerHistories_17_playerDetails___typename,props_pageProps_match_team2_playerHistories_17_playerDetails_factorId,props_pageProps_match_team2_playerHistories_17_playerDetails_fullName,props_pageProps_match_team2_playerHistories_17_playerDetails_headshotUrl,props_pageProps_match_team2_playerHistories_17_playerDetails_name,props_pageProps_match_team2_playerHistories_17_playerDetails_perid,props_pageProps_match_team2_playerHistories_17_playerPerid,props_pageProps_match_team2_playerHistories_17_role,props_pageProps_match_team2_playerHistories_17_tournamentUrn,props_pageProps_match_team2_playerHistories_18___typename,props_pageProps_match_team2_playerHistories_18_playerDetails___typename,props_pageProps_match_team2_playerHistories_18_playerDetails_factorId,props_pageProps_match_team2_playerHistories_18_playerDetails_fullName,props_pageProps_match_team2_playerHistories_18_playerDetails_headshotUrl,props_pageProps_match_team2_playerHistories_18_playerDetails_name,props_pageProps_match_team2_playerHistories_18_playerDetails_perid,props_pageProps_match_team2_playerHistories_18_playerPerid,props_pageProps_match_team2_playerHistories_18_role,props_pageProps_match_team2_playerHistories_18_tournamentUrn,props_pageProps_match_team2_playerHistories_19___typename,props_pageProps_match_team2_playerHistories_19_playerDetails___typename,props_pageProps_match_team2_playerHistories_19_playerDetails_factorId,props_pageProps_match_team2_playerHistories_19_playerDetails_fullName,props_pageProps_match_team2_playerHistories_19_playerDetails_headshotUrl,props_pageProps_match_team2_playerHistories_19_playerDetails_name,props_pageProps_match_team2_playerHistories_19_playerDetails_perid,props_pageProps_match_team2_playerHistories_19_playerPerid,props_pageProps_match_team2_playerHistories_19_role,props_pageProps_match_team2_playerHistories_19_tournamentUrn,props_pageProps_match_team2_powrRanking___typename,props_pageProps_match_team2_powrRanking_gameRecord,props_pageProps_match_team2_powrRanking_gamesPlayed,props_pageProps_match_team2_powrRanking_prevRanking,props_pageProps_match_team2_powrRanking_rank,props_pageProps_match_team2_powrRanking_ranking,props_pageProps_match_team2_powrRanking_team,props_pageProps_match_team2_powrRanking_teamPerid,props_pageProps_match_team2_roster_0___typename,props_pageProps_match_team2_roster_0_playerDetails___typename,props_pageProps_match_team2_roster_0_playerDetails_factorId,props_pageProps_match_team2_roster_0_playerDetails_fullName,props_pageProps_match_team2_roster_0_playerDetails_headshotUrl,props_pageProps_match_team2_roster_0_playerDetails_name,props_pageProps_match_team2_roster_0_playerDetails_perid,props_pageProps_match_team2_roster_0_playerName,props_pageProps_match_team2_roster_0_playerPerid,props_pageProps_match_team2_roster_0_role,props_pageProps_match_team2_roster_1___typename,props_pageProps_match_team2_roster_1_playerDetails___typename,props_pageProps_match_team2_roster_1_playerDetails_factorId,props_pageProps_match_team2_roster_1_playerDetails_fullName,props_pageProps_match_team2_roster_1_playerDetails_headshotUrl,props_pageProps_match_team2_roster_1_playerDetails_name,props_pageProps_match_team2_roster_1_playerDetails_perid,props_pageProps_match_team2_roster_1_playerName,props_pageProps_match_team2_roster_1_playerPerid,props_pageProps_match_team2_roster_1_role,props_pageProps_match_team2_roster_2___typename,props_pageProps_match_team2_roster_2_playerDetails___typename,props_pageProps_match_team2_roster_2_playerDetails_factorId,props_pageProps_match_team2_roster_2_playerDetails_fullName,props_pageProps_match_team2_roster_2_playerDetails_headshotUrl,props_pageProps_match_team2_roster_2_playerDetails_name,props_pageProps_match_team2_roster_2_playerDetails_perid,props_pageProps_match_team2_roster_2_playerName,props_pageProps_match_team2_roster_2_playerPerid,props_pageProps_match_team2_roster_2_role,props_pageProps_match_team2_roster_3___typename,props_pageProps_match_team2_roster_3_playerDetails___typename,props_pageProps_match_team2_roster_3_playerDetails_factorId,props_pageProps_match_team2_roster_3_playerDetails_fullName,props_pageProps_match_team2_roster_3_playerDetails_headshotUrl,props_pageProps_match_team2_roster_3_playerDetails_name,props_pageProps_match_team2_roster_3_playerDetails_perid,props_pageProps_match_team2_roster_3_playerName,props_pageProps_match_team2_roster_3_playerPerid,props_pageProps_match_team2_roster_3_role,props_pageProps_match_team2_roster_4___typename,props_pageProps_match_team2_roster_4_playerDetails___typename,props_pageProps_match_team2_roster_4_playerDetails_factorId,props_pageProps_match_team2_roster_4_playerDetails_fullName,props_pageProps_match_team2_roster_4_playerDetails_headshotUrl,props_pageProps_match_team2_roster_4_playerDetails_name,props_pageProps_match_team2_roster_4_playerDetails_perid,props_pageProps_match_team2_roster_4_playerName,props_pageProps_match_team2_roster_4_playerPerid,props_pageProps_match_team2_roster_4_role,props_pageProps_match_team2_roster_5___typename,props_pageProps_match_team2_roster_5_playerDetails___typename,props_pageProps_match_team2_roster_5_playerDetails_factorId,props_pageProps_match_team2_roster_5_playerDetails_fullName,props_pageProps_match_team2_roster_5_playerDetails_headshotUrl,props_pageProps_match_team2_roster_5_playerDetails_name,props_pageProps_match_team2_roster_5_playerDetails_perid,props_pageProps_match_team2_roster_5_playerName,props_pageProps_match_team2_roster_5_playerPerid,props_pageProps_match_team2_roster_5_role,props_pageProps_match_team2_teamLogo___typename,props_pageProps_match_team2_teamLogo_darkFlip,props_pageProps_match_team2_teamLogo_darkShadow,props_pageProps_match_team2_teamLogo_logoUrl,props_pageProps_match_team2_teamUrn,props_pageProps_match_team2_tournaments_0___typename,props_pageProps_match_team2_tournaments_0_series___typename,props_pageProps_match_team2_tournaments_0_series_seriesName,props_pageProps_match_team2_tournaments_0_series_seriesUrn,props_pageProps_match_team2_tournaments_0_tournamentUrn,props_pageProps_match_team2_tournaments_1___typename,props_pageProps_match_team2_tournaments_1_series___typename,props_pageProps_match_team2_tournaments_1_series_seriesName,props_pageProps_match_team2_tournaments_1_series_seriesUrn,props_pageProps_match_team2_tournaments_1_tournamentUrn,props_pageProps_match_team2_tournaments_2___typename,props_pageProps_match_team2_tournaments_2_series___typename,props_pageProps_match_team2_tournaments_2_series_seriesName,props_pageProps_match_team2_tournaments_2_series_seriesUrn,props_pageProps_match_team2_tournaments_2_tournamentUrn,query_slug_0,query_slug_1,query_slug_2,query_slug_3,runtimeConfig_nextPlausiblePublicProxyOptions_trailingSlash
0,6OFInEo8nbJET_ZWLU1dD,88147,98925,43290,79535,72475,True,False,/match/[...slug],True,False,Match,8644606,GameSummary,Seraphine,Annie,Gragas,Fiora,Irelia,Ashe,JarvanIV,Sivir,Sion,Ahri,38.732883333333334,ComputedGameGold,139,0,esports:team:ffc7eb3e-7fc1-48ef-8b28-7d3067c21ef0,2500,esports:team:a3190799-579b-4611-b623-dfd31da1d2e1,2500,ComputedGameGold,5028,0,esports:team:ffc7eb3e-7fc1-48ef-8b28-7d3067c21ef0,2500,esports:team:a3190799-579b-4611-b623-dfd31da1d2e1,2500,ComputedGameGold,9974,0,esports:team:ffc7eb3e-7fc1-48ef-8b28-7d3067c21ef0,2500,esports:team:a3190799-579b-4611-b623-dfd31da1d2e1,2500,ComputedGameGold,22191,0,esports:team:ffc7eb3e-7fc1-48ef-8b28-7d3067c21ef0,2500,esports:team:a3190799-579b-4611-b623-dfd31da1d2e1,2500,ComputedGameGold,37027,0,esports:team:ffc7eb3e-7fc1-48ef-8b28-7d3067c21ef0,2500,esports:team:a3190799-579b-4611-b623-dfd31da1d2e1,2500,ComputedGameGold,58009,0,esports:team:ffc7eb3e-7fc1-48ef-8b28-7d3067c21ef0,2500,esports:team:a3190799-579b-4611-b623-dfd31da1d2e1,2500,ComputedGameGold,74072,60,esports:team:ffc7eb3e-7fc1-48ef-8b28-7d3067c21ef0,2560,esports:team:a3190799-579b-4611-b623-dfd31da1d2e1,2500,ComputedGameGold,82300,570,esports:team:ffc7eb3e-7fc1-48ef-8b28-7d3067c21ef0,3080,esports:team:a3190799-579b-4611-b623-dfd31da1d2e1,2510,ComputedGameGold,90042,570,esports:team:ffc7eb3e-7fc1-48ef-8b28-7d3067c21ef0,3080,esports:team:a3190799-579b-4611-b623-dfd31da1d2e1,2510,ComputedGameGold,101033,610,esports:team:ffc7eb3e-7fc1-48ef-8b28-7d3067c21ef0,3140,esports:team:a3190799-579b-4611-b623-dfd31da1d2e1,2530,ComputedGameGold,110018,613,esports:team:ffc7eb3e-7fc1-48ef-8b28-7d3067c21ef0,3261,esports:team:a3190799-579b-4611-b623-dfd31da1d2e1,2648,ComputedGameGold,120038,633,esports:team:ffc7eb3e-7fc1-48ef-8b28-7d3067c21ef0,3472,esports:team:a3190799-579b-4611-b623-dfd31da1d2e1,2839,ComputedGameGold,130102,646,esports:team:ffc7eb3e-7fc1-48ef-8b28-7d3067c21ef0,3655,esports:team:a3190799-579b-4611-b623-dfd31da1d2e1,3009,ComputedGameGold,137011,636,esports:team:ffc7eb3e-7fc1-48ef-8b28-7d3067c21ef0,3835,esports:team:a3190799-579b-4611-b623-dfd31da1d2e1,3199,ComputedGameGold,146063,617,esports:team:ffc7eb3e-7fc1-48ef-8b28-7d3067c21ef0,3996,esports:team:a3190799-579b-4611-b623-dfd31da1d2e1,3379,ComputedGameGold,153434,649,esports:team:ffc7eb3e-7fc1-48ef-8b28-7d3067c21ef0,4206,esports:team:a3190799-579b-4611-b623-dfd31da1d2e1,3557,ComputedGameGold,163187,713,esports:team:ffc7eb3e-7fc1-48ef-8b28-7d3067c21ef0,4450,esports:team:a3190799-579b-4611-b623-dfd31da1d2e1,3737,ComputedGameGold,171636,746,esports:team:ffc7eb3e-7fc1-48ef-8b28-7d3067c21ef0,4671,esports:team:a3190799-579b-4611-b623-dfd31da1d2e1,3925,ComputedGameGold,178370,774,esports:team:ffc7eb3e-7fc1-48ef-8b28-7d3067c21ef0,4866,esports:team:a3190799-579b-4611-b623-dfd31da1d2e1,4092,ComputedGameGold,183006,725,esports:team:ffc7eb3e-7fc1-48ef-8b28-7d3067c21ef0,5016,esports:team:a3190799-579b-4611-b623-dfd31da1d2e1,4291,ComputedGameGold,190846,900,esports:team:ffc7eb3e-7fc1-48ef-8b28-7d3067c21ef0,5667,esports:team:a3190799-579b-4611-b623-dfd31da1d2e1,4767,ComputedGameGold,197920,919,esports:team:ffc7eb3e-7fc1-48ef-8b28-7d3067c21ef0,5838,esports:team:a3190799-579b-4611-b623-dfd31da1d2e1,4919,ComputedGameGold,204365,793,esports:team:ffc7eb3e-7fc1-48ef-8b28-7d3067c21ef0,5957,esports:team:a3190799-579b-4611-b623-dfd31da1d2e1,5164,ComputedGameGold,210032,792,esports:team:ffc7eb3e-7fc1-48ef-8b28-7d3067c21ef0,6021,esports:team:a3190799-579b-4611-b623-dfd31da1d2e1,5229,ComputedGameGold,217545,793,esports:team:ffc7eb3e-7fc1-48ef-8b28-7d3067c21ef0,6094,esports:team:a3190799-579b-4611-b623-dfd31da1d2e1,5301,ComputedGameGold,222320,779,esports:team:ffc7eb3e-7fc1-48ef-8b28-7d3067c21ef0,6293,esports:team:a3190799-579b-4611-b623-dfd31da1d2e1,5514,ComputedGameGold,231002,626,esports:team:ffc7eb3e-7fc1-48ef-8b28-7d3067c21ef0,6427,esports:team:a3190799-579b-4611-b623-dfd31da1d2e1,5801,ComputedGameGold,239800,641,esports:team:ffc7eb3e-7fc1-48ef-8b28-7d3067c21ef0,6622,esports:team:a3190799-579b-4611-b623-dfd31da1d2e1,5981,ComputedGameGold,247020,820,esports:team:ffc7eb3e-7fc1-48ef-8b28-7d3067c21ef0,6918,esports:team:a3190799-579b-4611-b623-dfd31da1d2e1,6098,ComputedGameGold,255013,816,esports:team:ffc7eb3e-7fc1-48ef-8b28-7d3067c21ef0,7086,esports:team:a3190799-579b-4611-b623-dfd31da1d2e1,6270,ComputedGameGold,262018,816,esports:team:ffc7eb3e-7fc1-48ef-8b28-7d3067c21ef0,7234,esports:team:a3190799-579b-4611-b623-dfd31da1d2e1,6418,ComputedGameGold,268092,876,esports:team:ffc7eb3e-7fc1-48ef-8b28-7d3067c21ef0,7437,esports:team:a3190799-579b-4611-b623-dfd31da1d2e1,6561,ComputedGameGold,273003,766,esports:team:ffc7eb3e-7fc1-48ef-8b28-7d3067c21ef0,7478,esports:team:a3190799-579b-4611-b623-dfd31da1d2e1,6712,ComputedGameGold,280885,878,esports:team:ffc7eb3e-7fc1-48ef-8b28-7d3067c21ef0,7759,esports:team:a3190799-579b-4611-b623-dfd31da1d2e1,6881,ComputedGameGold,291030,922,esports:team:ffc7eb3e-7fc1-48ef-8b28-7d3067c21ef0,8041,esports:team:a3190799-579b-4611-b623-dfd31da1d2e1,7119,ComputedGameGold,299133,954,esports:team:ffc7eb3e-7fc1-48ef-8b28-7d3067c21ef0,8219,esports:team:a3190799-579b-4611-b623-dfd31da1d2e1,7265,ComputedGameGold,307506,1100,esports:team:ffc7eb3e-7fc1-48ef-8b28-7d3067c21ef0,8489,esports:team:a3190799-579b-4611-b623-dfd31da1d2e1,7389,ComputedGameGold,314828,1133,esports:team:ffc7eb3e-7fc1-48ef-8b28-7d3067c21ef0,8719,esports:team:a3190799-579b-4611-b623-dfd31da1d2e1,7586,ComputedGameGold,320773,1151,esports:team:ffc7eb3e-7fc1-48ef-8b28-7d3067c21ef0,9049,esports:team:a3190799-579b-4611-b623-dfd31da1d2e1,7898,ComputedGameGold,329226,1131,esports:team:ffc7eb3e-7fc1-48ef-8b28-7d3067c21ef0,9239,esports:team:a3190799-579b-4611-b623-dfd31da1d2e1,8108,ComputedGameGold,339019,1150,esports:team:ffc7eb3e-7fc1-48ef-8b28-7d3067c21ef0,9425,esports:team:a3190799-579b-4611-b623-dfd31da1d2e1,8275,ComputedGameGold,347330,1148,esports:team:ffc7eb3e-7fc1-48ef-8b28-7d3067c21ef0,9540,esports:team:a3190799-579b-4611-b623-dfd31da1d2e1,8392,ComputedGameGold,356462,1021,esports:team:ffc7eb3e-7fc1-48ef-8b28-7d3067c21ef0,9785,esports:team:a3190799-579b-4611-b623-dfd31da1d2e1,8764,ComputedGameGold,365484,1056,esports:team:ffc7eb3e-7fc1-48ef-8b28-7d3067c21ef0,10008,esports:team:a3190799-579b-4611-b623-dfd31da1d2e1,8952,ComputedGameGold,376024,944,esports:team:ffc7eb3e-7fc1-48ef-8b28-7d3067c21ef0,10238,esports:team:a3190799-579b-4611-b623-dfd31da1d2e1,9294,ComputedGameGold,387402,886,esports:team:ffc7eb3e-7fc1-48ef-8b28-7d3067c21ef0,10481,esports:team:a3190799-579b-4611-b623-dfd31da1d2e1,9595,ComputedGameGold,394193,878,esports:team:ffc7eb3e-7fc1-48ef-8b28-7d3067c21ef0,10601,esports:team:a3190799-579b-4611-b623-dfd31da1d2e1,9723,ComputedGameGold,402244,915,esports:team:ffc7eb3e-7fc1-48ef-8b28-7d3067c21ef0,10816,esports:team:a3190799-579b-4611-b623-dfd31da1d2e1,9901,ComputedGameGold,408757,910,esports:team:ffc7eb3e-7fc1-48ef-8b28-7d3067c21ef0,10918,esports:team:a3190799-579b-4611-b623-dfd31da1d2e1,10008,ComputedGameGold,416040,921,esports:team:ffc7eb3e-7fc1-48ef-8b28-7d3067c21ef0,11132,esports:team:a3190799-579b-4611-b623-dfd31da1d2e1,10211,ComputedGameGold,425014,858,esports:team:ffc7eb3e-7fc1-48ef-8b28-7d3067c21ef0,11357,esports:team:a3190799-579b-4611-b623-dfd31da1d2e1,10499,ComputedGameGold,432250,991,esports:team:ffc7eb3e-7fc1-48ef-8b28-7d3067c21ef0,11631,esports:team:a3190799-579b-4611-b623-dfd31da1d2e1,10640,ComputedGameGold,443297,1063,esports:team:ffc7eb3e-7fc1-48ef-8b28-7d3067c21ef0,11944,esports:team:a3190799-579b-4611-b623-dfd31da1d2e1,10881,ComputedGameGold,448031,940,esports:team:ffc7eb3e-7fc1-48ef-8b28-7d3067c21ef0,12051,esports:team:a3190799-579b-4611-b623-dfd31da1d2e1,11111,ComputedGameGold,451766,931,esports:team:ffc7eb3e-7fc1-48ef-8b28-7d3067c21ef0,12152,esports:team:a3190799-579b-4611-b623-dfd31da1d2e1,11221,ComputedGameGold,457002,957,esports:team:ffc7eb3e-7fc1-48ef-8b28-7d3067c21ef0,12259,esports:team:a3190799-579b-4611-b623-dfd31da1d2e1,11302,ComputedGameGold,464965,576,esports:team:ffc7eb3e-7fc1-48ef-8b28-7d3067c21ef0,12464,esports:team:a3190799-579b-4611-b623-dfd31da1d2e1,11888,ComputedGameGold,473009,587,esports:team:ffc7eb3e-7fc1-48ef-8b28-7d3067c21ef0,12683,esports:team:a3190799-579b-4611-b623-dfd31da1d2e1,12096,ComputedGameGold,481695,654,esports:team:ffc7eb3e-7fc1-48ef-8b28-7d3067c21ef0,12895,esports:team:a3190799-579b-4611-b623-dfd31da1d2e1,12241,ComputedGameGold,487033,663,esports:team:ffc7eb3e-7fc1-48ef-8b28-7d3067c21ef0,13031,esports:team:a3190799-579b-4611-b623-dfd31da1d2e1,12368,ComputedGameGold,497024,643,esports:team:ffc7eb3e-7fc1-48ef-8b28-7d3067c21ef0,13218,esports:team:a3190799-579b-4611-b623-dfd31da1d2e1,12575,ComputedGameGold,505788,803,esports:team:ffc7eb3e-7fc1-48ef-8b28-7d3067c21ef0,13482,esports:team:a3190799-579b-4611-b623-dfd31da1d2e1,12679,ComputedGameGold,513030,512,esports:team:ffc7eb3e-7fc1-48ef-8b28-7d3067c21ef0,13644,esports:team:a3190799-579b-4611-b623-dfd31da1d2e1,13132,ComputedGameGold,521006,257,esports:team:ffc7eb3e-7fc1-48ef-8b28-7d3067c21ef0,13754,esports:team:a3190799-579b-4611-b623-dfd31da1d2e1,13497,ComputedGameGold,527917,208,esports:team:ffc7eb3e-7fc1-48ef-8b28-7d3067c21ef0,13838,esports:team:a3190799-579b-4611-b623-dfd31da1d2e1,13630,ComputedGameGold,535033,208,esports:team:ffc7eb3e-7fc1-48ef-8b28-7d3067c21ef0,14094,esports:team:a3190799-579b-4611-b623-dfd31da1d2e1,13886,ComputedGameGold,543349,250,esports:team:ffc7eb3e-7fc1-48ef-8b28-7d3067c21ef0,14222,esports:team:a3190799-579b-4611-b623-dfd31da1d2e1,13972,ComputedGameGold,550550,187,esports:team:ffc7eb3e-7fc1-48ef-8b28-7d3067c21ef0,14425,esports:team:a3190799-579b-4611-b623-dfd31da1d2e1,14238,ComputedGameGold,558029,295,esports:team:ffc7eb3e-7fc1-48ef-8b28-7d3067c21ef0,14705,esports:team:a3190799-579b-4611-b623-dfd31da1d2e1,14410,ComputedGameGold,565274,247,esports:team:ffc7eb3e-7fc1-48ef-8b28-7d3067c21ef0,14869,esports:team:a3190799-579b-4611-b623-dfd31da1d2e1,14622,ComputedGameGold,569814,345,esports:team:ffc7eb3e-7fc1-48ef-8b28-7d3067c21ef0,15050,esports:team:a3190799-579b-4611-b623-dfd31da1d2e1,14705,ComputedGameGold,577019,409,esports:team:ffc7eb3e-7fc1-48ef-8b28-7d3067c21ef0,15217,esports:team:a3190799-579b-4611-b623-dfd31da1d2e1,14808,ComputedGameGold,584375,469,esports:team:ffc7eb3e-7fc1-48ef-8b28-7d3067c21ef0,15444,esports:team:a3190799-579b-4611-b623-dfd31da1d2e1,14975,ComputedGameGold,592461,467,esports:team:ffc7eb3e-7fc1-48ef-8b28-7d3067c21ef0,15616,esports:team:a3190799-579b-4611-b623-dfd31da1d2e1,15149,ComputedGameGold,601001,330,esports:team:ffc7eb3e-7fc1-48ef-8b28-7d3067c21ef0,15773,esports:team:a3190799-579b-4611-b623-dfd31da1d2e1,15443,ComputedGameGold,610018,348,esports:team:ffc7eb3e-7fc1-48ef-8b28-7d3067c21ef0,15927,esports:team:a3190799-579b-4611-b623-dfd31da1d2e1,15579,ComputedGameGold,615215,312,esports:team:ffc7eb3e-7fc1-48ef-8b28-7d3067c21ef0,16012,esports:team:a3190799-579b-4611-b623-dfd31da1d2e1,15700,ComputedGameGold,623018,631,esports:team:ffc7eb3e-7fc1-48ef-8b28-7d3067c21ef0,16469,esports:team:a3190799-579b-4611-b623-dfd31da1d2e1,15838,ComputedGameGold,632025,910,esports:team:ffc7eb3e-7fc1-48ef-8b28-7d3067c21ef0,16948,esports:team:a3190799-579b-4611-b623-dfd31da1d2e1,16038,ComputedGameGold,639435,710,esports:team:ffc7eb3e-7fc1-48ef-8b28-7d3067c21ef0,17145,esports:team:a3190799-579b-4611-b623-dfd31da1d2e1,16435,ComputedGameGold,647617,598,esports:team:ffc7eb3e-7fc1-48ef-8b28-7d3067c21ef0,17329,esports:team:a3190799-579b-4611-b623-dfd31da1d2e1,16731,ComputedGameGold,655016,709,esports:team:ffc7eb3e-7fc1-48ef-8b28-7d3067c21ef0,17570,esports:team:a3190799-579b-4611-b623-dfd31da1d2e1,16861,ComputedGameGold,664656,696,esports:team:ffc7eb3e-7fc1-48ef-8b28-7d3067c21ef0,17716,esports:team:a3190799-579b-4611-b623-dfd31da1d2e1,17020,ComputedGameGold,671595,567,esports:team:ffc7eb3e-7fc1-48ef-8b28-7d3067c21ef0,17872,esports:team:a3190799-579b-4611-b623-dfd31da1d2e1,17305,ComputedGameGold,675026,198,esports:team:ffc7eb3e-7fc1-48ef-8b28-7d3067c21ef0,17996,esports:team:a3190799-579b-4611-b623-dfd31da1d2e1,17798,ComputedGameGold,683077,194,esports:team:ffc7eb3e-7fc1-48ef-8b28-7d3067c21ef0,18162,esports:team:a3190799-579b-4611-b623-dfd31da1d2e1,17968,ComputedGameGold,687618,198,esports:team:ffc7eb3e-7fc1-48ef-8b28-7d3067c21ef0,18211,esports:team:a3190799-579b-4611-b623-dfd31da1d2e1,18013,ComputedGameGold,692640,236,esports:team:ffc7eb3e-7fc1-48ef-8b28-7d3067c21ef0,18732,esports:team:a3190799-579b-4611-b623-dfd31da1d2e1,18496,ComputedGameGold,701913,256,esports:team:ffc7eb3e-7fc1-48ef-8b28-7d3067c21ef0,18867,esports:team:a3190799-579b-4611-b623-dfd31da1d2e1,18611,ComputedGameGold,710552,215,esports:team:ffc7eb3e-7fc1-48ef-8b28-7d3067c21ef0,18963,esports:team:a3190799-579b-4611-b623-dfd31da1d2e1,18748,ComputedGameGold,716824,241,esports:team:ffc7eb3e-7fc1-48ef-8b28-7d3067c21ef0,19066,esports:team:a3190799-579b-4611-b623-dfd31da1d2e1,18825,ComputedGameGold,723327,157,esports:team:ffc7eb3e-7fc1-48ef-8b28-7d3067c21ef0,19139,esports:team:a3190799-579b-4611-b623-dfd31da1d2e1,18982,ComputedGameGold,727199,291,esports:team:ffc7eb3e-7fc1-48ef-8b28-7d3067c21ef0,19335,esports:team:a3190799-579b-4611-b623-dfd31da1d2e1,19044,ComputedGameGold,733006,331,esports:team:ffc7eb3e-7fc1-48ef-8b28-7d3067c21ef0,19561,esports:team:a3190799-579b-4611-b623-dfd31da1d2e1,19230,ComputedGameGold,743014,284,esports:team:ffc7eb3e-7fc1-48ef-8b28-7d3067c21ef0,19817,esports:team:a3190799-579b-4611-b623-dfd31da1d2e1,19533,ComputedGameGold,750010,374,esports:team:ffc7eb3e-7fc1-48ef-8b28-7d3067c21ef0,20055,esports:team:a3190799-579b-4611-b623-dfd31da1d2e1,19681,ComputedGameGold,753310,274,esports:team:ffc7eb3e-7fc1-48ef-8b28-7d3067c21ef0,20097,esports:team:a3190799-579b-4611-b623-dfd31da1d2e1,19823,ComputedGameGold,759415,334,esports:team:ffc7eb3e-7fc1-48ef-8b28-7d3067c21ef0,20367,esports:team:a3190799-579b-4611-b623-dfd31da1d2e1,20033,ComputedGameGold,767021,-27,esports:team:ffc7eb3e-7fc1-48ef-8b28-7d3067c21ef0,20511,esports:team:a3190799-579b-4611-b623-dfd31da1d2e1,20538,ComputedGameGold,772029,-134,esports:team:ffc7eb3e-7fc1-48ef-8b28-7d3067c21ef0,20577,esports:team:a3190799-579b-4611-b623-dfd31da1d2e1,20711,ComputedGameGold,781001,-67,esports:team:ffc7eb3e-7fc1-48ef-8b28-7d3067c21ef0,20767,esports:team:a3190799-579b-4611-b623-dfd31da1d2e1,20834,ComputedGameGold,788016,-195,esports:team:ffc7eb3e-7fc1-48ef-8b28-7d3067c21ef0,20900,esports:team:a3190799-579b-4611-b623-dfd31da1d2e1,21095,ComputedGameGold,794316,-383,esports:team:ffc7eb3e-7fc1-48ef-8b28-7d3067c21ef0,21148,esports:team:a3190799-579b-4611-b623-dfd31da1d2e1,21531,ComputedGameGold,799487,-132,esports:team:ffc7eb3e-7fc1-48ef-8b28-7d3067c21ef0,21466,esports:team:a3190799-579b-4611-b623-dfd31da1d2e1,21598,ComputedGameGold,807560,19,esports:team:ffc7eb3e-7fc1-48ef-8b28-7d3067c21ef0,21779,esports:team:a3190799-579b-4611-b623-dfd31da1d2e1,21760,ComputedGameGold,812802,108,esports:team:ffc7eb3e-7fc1-48ef-8b28-7d3067c21ef0,21921,esports:team:a3190799-579b-4611-b623-dfd31da1d2e1,21813,ComputedGameGold,816125,114,esports:team:ffc7eb3e-7fc1-48ef-8b28-7d3067c21ef0,22009,esports:team:a3190799-579b-4611-b623-dfd31da1d2e1,21895,ComputedGameGold,821884,-392,esports:team:ffc7eb3e-7fc1-48ef-8b28-7d3067c21ef0,22150,esports:team:a3190799-579b-4611-b623-dfd31da1d2e1,22542,ComputedGameGold,828021,-309,esports:team:ffc7eb3e-7fc1-48ef-8b28-7d3067c21ef0,22360,esports:team:a3190799-579b-4611-b623-dfd31da1d2e1,22669,ComputedGameGold,836935,-365,esports:team:ffc7eb3e-7fc1-48ef-8b28-7d3067c21ef0,22472,esports:team:a3190799-579b-4611-b623-dfd31da1d2e1,22837,ComputedGameGold,843079,-330,esports:team:ffc7eb3e-7fc1-48ef-8b28-7d3067c21ef0,22600,esports:team:a3190799-579b-4611-b623-dfd31da1d2e1,22930,ComputedGameGold,849012,298,esports:team:ffc7eb3e-7fc1-48ef-8b28-7d3067c21ef0,23361,esports:team:a3190799-579b-4611-b623-dfd31da1d2e1,23063,ComputedGameGold,856415,295,esports:team:ffc7eb3e-7fc1-48ef-8b28-7d3067c21ef0,23511,esports:team:a3190799-579b-4611-b623-dfd31da1d2e1,23216,ComputedGameGold,864616,197,esports:team:ffc7eb3e-7fc1-48ef-8b28-7d3067c21ef0,23596,esports:team:a3190799-579b-4611-b623-dfd31da1d2e1,23399,ComputedGameGold,869992,113,esports:team:ffc7eb3e-7fc1-48ef-8b28-7d3067c21ef0,23648,esports:team:a3190799-579b-4611-b623-dfd31da1d2e1,23535,ComputedGameGold,878402,8,esports:team:ffc7eb3e-7fc1-48ef-8b28-7d3067c21ef0,23743,esports:team:a3190799-579b-4611-b623-dfd31da1d2e1,23735,ComputedGameGold,884640,-21,esports:team:ffc7eb3e-7fc1-48ef-8b28-7d3067c21ef0,23862,esports:team:a3190799-579b-4611-b623-dfd31da1d2e1,23883,ComputedGameGold,890944,-63,esports:team:ffc7eb3e-7fc1-48ef-8b28-7d3067c21ef0,24052,esports:team:a3190799-579b-4611-b623-dfd31da1d2e1,24115,ComputedGameGold,899889,-144,esports:team:ffc7eb3e-7fc1-48ef-8b28-7d3067c21ef0,24202,esports:team:a3190799-579b-4611-b623-dfd31da1d2e1,24346,ComputedGameGold,903957,-163,esports:team:ffc7eb3e-7fc1-48ef-8b28-7d3067c21ef0,24304,esports:team:a3190799-579b-4611-b623-dfd31da1d2e1,24467,ComputedGameGold,907559,143,esports:team:ffc7eb3e-7fc1-48ef-8b28-7d3067c21ef0,24665,esports:team:a3190799-579b-4611-b623-dfd31da1d2e1,24522,ComputedGameGold,911069,109,esports:team:ffc7eb3e-7fc1-48ef-8b28-7d3067c21ef0,24709,esports:team:a3190799-579b-4611-b623-dfd31da1d2e1,24600,ComputedGameGold,914633,-303,esports:team:ffc7eb3e-7fc1-48ef-8b28-7d3067c21ef0,24760,esports:team:a3190799-579b-4611-b623-dfd31da1d2e1,25063,ComputedGameGold,918307,-775,esports:team:ffc7eb3e-7fc1-48ef-8b28-7d3067c21ef0,24801,esports:team:a3190799-579b-4611-b623-dfd31da1d2e1,25576,ComputedGameGold,924012,-1283,esports:team:ffc7eb3e-7fc1-48ef-8b28-7d3067c21ef0,25334,esports:team:a3190799-579b-4611-b623-dfd31da1d2e1,26617,ComputedGameGold,931319,-1280,esports:team:ffc7eb3e-7fc1-48ef-8b28-7d3067c21ef0,25413,esports:team:a3190799-579b-4611-b623-dfd31da1d2e1,26693,ComputedGameGold,937030,-1378,esports:team:ffc7eb3e-7fc1-48ef-8b28-7d3067c21ef0,25476,esports:team:a3190799-579b-4611-b623-dfd31da1d2e1,26854,ComputedGameGold,948887,-1744,esports:team:ffc7eb3e-7fc1-48ef-8b28-7d3067c21ef0,25591,esports:team:a3190799-579b-4611-b623-dfd31da1d2e1,27335,ComputedGameGold,954558,-1838,esports:team:ffc7eb3e-7fc1-48ef-8b28-7d3067c21ef0,25661,esports:team:a3190799-579b-4611-b623-dfd31da1d2e1,27499,ComputedGameGold,961026,-1753,esports:team:ffc7eb3e-7fc1-48ef-8b28-7d3067c21ef0,25819,esports:team:a3190799-579b-4611-b623-dfd31da1d2e1,27572,ComputedGameGold,968867,-1755,esports:team:ffc7eb3e-7fc1-48ef-8b28-7d3067c21ef0,25891,esports:team:a3190799-579b-4611-b623-dfd31da1d2e1,27646,ComputedGameGold,982030,-1626,esports:team:ffc7eb3e-7fc1-48ef-8b28-7d3067c21ef0,26237,esports:team:a3190799-579b-4611-b623-dfd31da1d2e1,27863,ComputedGameGold,988185,-1593,esports:team:ffc7eb3e-7fc1-48ef-8b28-7d3067c21ef0,26357,esports:team:a3190799-579b-4611-b623-dfd31da1d2e1,27950,ComputedGameGold,992589,-1692,esports:team:ffc7eb3e-7fc1-48ef-8b28-7d3067c21ef0,26446,esports:team:a3190799-579b-4611-b623-dfd31da1d2e1,28138,ComputedGameGold,998300,-1207,esports:team:ffc7eb3e-7fc1-48ef-8b28-7d3067c21ef0,27086,esports:team:a3190799-579b-4611-b623-dfd31da1d2e1,28293,ComputedGameGold,1005004,-1649,esports:team:ffc7eb3e-7fc1-48ef-8b28-7d3067c21ef0,27199,esports:team:a3190799-579b-4611-b623-dfd31da1d2e1,28848,ComputedGameGold,1012000,-1177,esports:team:ffc7eb3e-7fc1-48ef-8b28-7d3067c21ef0,28008,esports:team:a3190799-579b-4611-b623-dfd31da1d2e1,29185,ComputedGameGold,1021017,-1170,esports:team:ffc7eb3e-7fc1-48ef-8b28-7d3067c21ef0,28226,esports:team:a3190799-579b-4611-b623-dfd31da1d2e1,29396,ComputedGameGold,1027663,-1169,esports:team:ffc7eb3e-7fc1-48ef-8b28-7d3067c21ef0,28374,esports:team:a3190799-579b-4611-b623-dfd31da1d2e1,29543,ComputedGameGold,1036811,-1147,esports:team:ffc7eb3e-7fc1-48ef-8b28-7d3067c21ef0,28574,esports:team:a3190799-579b-4611-b623-dfd31da1d2e1,29721,ComputedGameGold,1044711,-1044,esports:team:ffc7eb3e-7fc1-48ef-8b28-7d3067c21ef0,28762,esports:team:a3190799-579b-4611-b623-dfd31da1d2e1,29806,ComputedGameGold,1051027,-1146,esports:team:ffc7eb3e-7fc1-48ef-8b28-7d3067c21ef0,28878,esports:team:a3190799-579b-4611-b623-dfd31da1d2e1,30024,ComputedGameGold,1059468,-1063,esports:team:ffc7eb3e-7fc1-48ef-8b28-7d3067c21ef0,29060,esports:team:a3190799-579b-4611-b623-dfd31da1d2e1,30123,ComputedGameGold,1068598,-1074,esports:team:ffc7eb3e-7fc1-48ef-8b28-7d3067c21ef0,29174,esports:team:a3190799-579b-4611-b623-dfd31da1d2e1,30248,ComputedGameGold,1072801,-1044,esports:team:ffc7eb3e-7fc1-48ef-8b28-7d3067c21ef0,29246,esports:team:a3190799-579b-4611-b623-dfd31da1d2e1,30290,ComputedGameGold,1076362,-1634,esports:team:ffc7eb3e-7fc1-48ef-8b28-7d3067c21ef0,29288,esports:team:a3190799-579b-4611-b623-dfd31da1d2e1,30922,ComputedGameGold,1081029,-1635,esports:team:ffc7eb3e-7fc1-48ef-8b28-7d3067c21ef0,29340,esports:team:a3190799-579b-4611-b623-dfd31da1d2e1,30975,ComputedGameGold,1087611,-2060,esports:team:ffc7eb3e-7fc1-48ef-8b28-7d3067c21ef0,29409,esports:team:a3190799-579b-4611-b623-dfd31da1d2e1,31469,ComputedGameGold,1095029,-2081,esports:team:ffc7eb3e-7fc1-48ef-8b28-7d3067c21ef0,29513,esports:team:a3190799-579b-4611-b623-dfd31da1d2e1,31594,ComputedGameGold,1103008,-1835,esports:team:ffc7eb3e-7fc1-48ef-8b28-7d3067c21ef0,29849,esports:team:a3190799-579b-4611-b623-dfd31da1d2e1,31684,ComputedGameGold,1109014,-1793,esports:team:ffc7eb3e-7fc1-48ef-8b28-7d3067c21ef0,30030,esports:team:a3190799-579b-4611-b623-dfd31da1d2e1,31823,ComputedGameGold,1115017,-1764,esports:team:ffc7eb3e-7fc1-48ef-8b28-7d3067c21ef0,30184,esports:team:a3190799-579b-4611-b623-dfd31da1d2e1,31948,ComputedGameGold,1121634,-1945,esports:team:ffc7eb3e-7fc1-48ef-8b28-7d3067c21ef0,30246,esports:team:a3190799-579b-4611-b623-dfd31da1d2e1,32191,ComputedGameGold,1130002,-2158,esports:team:ffc7eb3e-7fc1-48ef-8b28-7d3067c21ef0,30457,esports:team:a3190799-579b-4611-b623-dfd31da1d2e1,32615,ComputedGameGold,1137814,-2191,esports:team:ffc7eb3e-7fc1-48ef-8b28-7d3067c21ef0,30531,esports:team:a3190799-579b-4611-b623-dfd31da1d2e1,32722,ComputedGameGold,1144216,-2609,esports:team:ffc7eb3e-7fc1-48ef-8b28-7d3067c21ef0,30826,esports:team:a3190799-579b-4611-b623-dfd31da1d2e1,33435,ComputedGameGold,1150391,-2612,esports:team:ffc7eb3e-7fc1-48ef-8b28-7d3067c21ef0,30964,esports:team:a3190799-579b-4611-b623-dfd31da1d2e1,33576,ComputedGameGold,1157028,-2667,esports:team:ffc7eb3e-7fc1-48ef-8b28-7d3067c21ef0,31198,esports:team:a3190799-579b-4611-b623-dfd31da1d2e1,33865,ComputedGameGold,1164933,-2693,esports:team:ffc7eb3e-7fc1-48ef-8b28-7d3067c21ef0,31377,esports:team:a3190799-579b-4611-b623-dfd31da1d2e1,34070,ComputedGameGold,1171577,-2663,esports:team:ffc7eb3e-7fc1-48ef-8b28-7d3067c21ef0,31480,esports:team:a3190799-579b-4611-b623-dfd31da1d2e1,34143,ComputedGameGold,1176653,-2914,esports:team:ffc7eb3e-7fc1-48ef-8b28-7d3067c21ef0,31533,esports:team:a3190799-579b-4611-b623-dfd31da1d2e1,34447,ComputedGameGold,1178956,-2914,esports:team:ffc7eb3e-7fc1-48ef-8b28-7d3067c21ef0,31554,esports:team:a3190799-579b-4611-b623-dfd31da1d2e1,34468,ComputedGameGold,1184113,-3385,esports:team:ffc7eb3e-7fc1-48ef-8b28-7d3067c21ef0,31617,esports:team:a3190799-579b-4611-b623-dfd31da1d2e1,35002,ComputedGameGold,1192012,-3870,esports:team:ffc7eb3e-7fc1-48ef-8b28-7d3067c21ef0,31706,esports:team:a3190799-579b-4611-b623-dfd31da1d2e1,35576,ComputedGameGold,1197377,-4502,esports:team:ffc7eb3e-7fc1-48ef-8b28-7d3067c21ef0,31759,esports:team:a3190799-579b-4611-b623-dfd31da1d2e1,36261,ComputedGameGold,1206309,-4398,esports:team:ffc7eb3e-7fc1-48ef-8b28-7d3067c21ef0,32085,esports:team:a3190799-579b-4611-b623-dfd31da1d2e1,36483,ComputedGameGold,1215019,-4448,esports:team:ffc7eb3e-7fc1-48ef-8b28-7d3067c21ef0,32180,esports:team:a3190799-579b-4611-b623-dfd31da1d2e1,36628,ComputedGameGold,1222365,-4473,esports:team:ffc7eb3e-7fc1-48ef-8b28-7d3067c21ef0,32309,esports:team:a3190799-579b-4611-b623-dfd31da1d2e1,36782,ComputedGameGold,1231000,-4187,esports:team:ffc7eb3e-7fc1-48ef-8b28-7d3067c21ef0,32689,esports:team:a3190799-579b-4611-b623-dfd31da1d2e1,36876,ComputedGameGold,1239667,-4143,esports:team:ffc7eb3e-7fc1-48ef-8b28-7d3067c21ef0,32879,esports:team:a3190799-579b-4611-b623-dfd31da1d2e1,37022,ComputedGameGold,1247031,-4090,esports:team:ffc7eb3e-7fc1-48ef-8b28-7d3067c21ef0,33135,esports:team:a3190799-579b-4611-b623-dfd31da1d2e1,37225,ComputedGameGold,1254006,-4292,esports:team:ffc7eb3e-7fc1-48ef-8b28-7d3067c21ef0,33319,esports:team:a3190799-579b-4611-b623-dfd31da1d2e1,37611,ComputedGameGold,1263615,-4613,esports:team:ffc7eb3e-7fc1-48ef-8b28-7d3067c21ef0,33414,esports:team:a3190799-579b-4611-b623-dfd31da1d2e1,38027,ComputedGameGold,1270987,-4717,esports:team:ffc7eb3e-7fc1-48ef-8b28-7d3067c21ef0,33591,esports:team:a3190799-579b-4611-b623-dfd31da1d2e1,38308,ComputedGameGold,1275994,-4684,esports:team:ffc7eb3e-7fc1-48ef-8b28-7d3067c21ef0,33721,esports:team:a3190799-579b-4611-b623-dfd31da1d2e1,38405,ComputedGameGold,1286184,-4523,esports:team:ffc7eb3e-7fc1-48ef-8b28-7d3067c21ef0,34062,esports:team:a3190799-579b-4611-b623-dfd31da1d2e1,38585,ComputedGameGold,1293158,-4570,esports:team:ffc7eb3e-7fc1-48ef-8b28-7d3067c21ef0,34218,esports:team:a3190799-579b-4611-b623-dfd31da1d2e1,38788,ComputedGameGold,1298797,-4736,esports:team:ffc7eb3e-7fc1-48ef-8b28-7d3067c21ef0,34366,esports:team:a3190799-579b-4611-b623-dfd31da1d2e1,39102,ComputedGameGold,1305437,-4804,esports:team:ffc7eb3e-7fc1-48ef-8b28-7d3067c21ef0,34566,esports:team:a3190799-579b-4611-b623-dfd31da1d2e1,39370,ComputedGameGold,1312022,-4621,esports:team:ffc7eb3e-7fc1-48ef-8b28-7d3067c21ef0,34920,esports:team:a3190799-579b-4611-b623-dfd31da1d2e1,39541,ComputedGameGold,1320387,-4502,esports:team:ffc7eb3e-7fc1-48ef-8b28-7d3067c21ef0,35172,esports:team:a3190799-579b-4611-b623-dfd31da1d2e1,39674,ComputedGameGold,1328029,-4525,esports:team:ffc7eb3e-7fc1-48ef-8b28-7d3067c21ef0,35400,esports:team:a3190799-579b-4611-b623-dfd31da1d2e1,39925,ComputedGameGold,1336437,-4918,esports:team:ffc7eb3e-7fc1-48ef-8b28-7d3067c21ef0,35590,esports:team:a3190799-579b-4611-b623-dfd31da1d2e1,40508,ComputedGameGold,1343575,-4958,esports:team:ffc7eb3e-7fc1-48ef-8b28-7d3067c21ef0,35662,esports:team:a3190799-579b-4611-b623-dfd31da1d2e1,40620,ComputedGameGold,1349807,-4894,esports:team:ffc7eb3e-7fc1-48ef-8b28-7d3067c21ef0,35851,esports:team:a3190799-579b-4611-b623-dfd31da1d2e1,40745,ComputedGameGold,1356272,-4793,esports:team:ffc7eb3e-7fc1-48ef-8b28-7d3067c21ef0,36088,esports:team:a3190799-579b-4611-b623-dfd31da1d2e1,40881,ComputedGameGold,1364225,-4857,esports:team:ffc7eb3e-7fc1-48ef-8b28-7d3067c21ef0,36302,esports:team:a3190799-579b-4611-b623-dfd31da1d2e1,41159,ComputedGameGold,1371860,-4981,esports:team:ffc7eb3e-7fc1-48ef-8b28-7d3067c21ef0,36405,esports:team:a3190799-579b-4611-b623-dfd31da1d2e1,41386,ComputedGameGold,1377020,-4973,esports:team:ffc7eb3e-7fc1-48ef-8b28-7d3067c21ef0,36553,esports:team:a3190799-579b-4611-b623-dfd31da1d2e1,41526,ComputedGameGold,1385143,-5151,esports:team:ffc7eb3e-7fc1-48ef-8b28-7d3067c21ef0,36699,esports:team:a3190799-579b-4611-b623-dfd31da1d2e1,41850,ComputedGameGold,1394030,-4949,esports:team:ffc7eb3e-7fc1-48ef-8b28-7d3067c21ef0,37011,esports:team:a3190799-579b-4611-b623-dfd31da1d2e1,41960,ComputedGameGold,1402020,-4949,esports:team:ffc7eb3e-7fc1-48ef-8b28-7d3067c21ef0,37109,esports:team:a3190799-579b-4611-b623-dfd31da1d2e1,42058,ComputedGameGold,1408556,-4451,esports:team:ffc7eb3e-7fc1-48ef-8b28-7d3067c21ef0,37671,esports:team:a3190799-579b-4611-b623-dfd31da1d2e1,42122,ComputedGameGold,1414274,-4710,esports:team:ffc7eb3e-7fc1-48ef-8b28-7d3067c21ef0,37924,esports:team:a3190799-579b-4611-b623-dfd31da1d2e1,42634,ComputedGameGold,1420866,-4808,esports:team:ffc7eb3e-7fc1-48ef-8b28-7d3067c21ef0,38086,esports:team:a3190799-579b-4611-b623-dfd31da1d2e1,42894,ComputedGameGold,1425577,-4808,esports:team:ffc7eb3e-7fc1-48ef-8b28-7d3067c21ef0,38138,esports:team:a3190799-579b-4611-b623-dfd31da1d2e1,42946,ComputedGameGold,1432659,-4807,esports:team:ffc7eb3e-7fc1-48ef-8b28-7d3067c21ef0,38212,esports:team:a3190799-579b-4611-b623-dfd31da1d2e1,43019,ComputedGameGold,1437999,-6351,esports:team:ffc7eb3e-7fc1-48ef-8b28-7d3067c21ef0,38266,esports:team:a3190799-579b-4611-b623-dfd31da1d2e1,44617,ComputedGameGold,1441370,-6346,esports:team:ffc7eb3e-7fc1-48ef-8b28-7d3067c21ef0,38332,esports:team:a3190799-579b-4611-b623-dfd31da1d2e1,44678,ComputedGameGold,1447017,-7291,esports:team:ffc7eb3e-7fc1-48ef-8b28-7d3067c21ef0,38395,esports:team:a3190799-579b-4611-b623-dfd31da1d2e1,45686,ComputedGameGold,1455467,-7292,esports:team:ffc7eb3e-7fc1-48ef-8b28-7d3067c21ef0,38479,esports:team:a3190799-579b-4611-b623-dfd31da1d2e1,45771,ComputedGameGold,1459715,-7349,esports:team:ffc7eb3e-7fc1-48ef-8b28-7d3067c21ef0,38521,esports:team:a3190799-579b-4611-b623-dfd31da1d2e1,45870,ComputedGameGold,1470003,-7516,esports:team:ffc7eb3e-7fc1-48ef-8b28-7d3067c21ef0,38626,esports:team:a3190799-579b-4611-b623-dfd31da1d2e1,46142,ComputedGameGold,1476348,-7752,esports:team:ffc7eb3e-7fc1-48ef-8b28-7d3067c21ef0,38748,esports:team:a3190799-579b-4611-b623-dfd31da1d2e1,46500,ComputedGameGold,1482932,-7730,esports:team:ffc7eb3e-7fc1-48ef-8b28-7d3067c21ef0,38929,esports:team:a3190799-579b-4611-b623-dfd31da1d2e1,46659,ComputedGameGold,1487497,-8052,esports:team:ffc7eb3e-7fc1-48ef-8b28-7d3067c21ef0,38983,esports:team:a3190799-579b-4611-b623-dfd31da1d2e1,47035,ComputedGameGold,1494004,-6861,esports:team:ffc7eb3e-7fc1-48ef-8b28-7d3067c21ef0,40248,esports:team:a3190799-579b-4611-b623-dfd31da1d2e1,47109,ComputedGameGold,1500864,-7371,esports:team:ffc7eb3e-7fc1-48ef-8b28-7d3067c21ef0,40400,esports:team:a3190799-579b-4611-b623-dfd31da1d2e1,47771,ComputedGameGold,1507942,-8101,esports:team:ffc7eb3e-7fc1-48ef-8b28-7d3067c21ef0,40558,esports:team:a3190799-579b-4611-b623-dfd31da1d2e1,48659,ComputedGameGold,1516372,-7917,esports:team:ffc7eb3e-7fc1-48ef-8b28-7d3067c21ef0,40835,esports:team:a3190799-579b-4611-b623-dfd31da1d2e1,48752,ComputedGameGold,1525009,-7934,esports:team:ffc7eb3e-7fc1-48ef-8b28-7d3067c21ef0,41023,esports:team:a3190799-579b-4611-b623-dfd31da1d2e1,48957,ComputedGameGold,1532089,-7080,esports:team:ffc7eb3e-7fc1-48ef-8b28-7d3067c21ef0,41952,esports:team:a3190799-579b-4611-b623-dfd31da1d2e1,49032,ComputedGameGold,1538005,-7015,esports:team:ffc7eb3e-7fc1-48ef-8b28-7d3067c21ef0,42079,esports:team:a3190799-579b-4611-b623-dfd31da1d2e1,49094,ComputedGameGold,1541988,-6925,esports:team:ffc7eb3e-7fc1-48ef-8b28-7d3067c21ef0,42200,esports:team:a3190799-579b-4611-b623-dfd31da1d2e1,49125,ComputedGameGold,1549019,-6886,esports:team:ffc7eb3e-7fc1-48ef-8b28-7d3067c21ef0,42754,esports:team:a3190799-579b-4611-b623-dfd31da1d2e1,49640,ComputedGameGold,1558073,-6903,esports:team:ffc7eb3e-7fc1-48ef-8b28-7d3067c21ef0,42956,esports:team:a3190799-579b-4611-b623-dfd31da1d2e1,49859,ComputedGameGold,1564415,-6836,esports:team:ffc7eb3e-7fc1-48ef-8b28-7d3067c21ef0,43136,esports:team:a3190799-579b-4611-b623-dfd31da1d2e1,49972,ComputedGameGold,1575130,-6854,esports:team:ffc7eb3e-7fc1-48ef-8b28-7d3067c21ef0,43275,esports:team:a3190799-579b-4611-b623-dfd31da1d2e1,50129,ComputedGameGold,1581006,-6712,esports:team:ffc7eb3e-7fc1-48ef-8b28-7d3067c21ef0,43501,esports:team:a3190799-579b-4611-b623-dfd31da1d2e1,50213,ComputedGameGold,1588610,-6658,esports:team:ffc7eb3e-7fc1-48ef-8b28-7d3067c21ef0,43770,esports:team:a3190799-579b-4611-b623-dfd31da1d2e1,50428,ComputedGameGold,1596019,-6604,esports:team:ffc7eb3e-7fc1-48ef-8b28-7d3067c21ef0,44038,esports:team:a3190799-579b-4611-b623-dfd31da1d2e1,50642,ComputedGameGold,1601758,-6546,esports:team:ffc7eb3e-7fc1-48ef-8b28-7d3067c21ef0,44229,esports:team:a3190799-579b-4611-b623-dfd31da1d2e1,50775,ComputedGameGold,1612236,-6764,esports:team:ffc7eb3e-7fc1-48ef-8b28-7d3067c21ef0,44423,esports:team:a3190799-579b-4611-b623-dfd31da1d2e1,51187,ComputedGameGold,1618267,-6944,esports:team:ffc7eb3e-7fc1-48ef-8b28-7d3067c21ef0,44558,esports:team:a3190799-579b-4611-b623-dfd31da1d2e1,51502,ComputedGameGold,1624902,-7072,esports:team:ffc7eb3e-7fc1-48ef-8b28-7d3067c21ef0,44646,esports:team:a3190799-579b-4611-b623-dfd31da1d2e1,51718,ComputedGameGold,1629006,-7032,esports:team:ffc7eb3e-7fc1-48ef-8b28-7d3067c21ef0,44813,esports:team:a3190799-579b-4611-b623-dfd31da1d2e1,51845,ComputedGameGold,1637000,-6768,esports:team:ffc7eb3e-7fc1-48ef-8b28-7d3067c21ef0,45160,esports:team:a3190799-579b-4611-b623-dfd31da1d2e1,51928,ComputedGameGold,1641124,-6792,esports:team:ffc7eb3e-7fc1-48ef-8b28-7d3067c21ef0,45201,esports:team:a3190799-579b-4611-b623-dfd31da1d2e1,51993,ComputedGameGold,1644433,-6778,esports:team:ffc7eb3e-7fc1-48ef-8b28-7d3067c21ef0,45267,esports:team:a3190799-579b-4611-b623-dfd31da1d2e1,52045,ComputedGameGold,1647743,-7135,esports:team:ffc7eb3e-7fc1-48ef-8b28-7d3067c21ef0,45407,esports:team:a3190799-579b-4611-b623-dfd31da1d2e1,52542,ComputedGameGold,1654346,-7227,esports:team:ffc7eb3e-7fc1-48ef-8b28-7d3067c21ef0,45482,esports:team:a3190799-579b-4611-b623-dfd31da1d2e1,52709,ComputedGameGold,1664009,-7140,esports:team:ffc7eb3e-7fc1-48ef-8b28-7d3067c21ef0,45760,esports:team:a3190799-579b-4611-b623-dfd31da1d2e1,52900,ComputedGameGold,1675023,-7246,esports:team:ffc7eb3e-7fc1-48ef-8b28-7d3067c21ef0,45989,esports:team:a3190799-579b-4611-b623-dfd31da1d2e1,53235,ComputedGameGold,1683028,-6940,esports:team:ffc7eb3e-7fc1-48ef-8b28-7d3067c21ef0,46380,esports:team:a3190799-579b-4611-b623-dfd31da1d2e1,53320,ComputedGameGold,1692020,-7160,esports:team:ffc7eb3e-7fc1-48ef-8b28-7d3067c21ef0,46514,esports:team:a3190799-579b-4611-b623-dfd31da1d2e1,53674,ComputedGameGold,1697990,-7091,esports:team:ffc7eb3e-7fc1-48ef-8b28-7d3067c21ef0,46751,esports:team:a3190799-579b-4611-b623-dfd31da1d2e1,53842,ComputedGameGold,1703022,-7245,esports:team:ffc7eb3e-7fc1-48ef-8b28-7d3067c21ef0,46888,esports:team:a3190799-579b-4611-b623-dfd31da1d2e1,54133,ComputedGameGold,1708099,-7287,esports:team:ffc7eb3e-7fc1-48ef-8b28-7d3067c21ef0,47063,esports:team:a3190799-579b-4611-b623-dfd31da1d2e1,54350,ComputedGameGold,1714111,-7567,esports:team:ffc7eb3e-7fc1-48ef-8b28-7d3067c21ef0,47204,esports:team:a3190799-579b-4611-b623-dfd31da1d2e1,54771,ComputedGameGold,1722398,-7455,esports:team:ffc7eb3e-7fc1-48ef-8b28-7d3067c21ef0,47519,esports:team:a3190799-579b-4611-b623-dfd31da1d2e1,54974,ComputedGameGold,1728013,-7348,esports:team:ffc7eb3e-7fc1-48ef-8b28-7d3067c21ef0,47723,esports:team:a3190799-579b-4611-b623-dfd31da1d2e1,55071,ComputedGameGold,1735162,-7710,esports:team:ffc7eb3e-7fc1-48ef-8b28-7d3067c21ef0,47826,esports:team:a3190799-579b-4611-b623-dfd31da1d2e1,55536,ComputedGameGold,1743169,-7500,esports:team:ffc7eb3e-7fc1-48ef-8b28-7d3067c21ef0,48119,esports:team:a3190799-579b-4611-b623-dfd31da1d2e1,55619,ComputedGameGold,1748009,-7121,esports:team:ffc7eb3e-7fc1-48ef-8b28-7d3067c21ef0,48551,esports:team:a3190799-579b-4611-b623-dfd31da1d2e1,55672,ComputedGameGold,1754019,-7162,esports:team:ffc7eb3e-7fc1-48ef-8b28-7d3067c21ef0,48730,esports:team:a3190799-579b-4611-b623-dfd31da1d2e1,55892,ComputedGameGold,1760296,-7250,esports:team:ffc7eb3e-7fc1-48ef-8b28-7d3067c21ef0,48794,esports:team:a3190799-579b-4611-b623-dfd31da1d2e1,56044,ComputedGameGold,1769294,-7307,esports:team:ffc7eb3e-7fc1-48ef-8b28-7d3067c21ef0,49131,esports:team:a3190799-579b-4611-b623-dfd31da1d2e1,56438,ComputedGameGold,1777566,-7169,esports:team:ffc7eb3e-7fc1-48ef-8b28-7d3067c21ef0,49430,esports:team:a3190799-579b-4611-b623-dfd31da1d2e1,56599,ComputedGameGold,1787031,-7412,esports:team:ffc7eb3e-7fc1-48ef-8b28-7d3067c21ef0,49537,esports:team:a3190799-579b-4611-b623-dfd31da1d2e1,56949,ComputedGameGold,1796011,-7407,esports:team:ffc7eb3e-7fc1-48ef-8b28-7d3067c21ef0,49635,esports:team:a3190799-579b-4611-b623-dfd31da1d2e1,57042,ComputedGameGold,1805227,-7566,esports:team:ffc7eb3e-7fc1-48ef-8b28-7d3067c21ef0,49730,esports:team:a3190799-579b-4611-b623-dfd31da1d2e1,57296,ComputedGameGold,1808031,-6646,esports:team:ffc7eb3e-7fc1-48ef-8b28-7d3067c21ef0,50681,esports:team:a3190799-579b-4611-b623-dfd31da1d2e1,57327,ComputedGameGold,1816017,-6629,esports:team:ffc7eb3e-7fc1-48ef-8b28-7d3067c21ef0,50854,esports:team:a3190799-579b-4611-b623-dfd31da1d2e1,57483,ComputedGameGold,1823138,-6612,esports:team:ffc7eb3e-7fc1-48ef-8b28-7d3067c21ef0,50943,esports:team:a3190799-579b-4611-b623-dfd31da1d2e1,57555,ComputedGameGold,1831732,-6803,esports:team:ffc7eb3e-7fc1-48ef-8b28-7d3067c21ef0,51137,esports:team:a3190799-579b-4611-b623-dfd31da1d2e1,57940,ComputedGameGold,1840371,-6776,esports:team:ffc7eb3e-7fc1-48ef-8b28-7d3067c21ef0,51439,esports:team:a3190799-579b-4611-b623-dfd31da1d2e1,58215,ComputedGameGold,1850015,-6711,esports:team:ffc7eb3e-7fc1-48ef-8b28-7d3067c21ef0,51741,esports:team:a3190799-579b-4611-b623-dfd31da1d2e1,58452,ComputedGameGold,1856520,-6775,esports:team:ffc7eb3e-7fc1-48ef-8b28-7d3067c21ef0,51804,esports:team:a3190799-579b-4611-b623-dfd31da1d2e1,58579,ComputedGameGold,1864031,-6921,esports:team:ffc7eb3e-7fc1-48ef-8b28-7d3067c21ef0,51886,esports:team:a3190799-579b-4611-b623-dfd31da1d2e1,58807,ComputedGameGold,1872632,-6728,esports:team:ffc7eb3e-7fc1-48ef-8b28-7d3067c21ef0,52167,esports:team:a3190799-579b-4611-b623-dfd31da1d2e1,58895,ComputedGameGold,1883020,-6626,esports:team:ffc7eb3e-7fc1-48ef-8b28-7d3067c21ef0,52389,esports:team:a3190799-579b-4611-b623-dfd31da1d2e1,59015,ComputedGameGold,1893027,-6655,esports:team:ffc7eb3e-7fc1-48ef-8b28-7d3067c21ef0,52676,esports:team:a3190799-579b-4611-b623-dfd31da1d2e1,59331,ComputedGameGold,1898005,-6657,esports:team:ffc7eb3e-7fc1-48ef-8b28-7d3067c21ef0,52904,esports:team:a3190799-579b-4611-b623-dfd31da1d2e1,59561,ComputedGameGold,1902025,-6662,esports:team:ffc7eb3e-7fc1-48ef-8b28-7d3067c21ef0,52946,esports:team:a3190799-579b-4611-b623-dfd31da1d2e1,59608,ComputedGameGold,1905830,-6662,esports:team:ffc7eb3e-7fc1-48ef-8b28-7d3067c21ef0,52977,esports:team:a3190799-579b-4611-b623-dfd31da1d2e1,59639,ComputedGameGold,1913005,-6754,esports:team:ffc7eb3e-7fc1-48ef-8b28-7d3067c21ef0,53070,esports:team:a3190799-579b-4611-b623-dfd31da1d2e1,59824,ComputedGameGold,1918602,-6755,esports:team:ffc7eb3e-7fc1-48ef-8b28-7d3067c21ef0,53152,esports:team:a3190799-579b-4611-b623-dfd31da1d2e1,59907,ComputedGameGold,1924511,-6722,esports:team:ffc7eb3e-7fc1-48ef-8b28-7d3067c21ef0,53252,esports:team:a3190799-579b-4611-b623-dfd31da1d2e1,59974,ComputedGameGold,1928024,-8212,esports:team:ffc7eb3e-7fc1-48ef-8b28-7d3067c21ef0,53354,esports:team:a3190799-579b-4611-b623-dfd31da1d2e1,61566,ComputedGameGold,1930295,-8212,esports:team:ffc7eb3e-7fc1-48ef-8b28-7d3067c21ef0,53375,esports:team:a3190799-579b-4611-b623-dfd31da1d2e1,61587,ComputedGameGold,1933078,-8213,esports:team:ffc7eb3e-7fc1-48ef-8b28-7d3067c21ef0,53406,esports:team:a3190799-579b-4611-b623-dfd31da1d2e1,61619,ComputedGameGold,1936385,-8243,esports:team:ffc7eb3e-7fc1-48ef-8b28-7d3067c21ef0,53437,esports:team:a3190799-579b-4611-b623-dfd31da1d2e1,61680,ComputedGameGold,1939138,-8245,esports:team:ffc7eb3e-7fc1-48ef-8b28-7d3067c21ef0,53468,esports:team:a3190799-579b-4611-b623-dfd31da1d2e1,61713,ComputedGameGold,1942287,-8246,esports:team:ffc7eb3e-7fc1-48ef-8b28-7d3067c21ef0,53499,esports:team:a3190799-579b-4611-b623-dfd31da1d2e1,61745,ComputedGameGold,1945017,-7344,esports:team:ffc7eb3e-7fc1-48ef-8b28-7d3067c21ef0,54432,esports:team:a3190799-579b-4611-b623-dfd31da1d2e1,61776,ComputedGameGold,1951640,-7248,esports:team:ffc7eb3e-7fc1-48ef-8b28-7d3067c21ef0,54590,esports:team:a3190799-579b-4611-b623-dfd31da1d2e1,61838,ComputedGameGold,1955916,-7588,esports:team:ffc7eb3e-7fc1-48ef-8b28-7d3067c21ef0,54743,esports:team:a3190799-579b-4611-b623-dfd31da1d2e1,62331,ComputedGameGold,1962359,-8196,esports:team:ffc7eb3e-7fc1-48ef-8b28-7d3067c21ef0,54817,esports:team:a3190799-579b-4611-b623-dfd31da1d2e1,63013,ComputedGameGold,1970446,-8530,esports:team:ffc7eb3e-7fc1-48ef-8b28-7d3067c21ef0,54916,esports:team:a3190799-579b-4611-b623-dfd31da1d2e1,63446,ComputedGameGold,1978530,-8862,esports:team:ffc7eb3e-7fc1-48ef-8b28-7d3067c21ef0,55089,esports:team:a3190799-579b-4611-b623-dfd31da1d2e1,63951,ComputedGameGold,1986775,-9632,esports:team:ffc7eb3e-7fc1-48ef-8b28-7d3067c21ef0,55216,esports:team:a3190799-579b-4611-b623-dfd31da1d2e1,64848,ComputedGameGold,1996316,-10006,esports:team:ffc7eb3e-7fc1-48ef-8b28-7d3067c21ef0,55346,esports:team:a3190799-579b-4611-b623-dfd31da1d2e1,65352,ComputedGameGold,2001760,-10032,esports:team:ffc7eb3e-7fc1-48ef-8b28-7d3067c21ef0,55400,esports:team:a3190799-579b-4611-b623-dfd31da1d2e1,65432,ComputedGameGold,2010097,-10145,esports:team:ffc7eb3e-7fc1-48ef-8b28-7d3067c21ef0,55542,esports:team:a3190799-579b-4611-b623-dfd31da1d2e1,65687,ComputedGameGold,2017570,-10060,esports:team:ffc7eb3e-7fc1-48ef-8b28-7d3067c21ef0,55702,esports:team:a3190799-579b-4611-b623-dfd31da1d2e1,65762,ComputedGameGold,2022563,-10003,esports:team:ffc7eb3e-7fc1-48ef-8b28-7d3067c21ef0,55810,esports:team:a3190799-579b-4611-b623-dfd31da1d2e1,65813,ComputedGameGold,2028170,-9827,esports:team:ffc7eb3e-7fc1-48ef-8b28-7d3067c21ef0,56129,esports:team:a3190799-579b-4611-b623-dfd31da1d2e1,65956,ComputedGameGold,2034044,-9685,esports:team:ffc7eb3e-7fc1-48ef-8b28-7d3067c21ef0,56405,esports:team:a3190799-579b-4611-b623-dfd31da1d2e1,66090,ComputedGameGold,2040010,-9628,esports:team:ffc7eb3e-7fc1-48ef-8b28-7d3067c21ef0,56624,esports:team:a3190799-579b-4611-b623-dfd31da1d2e1,66252,ComputedGameGold,2048007,-9514,esports:team:ffc7eb3e-7fc1-48ef-8b28-7d3067c21ef0,56884,esports:team:a3190799-579b-4611-b623-dfd31da1d2e1,66398,ComputedGameGold,2052467,-9485,esports:team:ffc7eb3e-7fc1-48ef-8b28-7d3067c21ef0,57019,esports:team:a3190799-579b-4611-b623-dfd31da1d2e1,66504,ComputedGameGold,2059004,-9459,esports:team:ffc7eb3e-7fc1-48ef-8b28-7d3067c21ef0,57266,esports:team:a3190799-579b-4611-b623-dfd31da1d2e1,66725,ComputedGameGold,2064711,-9439,esports:team:ffc7eb3e-7fc1-48ef-8b28-7d3067c21ef0,57410,esports:team:a3190799-579b-4611-b623-dfd31da1d2e1,66849,ComputedGameGold,2071976,-9756,esports:team:ffc7eb3e-7fc1-48ef-8b28-7d3067c21ef0,57525,esports:team:a3190799-579b-4611-b623-dfd31da1d2e1,67281,ComputedGameGold,2078227,-9793,esports:team:ffc7eb3e-7fc1-48ef-8b28-7d3067c21ef0,57751,esports:team:a3190799-579b-4611-b623-dfd31da1d2e1,67544,ComputedGameGold,2086028,-9929,esports:team:ffc7eb3e-7fc1-48ef-8b28-7d3067c21ef0,57834,esports:team:a3190799-579b-4611-b623-dfd31da1d2e1,67763,ComputedGameGold,2094019,-9963,esports:team:ffc7eb3e-7fc1-48ef-8b28-7d3067c21ef0,58115,esports:team:a3190799-579b-4611-b623-dfd31da1d2e1,68078,ComputedGameGold,2102001,-10257,esports:team:ffc7eb3e-7fc1-48ef-8b28-7d3067c21ef0,58204,esports:team:a3190799-579b-4611-b623-dfd31da1d2e1,68461,ComputedGameGold,2112310,-10099,esports:team:ffc7eb3e-7fc1-48ef-8b28-7d3067c21ef0,58530,esports:team:a3190799-579b-4611-b623-dfd31da1d2e1,68629,ComputedGameGold,2117245,-10192,esports:team:ffc7eb3e-7fc1-48ef-8b28-7d3067c21ef0,58636,esports:team:a3190799-579b-4611-b623-dfd31da1d2e1,68828,ComputedGameGold,2124025,-10083,esports:team:ffc7eb3e-7fc1-48ef-8b28-7d3067c21ef0,58883,esports:team:a3190799-579b-4611-b623-dfd31da1d2e1,68966,ComputedGameGold,2133433,-9889,esports:team:ffc7eb3e-7fc1-48ef-8b28-7d3067c21ef0,59171,esports:team:a3190799-579b-4611-b623-dfd31da1d2e1,69060,ComputedGameGold,2143022,-9691,esports:team:ffc7eb3e-7fc1-48ef-8b28-7d3067c21ef0,59473,esports:team:a3190799-579b-4611-b623-dfd31da1d2e1,69164,ComputedGameGold,2153668,-9624,esports:team:ffc7eb3e-7fc1-48ef-8b28-7d3067c21ef0,59645,esports:team:a3190799-579b-4611-b623-dfd31da1d2e1,69269,ComputedGameGold,2158011,-9490,esports:team:ffc7eb3e-7fc1-48ef-8b28-7d3067c21ef0,59888,esports:team:a3190799-579b-4611-b623-dfd31da1d2e1,69378,ComputedGameGold,2164002,-9650,esports:team:ffc7eb3e-7fc1-48ef-8b28-7d3067c21ef0,59952,esports:team:a3190799-579b-4611-b623-dfd31da1d2e1,69602,ComputedGameGold,2170802,-9825,esports:team:ffc7eb3e-7fc1-48ef-8b28-7d3067c21ef0,60050,esports:team:a3190799-579b-4611-b623-dfd31da1d2e1,69875,ComputedGameGold,2179675,-9578,esports:team:ffc7eb3e-7fc1-48ef-8b28-7d3067c21ef0,60525,esports:team:a3190799-579b-4611-b623-dfd31da1d2e1,70103,ComputedGameGold,2187006,-9635,esports:team:ffc7eb3e-7fc1-48ef-8b28-7d3067c21ef0,60647,esports:team:a3190799-579b-4611-b623-dfd31da1d2e1,70282,ComputedGameGold,2194432,-9967,esports:team:ffc7eb3e-7fc1-48ef-8b28-7d3067c21ef0,60738,esports:team:a3190799-579b-4611-b623-dfd31da1d2e1,70705,ComputedGameGold,2202381,-9941,esports:team:ffc7eb3e-7fc1-48ef-8b28-7d3067c21ef0,60948,esports:team:a3190799-579b-4611-b623-dfd31da1d2e1,70889,ComputedGameGold,2209761,-9655,esports:team:ffc7eb3e-7fc1-48ef-8b28-7d3067c21ef0,61307,esports:team:a3190799-579b-4611-b623-dfd31da1d2e1,70962,ComputedGameGold,2219006,-9619,esports:team:ffc7eb3e-7fc1-48ef-8b28-7d3067c21ef0,61553,esports:team:a3190799-579b-4611-b623-dfd31da1d2e1,71172,ComputedGameGold,2228010,-9605,esports:team:ffc7eb3e-7fc1-48ef-8b28-7d3067c21ef0,61947,esports:team:a3190799-579b-4611-b623-dfd31da1d2e1,71552,ComputedGameGold,2236895,-9629,esports:team:ffc7eb3e-7fc1-48ef-8b28-7d3067c21ef0,62077,esports:team:a3190799-579b-4611-b623-dfd31da1d2e1,71706,ComputedGameGold,2241433,-9742,esports:team:ffc7eb3e-7fc1-48ef-8b28-7d3067c21ef0,62247,esports:team:a3190799-579b-4611-b623-dfd31da1d2e1,71989,ComputedGameGold,2250009,-9691,esports:team:ffc7eb3e-7fc1-48ef-8b28-7d3067c21ef0,62622,esports:team:a3190799-579b-4611-b623-dfd31da1d2e1,72313,ComputedGameGold,2259554,-9385,esports:team:ffc7eb3e-7fc1-48ef-8b28-7d3067c21ef0,63022,esports:team:a3190799-579b-4611-b623-dfd31da1d2e1,72407,ComputedGameGold,2264287,-9926,esports:team:ffc7eb3e-7fc1-48ef-8b28-7d3067c21ef0,63074,esports:team:a3190799-579b-4611-b623-dfd31da1d2e1,73000,ComputedGameGold,2272625,-10072,esports:team:ffc7eb3e-7fc1-48ef-8b28-7d3067c21ef0,63312,esports:team:a3190799-579b-4611-b623-dfd31da1d2e1,73384,ComputedGameGold,2278508,-10130,esports:team:ffc7eb3e-7fc1-48ef-8b28-7d3067c21ef0,63396,esports:team:a3190799-579b-4611-b623-dfd31da1d2e1,73526,ComputedGameGold,2286216,-10432,esports:team:ffc7eb3e-7fc1-48ef-8b28-7d3067c21ef0,63528,esports:team:a3190799-579b-4611-b623-dfd31da1d2e1,73960,ComputedGameGold,2288516,-10431,esports:team:ffc7eb3e-7fc1-48ef-8b28-7d3067c21ef0,63549,esports:team:a3190799-579b-4611-b623-dfd31da1d2e1,73980,ComputedGameGold,2289263,-10682,esports:team:ffc7eb3e-7fc1-48ef-8b28-7d3067c21ef0,63601,esports:team:a3190799-579b-4611-b623-dfd31da1d2e1,74283,ComputedGameGold,2293728,-11408,esports:team:ffc7eb3e-7fc1-48ef-8b28-7d3067c21ef0,63645,esports:team:a3190799-579b-4611-b623-dfd31da1d2e1,75053,ComputedGameGold,2298908,-11507,esports:team:ffc7eb3e-7fc1-48ef-8b28-7d3067c21ef0,63739,esports:team:a3190799-579b-4611-b623-dfd31da1d2e1,75246,ComputedGameGold,2305480,-11576,esports:team:ffc7eb3e-7fc1-48ef-8b28-7d3067c21ef0,63813,esports:team:a3190799-579b-4611-b623-dfd31da1d2e1,75389,ComputedGameGold,2310149,-12048,esports:team:ffc7eb3e-7fc1-48ef-8b28-7d3067c21ef0,63864,esports:team:a3190799-579b-4611-b623-dfd31da1d2e1,75912,ComputedGameGold,2315009,-12194,esports:team:ffc7eb3e-7fc1-48ef-8b28-7d3067c21ef0,64020,esports:team:a3190799-579b-4611-b623-dfd31da1d2e1,76214,2023-03-14T19:00:30.237Z,400,live:lol:riot:map:esportstmnt06-2775659,esports:match:9691e352-4593-4357-96a8-b9f57fb843d9,PlayerChampGame,Sion,3047,3068,3110,3001,3105,3105,,,Pride,esports:player:a5ad47a4-ced4-44ab-afe3-0e41ad5f8ec5,top,esports:team:ffc7eb3e-7fc1-48ef-8b28-7d3067c21ef0,PlayerChampGame,JarvanIV,6630,3047,3071,1029,2420,2055,,,Zanzarah,esports:player:dc35abe5-bd9a-415e-ad7e-c3cd003ccc8b,jng,esports:team:ffc7eb3e-7fc1-48ef-8b28-7d3067c21ef0,PlayerChampGame,Ahri,6656,3158,3157,4645,3089,1058,,,Special,esports:player:003910ea-badb-4593-a4e8-7e7f65c51f7a,mid,esports:team:ffc7eb3e-7fc1-48ef-8b28-7d3067c21ef0,PlayerChampGame,Sivir,6672,3006,3031,3072,3036,2420,,,SMILEY,esports:player:bd7ba203-b2d7-49fa-9347-b49bef63f128,bot,esports:team:ffc7eb3e-7fc1-48ef-8b28-7d3067c21ef0,PlayerChampGame,Ashe,3179,3864,3158,4005,2055,1036,,,Lilipp,esports:player:cfbd9b74-7837-4968-900d-3301bc358bc8,sup,esports:team:ffc7eb3e-7fc1-48ef-8b28-7d3067c21ef0,PlayerChampGame,Yone,3006,6673,3031,3072,3026,3140,,,Carlsen,esports:player:168e31e0-9579-4a79-96e0-1bc61bbcf166,top,esports:team:a3190799-579b-4611-b623-dfd31da1d2e1,PlayerChampGame,Vi,3071,3047,6667,3107,1038,2421,,,Alexx,esports:player:c61d76b6-a19b-4215-b18b-fb9adfbb6d73,jng,esports:team:a3190799-579b-4611-b623-dfd31da1d2e1,PlayerChampGame,Azir,6653,3020,3157,4645,3089,2055,,,Sencux,esports:player:890a48ae-ab30-4296-8998-9dd2a3ab665f,mid,esports:team:a3190799-579b-4611-b623-dfd31da1d2e1,PlayerChampGame,Aphelios,3072,3047,6671,3031,1018,2055,,,Kynetic,esports:player:b8188a35-f887-4962-aa50-9bda7cc8df78,bot,esports:team:a3190799-579b-4611-b623-dfd31da1d2e1,PlayerChampGame,Thresh,3158,2065,3857,3222,3114,4643,,,Tore,esports:player:f0d603d9-da4e-461c-a06a-a168c66637b1,sup,esports:team:a3190799-579b-4611-b623-dfd31da1d2e1,PlayerGameStats,3,258.0132293701172,11.52165,,1,Sion,1,3,0,0,297.25441322629393,0,,0,live:lol:riot:map:esportstmnt06-2775659,5055,-521,2,0,0,315,4,0,4,10,0,0.04602603528095458,Pride,esports:player:a5ad47a4-ced4-44ab-afe3-0e41ad5f8ec5,live:lol:riot:player:e07de909-633a-34d8-acbf-71bb0c3ce97b,0,top,blue,0,EINS,esports:team:ffc7eb3e-7fc1-48ef-8b28-7d3067c21ef0,4128.211669921875,13411,0,52.92001724243164,8,24,PlayerGameStats,7,160.54652404785156,2.3759166666666665,10.46165,1,JarvanIV,1,5,0,0,280.5375784540096,0,,0,live:lol:riot:map:esportstmnt06-2775659,4441,-1066,1,0.5028152777777778,3,28,151.49996948242188,23.999998092651367,107.50003051757812,13,0,0.03432113572095239,Zanzarah,esports:player:dc35abe5-bd9a-415e-ad7e-c3cd003ccc8b,live:lol:riot:player:33c527c1-f04a-36be-a3e3-e5bd5176795b,0,jng,blue,0,EINS,esports:team:ffc7eb3e-7fc1-48ef-8b28-7d3067c21ef0,2568.744384765625,10893,0,47.173988342285156,14,11,PlayerGameStats,5,301.6855926513672,7.623454166666667,0.82415,1,Ahri,1,5,13.957133838158027,0,455.4340878476213,0,,0,live:lol:riot:map:esportstmnt06-2775659,4859,64,0,0.21108055555555558,2,315,5,0,4.5,15,0,0.3150852462965638,Special,esports:player:003910ea-badb-4593-a4e8-7e7f65c51f7a,live:lol:riot:player:b0748f8b-6a27-37c6-bce9-1acbe057249a,0,mid,blue,0,EINS,esports:team:ffc7eb3e-7fc1-48ef-8b28-7d3067c21ef0,4826.969482421875,14204,0,20.21771240234375,1,5,PlayerGameStats,3,374.6368713378906,4.942271428571429,7.771991666666667,1,Sivir,1,8,6.203515168985397,0,537.666328847194,0,,1,live:lol:riot:map:esportstmnt06-2775659,6525,1861,1,0.13739444444444446,5,361,30.9999942779541,0,25.999996185302734,10,0,0.16256984378784267,SMILEY,esports:player:bd7ba203-b2d7-49fa-9347-b49bef63f128,live:lol:riot:player:68459219-1226-34dc-aa09-de1a5400e70b,0,bot,blue,1,EINS,esports:team:ffc7eb3e-7fc1-48ef-8b28-7d3067c21ef0,5994.18994140625,17248,0,55.17302322387695,9,17,PlayerGameStats,7,161.2508544921875,4.766616666666667,,1,Ashe,1,5,0,0,304.3496088110748,0,0.5320069444444445,0,live:lol:riot:map:esportstmnt06-2775659,3333,-503,0,0.36663194444444447,1,25,0,0,0,12,0,0.06004537537812815,Lilipp,esports:player:cfbd9b74-7837-4968-900d-3301bc358bc8,live:lol:riot:player:76733557-ac14-31c1-9a66-334b03039660,0,sup,blue,0,EINS,esports:team:ffc7eb3e-7fc1-48ef-8b28-7d3067c21ef0,2580.013671875,8360,0,144.50680541992188,18,80,PlayerGameStats,7,850.8445510864258,,2.8730208333333334,1,Yone,1,1,0,0,742.411809431521,3,,0,live:lol:riot:map:esportstmnt06-2775659,5576,521,1,0.019445833333333332,9,373,40.00000762939453,5,18.499998092651367,10,0,0.05943370740640034,Carlsen,esports:player:168e31e0-9579-4a79-96e0-1bc61bbcf166,live:lol:riot:player:5a819834-2418-3252-825d-7597ea6142a5,0,top,red,3,MOUZ,esports:team:a3190799-579b-4611-b623-dfd31da1d2e1,13613.512817382812,20317,0,38.77945327758789,7,7,PlayerGameStats,9,138.581937789917,,5.386536666666667,1,Vi,1,0,104.95375689202284,0,267.1423469904771,0,,0,live:lol:riot:map:esportstmnt06-2775659,5507,1066,0,0.4498152777777778,6,64,180,28,96.5000228881836,14,0,0.04472878493690302,Alexx,esports:player:c61d76b6-a19b-4215-b18b-fb9adfbb6d73,live:lol:riot:player:cc1d8c2b-a8bc-3df5-a7f8-b5407aa6ee04,0,jng,red,0,MOUZ,esports:team:a3190799-579b-4611-b623-dfd31da1d2e1,2217.311004638672,14894,0,80.1520004272461,30,12,PlayerGameStats,13,462.2238998413086,10.456366666666666,5.610125,1,Azir,1,3,0,0,854.9814934381768,1,,0,live:lol:riot:map:esportstmnt06-2775659,4795,-64,0,0.1609638888888889,5,313,12,2.5,8,10,0,0.308640560021607,Sencux,esports:player:890a48ae-ab30-4296-8998-9dd2a3ab665f,live:lol:riot:player:c2908e35-6538-3ea0-afac-ab376e5faeed,0,mid,red,0,MOUZ,esports:team:a3190799-579b-4611-b623-dfd31da1d2e1,7395.5823974609375,16127,0,50.83784103393555,4,20,PlayerGameStats,9,345.5991668701172,4.499366666666667,6.216354166666667,1,Aphelios,1,4,0,0,535.7706830339681,0,,0,live:lol:riot:map:esportstmnt06-2775659,4664,-1861,2,0.22639305555555553,5,261,8,4,4,12,0,0.192243341302705,Kynetic,esports:player:b8188a35-f887-4962-aa50-9bda7cc8df78,live:lol:riot:player:7bb03db5-ee25-333f-8659-e184c7599112,0,bot,red,0,MOUZ,esports:team:a3190799-579b-4611-b623-dfd31da1d2e1,5529.586669921875,14799,0,50.48164367675781,13,19,PlayerGameStats,21,160.2946548461914,15.549266666666666,,1,Thresh,1,3,30.307528079338702,64.17565112363611,286.3434192221682,0,0.4681208333333334,0,live:lol:riot:map:esportstmnt06-2775659,3836,503,0,0.3484305555555556,1,45,0,0,0,12,0,0.06758543754426206,Tore,esports:player:f0d603d9-da4e-461c-a06a-a168c66637b1,live:lol:riot:player:8a9a04c3-cd29-3930-9455-2f243836bd2b,0,sup,red,1,MOUZ,esports:team:a3190799-579b-4611-b623-dfd31da1d2e1,2564.7144775390625,10243,0,124.39942169189453,19,52,Sejuani,Caitlyn,Varus,Renekton,Akali,Prime League,Thresh,Vi,Aphelios,Azir,Yone,1,1,BEST_OF,SnapshotPlayerStats,False,3,6,Sion,0,0,1227,3,2023-03-14T19:41:19.748Z,True,2323973,0,0,4816,,,3047,3068,3110,3001,3105,,,,,18,0,315,4,0,4,False,Pride,esports:player:a5ad47a4-ced4-44ab-afe3-0e41ad5f8ec5,live:lol:riot:player:e07de909-633a-34d8-acbf-71bb0c3ce97b,2774,3696,42.952178955078125,8437,8446,8444,8451,8345,8347,0,30,EINS,esports:team:ffc7eb3e-7fc1-48ef-8b28-7d3067c21ef0,live:lol:riot:team:107416483509696259,13411,3363,,,,,2023-03-14T19:54:37.573Z,52.92001724243164,8,24,MOUZ,19417,SnapshotPlayerStats,True,7,24,JarvanIV,3,0,754,5,2023-03-14T19:41:19.748Z,True,2323973,0,2678,2769,,,6630,3047,3071,1029,2420,2055,,,,15,0,28,151.49996948242188,23.999998092651367,107.50003051757812,False,Zanzarah,esports:player:dc35abe5-bd9a-415e-ad7e-c3cd003ccc8b,live:lol:riot:player:33c527c1-f04a-36be-a3e3-e5bd5176795b,416,408,0,8008,9111,9105,8299,8304,8347,0,30,EINS,esports:team:ffc7eb3e-7fc1-48ef-8b28-7d3067c21ef0,live:lol:riot:team:107416483509696259,10893,3364,,,,,2023-03-14T19:54:37.573Z,47.173988342285156,14,11,MOUZ,14614,SnapshotPlayerStats,False,5,6,Ahri,2,0,220,5,2023-03-14T19:41:19.748Z,True,2323973,0,0,2930,,,6656,3158,3157,4645,3089,,,,,18,0,315,5,0,4.5,False,Special,esports:player:003910ea-badb-4593-a4e8-7e7f65c51f7a,live:lol:riot:player:b0748f8b-6a27-37c6-bce9-1acbe057249a,953,1871,29.688796997070312,8360,8313,8316,8347,8473,8451,0,30,EINS,esports:team:ffc7eb3e-7fc1-48ef-8b28-7d3067c21ef0,live:lol:riot:team:107416483509696259,14204,3363,,,,,2023-03-14T19:54:37.573Z,20.21771240234375,1,5,MOUZ,19799,SnapshotPlayerStats,True,3,6,Sivir,5,0,1499,8,2023-03-14T19:41:19.748Z,True,2323973,0,2334,2334,,,6672,3006,3031,3072,3036,2420,,,,17,21,361,30.9999942779541,0,25.999996185302734,False,SMILEY,esports:player:bd7ba203-b2d7-49fa-9347-b49bef63f128,live:lol:riot:player:68459219-1226-34dc-aa09-de1a5400e70b,394,461,0,8008,8009,9103,8014,8345,8304,0,30,EINS,esports:team:ffc7eb3e-7fc1-48ef-8b28-7d3067c21ef0,live:lol:riot:team:107416483509696259,17248,3363,,,,,2023-03-14T19:54:37.573Z,55.17302322387695,9,17,MOUZ,17725,SnapshotPlayerStats,True,7,6,Ashe,1,0,420,5,2023-03-14T19:41:19.748Z,True,2323973,30,2020,2020,,,3179,3864,3158,4005,2055,,,,,13,0,25,0,0,0,False,Lilipp,esports:player:cfbd9b74-7837-4968-900d-3301bc358bc8,live:lol:riot:player:76733557-ac14-31c1-9a66-334b03039660,246,564,0,9923,8126,8136,8106,8410,8345,0,30,EINS,esports:team:ffc7eb3e-7fc1-48ef-8b28-7d3067c21ef0,live:lol:riot:team:107416483509696259,8360,3364,,,,,2023-03-14T19:54:37.573Z,144.50680541992188,18,80,MOUZ,10109,SnapshotPlayerStats,True,7,5,Yone,9,0,3283,1,2023-03-14T19:41:19.748Z,True,2323973,0,2513,2513,,,3006,6673,3031,3072,3026,3140,,,,18,22,373,40.00000762939453,5,18.499998092651367,False,Carlsen,esports:player:168e31e0-9579-4a79-96e0-1bc61bbcf166,live:lol:riot:player:5a819834-2418-3252-825d-7597ea6142a5,1325,1309,0,8008,9111,9104,8299,8444,8242,0,30,MOUZ,esports:team:a3190799-579b-4611-b623-dfd31da1d2e1,live:lol:riot:team:102787200120306562,20317,3364,,,,,2023-03-14T19:54:37.573Z,38.77945327758789,7,7,MOUZ,25710,SnapshotPlayerStats,True,9,34,Vi,6,0,1730,0,2023-03-14T19:41:19.748Z,True,2323973,0,1839,3543,,,3071,3047,6667,3107,1038,2421,,,,17,0,64,180,28,96.5000228881836,False,Alexx,esports:player:c61d76b6-a19b-4215-b18b-fb9adfbb6d73,live:lol:riot:player:cc1d8c2b-a8bc-3df5-a7f8-b5407aa6ee04,1074,980,0,8010,9111,9104,8299,8429,8242,0,30,MOUZ,esports:team:a3190799-579b-4611-b623-dfd31da1d2e1,live:lol:riot:team:102787200120306562,14894,3364,,,,,2023-03-14T19:54:37.573Z,80.1520004272461,30,12,MOUZ,17480,SnapshotPlayerStats,True,13,0,Azir,5,0,1103,3,2023-03-14T19:41:19.748Z,True,2323973,0,1957,2845,,,6653,3020,3157,4645,3089,2055,,,,18,0,313,12,2.5,8,False,Sencux,esports:player:890a48ae-ab30-4296-8998-9dd2a3ab665f,live:lol:riot:player:c2908e35-6538-3ea0-afac-ab376e5faeed,1903,1219,0,8214,8226,8210,8237,8345,8347,0,30,MOUZ,esports:team:a3190799-579b-4611-b623-dfd31da1d2e1,live:lol:riot:team:102787200120306562,16127,3363,,,,,2023-03-14T19:54:37.573Z,50.83784103393555,4,20,MOUZ,21679,SnapshotPlayerStats,True,9,0,Aphelios,5,0,1725,4,2023-03-14T19:41:19.748Z,True,2323973,0,2283,2283,,,3072,3047,6671,3031,1018,2055,,,,17,21,261,8,4,4,False,Kynetic,esports:player:b8188a35-f887-4962-aa50-9bda7cc8df78,live:lol:riot:player:7bb03db5-ee25-333f-8659-e184c7599112,1251,1135,0,8021,9101,9103,8017,8139,8134,0,30,MOUZ,esports:team:a3190799-579b-4611-b623-dfd31da1d2e1,live:lol:riot:team:102787200120306562,14799,3363,,,,,2023-03-14T19:54:37.573Z,50.48164367675781,13,19,MOUZ,17344,SnapshotPlayerStats,True,21,0,Thresh,1,0,1043,3,2023-03-14T19:41:19.748Z,True,2323973,30,774,2722,,,3158,2065,3857,3222,3114,4643,,,,14,0,45,0,0,0,False,Tore,esports:player:f0d603d9-da4e-461c-a06a-a168c66637b1,live:lol:riot:player:8a9a04c3-cd29-3930-9455-2f243836bd2b,1437,2434,0,8351,8306,8316,8347,8463,8444,0,30,MOUZ,esports:team:a3190799-579b-4611-b623-dfd31da1d2e1,live:lol:riot:team:102787200120306562,10243,3364,,,,,2023-03-14T19:54:37.573Z,124.39942169189453,19,52,MOUZ,12864,EINS,esports:team:ffc7eb3e-7fc1-48ef-8b28-7d3067c21ef0,blue,live:lol:riot:team:107416483509696259,MOUZ,esports:team:a3190799-579b-4611-b623-dfd31da1d2e1,red,live:lol:riot:team:102787200120306562,TeamGameStats,25,0,26,3,64116,11,EINS,esports:team:ffc7eb3e-7fc1-48ef-8b28-7d3067c21ef0,3,TeamGameStats,59,2,11,3,76380,26,MOUZ,esports:team:a3190799-579b-4611-b623-dfd31da1d2e1,11,WinProbability,0,0.45512253027030425,0.5448774697296958,WinProbability,0.25,0.4352937486861639,0.5647062513138361,WinProbability,0.5,0.4231589114012403,0.5768410885987597,WinProbability,0.75,0.4175056737783108,0.5824943262216892,WinProbability,1,0.4140149257859496,0.5859850742140504,WinProbability,1.25,0.41212516303923175,0.5878748369607683,WinProbability,1.5,0.4964796169273406,0.5035203830726593,WinProbability,1.75,0.5482502838558243,0.4517497161441757,WinProbability,2,0.5808281924079217,0.4191718075920783,WinProbability,2.25,0.6143584284765115,0.38564157152348855,WinProbability,2.5,0.6154547674698957,0.3845452325301043,WinProbability,2.75,0.6821874225533475,0.3178125774466525,WinProbability,3,0.7616404755922808,0.23835952440771924,WinProbability,3.25,0.7351078453008548,0.2648921546991452,WinProbability,3.5,0.6580509869719102,0.3419490130280898,WinProbability,3.75,0.6032855055642441,0.3967144944357559,WinProbability,4,0.5257646590794856,0.47423534092051445,WinProbability,4.25,0.5824918676107268,0.4175081323892732,WinProbability,4.5,0.6410006694880269,0.3589993305119731,WinProbability,4.75,0.6295378504640133,0.37046214953598666,WinProbability,5,0.6679090350132972,0.33209096498670276,WinProbability,5.25,0.7515130327536554,0.24848696724634456,WinProbability,5.5,0.7998546817070058,0.2001453182929942,WinProbability,5.75,0.830383772307381,0.16961622769261897,WinProbability,6,0.8423641430621016,0.1576358569378984,WinProbability,6.25,0.8395267287315074,0.16047327126849265,WinProbability,6.5,0.824302894196254,0.17569710580374598,WinProbability,6.75,0.8297571728902454,0.17024282710975458,WinProbability,7,0.8194506950478241,0.18054930495217592,WinProbability,7.25,0.8081610720590667,0.19183892794093327,WinProbability,7.5,0.8539972420543029,0.14600275794569706,WinProbability,7.75,0.8324227921251505,0.16757720787484953,WinProbability,8,0.7302717815273938,0.2697282184726062,WinProbability,8.25,0.724408534092114,0.27559146590788597,WinProbability,8.5,0.7229415483363217,0.27705845166367826,WinProbability,8.75,0.6741695053524794,0.32583049464752056,WinProbability,9,0.6081273901797548,0.3918726098202452,WinProbability,9.25,0.5485487108710152,0.4514512891289848,WinProbability,9.5,0.430500348221708,0.569499651778292,WinProbability,9.75,0.4895632343079288,0.5104367656920712,WinProbability,10,0.5460948149922276,0.45390518500777244,WinProbability,10.25,0.5810316959428552,0.4189683040571448,WinProbability,10.5,0.6993902378819126,0.30060976211808743,WinProbability,10.75,0.779601157404917,0.22039884259508302,WinProbability,11,0.8026490833579054,0.1973509166420946,WinProbability,11.25,0.8164654784673115,0.18353452153268845,WinProbability,11.5,0.7270239927064353,0.27297600729356475,WinProbability,11.75,0.7555776122269754,0.2444223877730246,WinProbability,12,0.7887348646115508,0.21126513538844915,WinProbability,12.25,0.8384552323951927,0.1615447676048073,WinProbability,12.5,0.8850734454956561,0.11492655450434386,WinProbability,12.75,0.9012486057081178,0.09875139429188218,WinProbability,13,0.8955658836067371,0.10443411639326294,WinProbability,13.25,0.8492662823841204,0.15073371761587961,WinProbability,13.5,0.8962034746821486,0.10379652531785144,WinProbability,13.75,0.943226672713542,0.05677332728645801,WinProbability,14,0.9516047300452877,0.04839526995471233,WinProbability,14.25,0.9680860896983183,0.03191391030168167,WinProbability,14.5,0.9803270038517594,0.019672996148240585,WinProbability,14.75,0.9766541239679511,0.02334587603204885,WinProbability,15,0.9650887396168736,0.03491126038312642,WinProbability,15.25,0.923549203068523,0.07645079693147705,WinProbability,15.5,0.7434631432298595,0.2565368567701405,WinProbability,15.75,0.5598761813447709,0.4401238186552291,WinProbability,16,0.5017644518760237,0.4982355481239763,WinProbability,16.25,0.6254923484523834,0.37450765154761656,WinProbability,16.5,0.7717730291754528,0.22822697082454724,WinProbability,16.75,0.8717886537652,0.12821134623480002,WinProbability,17,0.8837724043976725,0.11622759560232754,WinProbability,17.25,0.8060272323702521,0.1939727676297479,WinProbability,17.5,0.8036331356376238,0.19636686436237616,WinProbability,17.75,0.782654792484927,0.21734520751507302,WinProbability,18,0.7610478564101523,0.23895214358984773,WinProbability,18.25,0.6088511627785037,0.3911488372214963,WinProbability,18.5,0.5780478993599382,0.42195210064006183,WinProbability,18.75,0.5645432541716147,0.43545674582838534,WinProbability,19,0.4087564784176819,0.5912435215823181,WinProbability,19.25,0.24604573786678355,0.7539542621332165,WinProbability,19.5,0.20047916300222307,0.7995208369977769,WinProbability,19.75,0.09786925830014279,0.9021307416998572,WinProbability,20,0.04545215382699112,0.9545478461730089,WinProbability,20.25,0.025668626476461516,0.9743313735235385,WinProbability,20.5,0.02737552692435781,0.9726244730756421,WinProbability,20.75,0.0462537365747512,0.9537462634252488,WinProbability,21,0.06104468199232374,0.9389553180076763,WinProbability,21.25,0.041100234104585937,0.958899765895414,WinProbability,21.5,0.034894512229932145,0.9651054877700679,WinProbability,21.75,0.02046214376774267,0.9795378562322573,WinProbability,22,0.016578661991790533,0.9834213380082095,WinProbability,22.25,0.015604462742326464,0.9843955372576736,WinProbability,22.5,0.012065294003105808,0.9879347059968941,WinProbability,22.75,0.012450330573038725,0.9875496694269613,WinProbability,23,0.013908106837218642,0.9860918931627813,WinProbability,23.25,0.01514251969622185,0.9848574803037782,WinProbability,23.5,0.020552520956081698,0.9794474790439183,WinProbability,23.75,0.020741213851125685,0.9792587861488743,WinProbability,24,0.01644590435911418,0.9835540956408858,WinProbability,24.25,0.007072263212627918,0.9929277367873721,WinProbability,24.5,0.003087579192228994,0.996912420807771,WinProbability,24.75,0.0012811064258093953,0.9987188935741906,WinProbability,25,0.0007628832328888041,0.9992371167671112,WinProbability,25.25,0.0004924768301573247,0.9995075231698427,WinProbability,25.5,0.000572635942752653,0.9994273640572473,WinProbability,25.75,0.0008071491221081757,0.9991928508778918,WinProbability,26,0.0007766139856340563,0.9992233860143659,WinProbability,26.25,0.0008447933547036721,0.9991552066452963,WinProbability,26.5,0.0013552595822453684,0.9986447404177546,WinProbability,26.75,0.0023099957178574913,0.9976900042821425,WinProbability,27,0.0015650837959989311,0.998434916204001,WinProbability,27.25,0.0008235043047531144,0.9991764956952469,WinProbability,27.5,0.0004707616257934169,0.9995292383742066,WinProbability,27.75,0.0003507009993130025,0.999649299000687,WinProbability,28,0.0003623308675468677,0.9996376691324531,WinProbability,28.25,0.0007246124858519568,0.999275387514148,WinProbability,28.5,0.0010728572234601555,0.9989271427765398,WinProbability,28.75,0.0011961278615341786,0.9988038721384658,WinProbability,29,0.0009448910840902248,0.9990551089159098,WinProbability,29.25,0.0009162285419986098,0.9990837714580014,WinProbability,29.5,0.0006198386346126252,0.9993801613653873,WinProbability,29.75,0.000410324375955248,0.9995896756240448,WinProbability,30,0.0002593024903761175,0.9997406975096239,WinProbability,30.25,0.0003259869348319564,0.999674013065168,WinProbability,30.5,0.0005523865759216473,0.9994476134240784,WinProbability,30.75,0.0006292774569895924,0.9993707225430104,WinProbability,31,0.0007693362047470408,0.9992306637952529,WinProbability,31.25,0.0006189521153437938,0.9993810478846562,WinProbability,31.5,0.0006733726267317351,0.9993266273732683,WinProbability,31.75,0.0005189293439095178,0.9994810706560905,WinProbability,32,0.0003075557554268613,0.9996924442445732,WinProbability,32.25,0.00011955447762877739,0.9998804455223712,WinProbability,32.5,4.8175432974634504e-05,0.9999518245670254,WinProbability,32.75,4.916278565580799e-05,0.9999508372143442,WinProbability,33,2.8195837334318002e-05,0.9999718041626657,WinProbability,33.25,1.4325677143021985e-05,0.999985674322857,WinProbability,33.5,5.444347987569344e-06,0.9999945556520125,WinProbability,33.75,2.9652881013394816e-06,0.9999970347118987,WinProbability,34,3.2924363858785224e-06,0.9999967075636141,WinProbability,34.25,3.703913000444628e-06,0.9999962960869996,WinProbability,34.5,2.9858052624813194e-06,0.9999970141947375,WinProbability,34.75,1.5094245165492199e-06,0.9999984905754834,WinProbability,35,8.043532542301885e-07,0.9999991956467458,WinProbability,35.25,4.374289898202952e-07,0.9999995625710102,WinProbability,35.5,1.939031167645332e-07,0.9999998060968832,WinProbability,35.75,1.3088594265405465e-07,0.9999998691140574,WinProbability,36,1.667553844407813e-07,0.9999998332446156,WinProbability,36.25,1.8708167271162344e-07,0.9999998129183273,WinProbability,36.5,2.1959930634455488e-07,0.9999997804006937,WinProbability,36.75,2.0070625914776808e-07,0.9999997992937408,WinProbability,37,3.208268945496772e-07,0.9999996791731055,WinProbability,37.25,3.6572170293804235e-07,0.9999996342782971,WinProbability,37.5,3.270440301781839e-07,0.9999996729559698,WinProbability,37.75,3.184439044433559e-07,0.9999996815560955,WinProbability,38,1.5221045624957553e-07,0.9999998477895438,WinProbability,38.25,4.09419845084932e-08,0.9999999590580155,WinProbability,38.5,1.2774462322249727e-08,0.9999999872255376,WinProbability,38.75,0,1,WinProbability,39,0,1,red,MOUZ,esports:team:a3190799-579b-4611-b623-dfd31da1d2e1,live:lol:riot:team:102787200120306562,1678825803,LiveGame,True,False,400,False,1,1,BEST_OF,TeamDetails,EINS,esports:team:ffc7eb3e-7fc1-48ef-8b28-7d3067c21ef0,live:lol:riot:team:107416483509696259,TeamDetails,MOUZ,esports:team:a3190799-579b-4611-b623-dfd31da1d2e1,live:lol:riot:team:102787200120306562,live:lol:riot:map:esportstmnt06-2775659,esports:team:a3190799-579b-4611-b623-dfd31da1d2e1,2023-03-14T19:00:00Z,400,esports:match:9691e352-4593-4357-96a8-b9f57fb843d9,PrematchWinProbability,0.43720305547772365,0.5627969445222764,MatchScore,1,0,TeamDetails,MOUZ,289,Mousesports,0,0,PlayerHistory,PlayerDetails,748,Carl Ulsted Carlsen,https://factorassets.global.ssl.fastly.net/player-headshots/default.png,Carlsen,esports:player:168e31e0-9579-4a79-96e0-1bc61bbcf166,esports:player:168e31e0-9579-4a79-96e0-1bc61bbcf166,top,esports:tournament:5064eef1-4d0e-4a4b-8290-7c8b616425aa,PlayerHistory,PlayerDetails,616,Chres Laursen,https://factorassets.global.ssl.fastly.net/player-headshots/esports:player:890a48ae-ab30-4296-8998-9dd2a3ab665f/latest.png,Chres,esports:player:890a48ae-ab30-4296-8998-9dd2a3ab665f,esports:player:890a48ae-ab30-4296-8998-9dd2a3ab665f,mid,esports:tournament:5064eef1-4d0e-4a4b-8290-7c8b616425aa,PlayerHistory,PlayerDetails,1415,Alexander Osterlind,https://factorassets.global.ssl.fastly.net/player-headshots/esports:player:c61d76b6-a19b-4215-b18b-fb9adfbb6d73/latest.png,Alexx,esports:player:c61d76b6-a19b-4215-b18b-fb9adfbb6d73,esports:player:c61d76b6-a19b-4215-b18b-fb9adfbb6d73,jng,esports:tournament:5064eef1-4d0e-4a4b-8290-7c8b616425aa,PlayerHistory,PlayerDetails,2488,Leander Sydekum,https://factorassets.global.ssl.fastly.net/player-headshots/esports:player:b8188a35-f887-4962-aa50-9bda7cc8df78/latest.png,Kynetic,esports:player:b8188a35-f887-4962-aa50-9bda7cc8df78,esports:player:b8188a35-f887-4962-aa50-9bda7cc8df78,bot,esports:tournament:5064eef1-4d0e-4a4b-8290-7c8b616425aa,PlayerHistory,PlayerDetails,11113,Tore Hoel Eilertsen,https://factorassets.global.ssl.fastly.net/player-headshots/esports:player:f0d603d9-da4e-461c-a06a-a168c66637b1/latest.png,Tore,esports:player:f0d603d9-da4e-461c-a06a-a168c66637b1,esports:player:f0d603d9-da4e-461c-a06a-a168c66637b1,sup,esports:tournament:5064eef1-4d0e-4a4b-8290-7c8b616425aa,PlayerHistory,PlayerDetails,2500,Vladislav Fomin,https://factorassets.global.ssl.fastly.net/player-headshots/esports:player:8eac5cc4-d093-48d8-8bc3-f3034cf00133/latest.png,BOSS,esports:player:8eac5cc4-d093-48d8-8bc3-f3034cf00133,esports:player:8eac5cc4-d093-48d8-8bc3-f3034cf00133,top,esports:tournament:c657a4e8-585e-4484-9696-6a270916e5e4,PlayerHistory,PlayerDetails,2883,Vladlen Dvoretskiy,https://factorassets.global.ssl.fastly.net/player-headshots/esports:player:8ba51ad5-d505-4a67-8b8f-d60aba76adf5/latest.png,Saviour,esports:player:8ba51ad5-d505-4a67-8b8f-d60aba76adf5,esports:player:8ba51ad5-d505-4a67-8b8f-d60aba76adf5,sup,esports:tournament:c657a4e8-585e-4484-9696-6a270916e5e4,PlayerHistory,PlayerDetails,191650,Maurice Stückenschneider,,Amazing,esports:player:f3b38b15-1f1e-433c-89f6-1cba8d71e9d6,esports:player:f3b38b15-1f1e-433c-89f6-1cba8d71e9d6,jng,esports:tournament:c657a4e8-585e-4484-9696-6a270916e5e4,PlayerHistory,PlayerDetails,2223,Lev Yakshin,https://factorassets.global.ssl.fastly.net/player-headshots/esports:player:644125d9-a77f-4a53-8fa5-f5dcad395874/latest.png,Nomanz,esports:player:644125d9-a77f-4a53-8fa5-f5dcad395874,esports:player:644125d9-a77f-4a53-8fa5-f5dcad395874,mid,esports:tournament:c657a4e8-585e-4484-9696-6a270916e5e4,PlayerHistory,PlayerDetails,2621,Ömer  Türgüt,https://factorassets.global.ssl.fastly.net/player-headshots/esports:player:a0c3ede0-d5ec-4b36-9d65-8a20fad853c0/latest.png,Practice,esports:player:a0c3ede0-d5ec-4b36-9d65-8a20fad853c0,esports:player:a0c3ede0-d5ec-4b36-9d65-8a20fad853c0,bot,esports:tournament:c657a4e8-585e-4484-9696-6a270916e5e4,PlayerHistory,PlayerDetails,2223,Lev Yakshin,https://factorassets.global.ssl.fastly.net/player-headshots/esports:player:644125d9-a77f-4a53-8fa5-f5dcad395874/latest.png,Nomanz,esports:player:644125d9-a77f-4a53-8fa5-f5dcad395874,esports:player:644125d9-a77f-4a53-8fa5-f5dcad395874,mid,esports:tournament:8756e6af-f152-4eac-aeac-2b69785b1da1,PlayerHistory,PlayerDetails,2621,Ömer  Türgüt,https://factorassets.global.ssl.fastly.net/player-headshots/esports:player:a0c3ede0-d5ec-4b36-9d65-8a20fad853c0/latest.png,Practice,esports:player:a0c3ede0-d5ec-4b36-9d65-8a20fad853c0,esports:player:a0c3ede0-d5ec-4b36-9d65-8a20fad853c0,bot,esports:tournament:8756e6af-f152-4eac-aeac-2b69785b1da1,PlayerHistory,PlayerDetails,2883,Vladlen Dvoretskiy,https://factorassets.global.ssl.fastly.net/player-headshots/esports:player:8ba51ad5-d505-4a67-8b8f-d60aba76adf5/latest.png,Saviour,esports:player:8ba51ad5-d505-4a67-8b8f-d60aba76adf5,esports:player:8ba51ad5-d505-4a67-8b8f-d60aba76adf5,sup,esports:tournament:8756e6af-f152-4eac-aeac-2b69785b1da1,PlayerHistory,PlayerDetails,2500,Vladislav Fomin,https://factorassets.global.ssl.fastly.net/player-headshots/esports:player:8eac5cc4-d093-48d8-8bc3-f3034cf00133/latest.png,BOSS,esports:player:8eac5cc4-d093-48d8-8bc3-f3034cf00133,esports:player:8eac5cc4-d093-48d8-8bc3-f3034cf00133,top,esports:tournament:8756e6af-f152-4eac-aeac-2b69785b1da1,PlayerHistory,PlayerDetails,909,Linas Naunčikas,https://factorassets.global.ssl.fastly.net/player-headshots/esports:player:586aadcd-3bfd-4b05-be93-f01fc1c7b4b3/latest.png,Lyncas,esports:player:586aadcd-3bfd-4b05-be93-f01fc1c7b4b3,esports:player:586aadcd-3bfd-4b05-be93-f01fc1c7b4b3,jng,esports:tournament:8756e6af-f152-4eac-aeac-2b69785b1da1,PlayerHistory,PlayerDetails,3153,Kamil Kostal,https://factorassets.global.ssl.fastly.net/player-headshots/esports:player:8e8c15db-7091-4153-a73e-8635ca0da5b1/latest.png,Kamilius,esports:player:8e8c15db-7091-4153-a73e-8635ca0da5b1,esports:player:8e8c15db-7091-4153-a73e-8635ca0da5b1,sup,esports:tournament:7f76b6b4-6da4-478b-9d60-7c49092b58fb,PlayerHistory,PlayerDetails,981,Ilya  Makavchuk,https://factorassets.global.ssl.fastly.net/player-headshots/esports:player:daaa5935-2b41-433c-ad20-8a1402dba0d2/latest.png,Gadget,esports:player:daaa5935-2b41-433c-ad20-8a1402dba0d2,esports:player:daaa5935-2b41-433c-ad20-8a1402dba0d2,bot,esports:tournament:7f76b6b4-6da4-478b-9d60-7c49092b58fb,PlayerHistory,PlayerDetails,763,Pawel Szczepanik,https://factorassets.global.ssl.fastly.net/player-headshots/esports:player:0c322e3d-db12-4547-bcb9-cc8350cbcb2e/latest.png,Czekolad,esports:player:0c322e3d-db12-4547-bcb9-cc8350cbcb2e,esports:player:0c322e3d-db12-4547-bcb9-cc8350cbcb2e,mid,esports:tournament:7f76b6b4-6da4-478b-9d60-7c49092b58fb,PlayerHistory,PlayerDetails,1148,Max Günther,https://factorassets.global.ssl.fastly.net/player-headshots/esports:player:4ca3c67d-9251-4e56-b91e-0cf9670ac363/latest.png,Satorius,esports:player:4ca3c67d-9251-4e56-b91e-0cf9670ac363,esports:player:4ca3c67d-9251-4e56-b91e-0cf9670ac363,top,esports:tournament:7f76b6b4-6da4-478b-9d60-7c49092b58fb,PlayerHistory,PlayerDetails,2494,Milo Wehnes,https://factorassets.global.ssl.fastly.net/player-headshots/esports:player:2ffb6af4-522e-484f-981c-520701767b9a/latest.png,Pridestalkr,esports:player:2ffb6af4-522e-484f-981c-520701767b9a,esports:player:2ffb6af4-522e-484f-981c-520701767b9a,jng,esports:tournament:7f76b6b4-6da4-478b-9d60-7c49092b58fb,PlayerHistory,PlayerDetails,2494,Milo Wehnes,https://factorassets.global.ssl.fastly.net/player-headshots/esports:player:2ffb6af4-522e-484f-981c-520701767b9a/latest.png,Pridestalkr,esports:player:2ffb6af4-522e-484f-981c-520701767b9a,esports:player:2ffb6af4-522e-484f-981c-520701767b9a,jng,esports:tournament:2bac823e-4f89-4ffe-b5f2-a298a48a4957,PlayerHistory,PlayerDetails,763,Pawel Szczepanik,https://factorassets.global.ssl.fastly.net/player-headshots/esports:player:0c322e3d-db12-4547-bcb9-cc8350cbcb2e/latest.png,Czekolad,esports:player:0c322e3d-db12-4547-bcb9-cc8350cbcb2e,esports:player:0c322e3d-db12-4547-bcb9-cc8350cbcb2e,mid,esports:tournament:2bac823e-4f89-4ffe-b5f2-a298a48a4957,PlayerHistory,PlayerDetails,1824,Lukas Thoma,https://factorassets.global.ssl.fastly.net/player-headshots/esports:player:232ead61-5b93-4499-9cba-037ab7378625/latest.png,Lurox,esports:player:232ead61-5b93-4499-9cba-037ab7378625,esports:player:232ead61-5b93-4499-9cba-037ab7378625,jng,esports:tournament:2bac823e-4f89-4ffe-b5f2-a298a48a4957,PlayerHistory,PlayerDetails,232,Damian Konefał,https://factorassets.global.ssl.fastly.net/player-headshots/esports:player:46adc2f3-702c-48d6-b1d8-54593299ed3c/latest.png,Lucker,esports:player:46adc2f3-702c-48d6-b1d8-54593299ed3c,esports:player:46adc2f3-702c-48d6-b1d8-54593299ed3c,bot,esports:tournament:2bac823e-4f89-4ffe-b5f2-a298a48a4957,PlayerHistory,PlayerDetails,1148,Max Günther,https://factorassets.global.ssl.fastly.net/player-headshots/esports:player:4ca3c67d-9251-4e56-b91e-0cf9670ac363/latest.png,Satorius,esports:player:4ca3c67d-9251-4e56-b91e-0cf9670ac363,esports:player:4ca3c67d-9251-4e56-b91e-0cf9670ac363,top,esports:tournament:2bac823e-4f89-4ffe-b5f2-a298a48a4957,PlayerHistory,PlayerDetails,616,Chres Laursen,https://factorassets.global.ssl.fastly.net/player-headshots/esports:player:890a48ae-ab30-4296-8998-9dd2a3ab665f/latest.png,Chres,esports:player:890a48ae-ab30-4296-8998-9dd2a3ab665f,esports:player:890a48ae-ab30-4296-8998-9dd2a3ab665f,mid,esports:tournament:2bac823e-4f89-4ffe-b5f2-a298a48a4957,PlayerHistory,PlayerDetails,3153,Kamil Kostal,https://factorassets.global.ssl.fastly.net/player-headshots/esports:player:8e8c15db-7091-4153-a73e-8635ca0da5b1/latest.png,Kamilius,esports:player:8e8c15db-7091-4153-a73e-8635ca0da5b1,esports:player:8e8c15db-7091-4153-a73e-8635ca0da5b1,sup,esports:tournament:2bac823e-4f89-4ffe-b5f2-a298a48a4957,PlayerHistory,PlayerDetails,2688,Lukasz Grzeskowiak,https://factorassets.global.ssl.fastly.net/player-headshots/esports:player:9fb87846-bc63-485e-ad07-ffc7a1dc4f1d/latest.png,Pyrka,esports:player:9fb87846-bc63-485e-ad07-ffc7a1dc4f1d,esports:player:9fb87846-bc63-485e-ad07-ffc7a1dc4f1d,sup,esports:tournament:2bac823e-4f89-4ffe-b5f2-a298a48a4957,PlayerHistory,PlayerDetails,996,Jakub Rucki,https://factorassets.global.ssl.fastly.net/player-headshots/esports:player:a058eeb0-3d71-48f9-9b5f-75b2f6b3d892/latest.png,Simnivak,esports:player:a058eeb0-3d71-48f9-9b5f-75b2f6b3d892,esports:player:a058eeb0-3d71-48f9-9b5f-75b2f6b3d892,top,esports:tournament:2bac823e-4f89-4ffe-b5f2-a298a48a4957,PlayerHistory,PlayerDetails,981,Ilya  Makavchuk,https://factorassets.global.ssl.fastly.net/player-headshots/esports:player:daaa5935-2b41-433c-ad20-8a1402dba0d2/latest.png,Gadget,esports:player:daaa5935-2b41-433c-ad20-8a1402dba0d2,esports:player:daaa5935-2b41-433c-ad20-8a1402dba0d2,bot,esports:tournament:2bac823e-4f89-4ffe-b5f2-a298a48a4957,PlayerHistory,PlayerDetails,3153,Kamil Kostal,https://factorassets.global.ssl.fastly.net/player-headshots/esports:player:8e8c15db-7091-4153-a73e-8635ca0da5b1/latest.png,Kamilius,esports:player:8e8c15db-7091-4153-a73e-8635ca0da5b1,esports:player:8e8c15db-7091-4153-a73e-8635ca0da5b1,sup,esports:tournament:f2f57027-ba0f-40fc-a9ed-da73c0b4a1ad,PlayerHistory,PlayerDetails,1148,Max Günther,https://factorassets.global.ssl.fastly.net/player-headshots/esports:player:4ca3c67d-9251-4e56-b91e-0cf9670ac363/latest.png,Satorius,esports:player:4ca3c67d-9251-4e56-b91e-0cf9670ac363,esports:player:4ca3c67d-9251-4e56-b91e-0cf9670ac363,top,esports:tournament:f2f57027-ba0f-40fc-a9ed-da73c0b4a1ad,PlayerHistory,PlayerDetails,2494,Milo Wehnes,https://factorassets.global.ssl.fastly.net/player-headshots/esports:player:2ffb6af4-522e-484f-981c-520701767b9a/latest.png,Pridestalkr,esports:player:2ffb6af4-522e-484f-981c-520701767b9a,esports:player:2ffb6af4-522e-484f-981c-520701767b9a,jng,esports:tournament:f2f57027-ba0f-40fc-a9ed-da73c0b4a1ad,PlayerHistory,PlayerDetails,981,Ilya  Makavchuk,https://factorassets.global.ssl.fastly.net/player-headshots/esports:player:daaa5935-2b41-433c-ad20-8a1402dba0d2/latest.png,Gadget,esports:player:daaa5935-2b41-433c-ad20-8a1402dba0d2,esports:player:daaa5935-2b41-433c-ad20-8a1402dba0d2,bot,esports:tournament:f2f57027-ba0f-40fc-a9ed-da73c0b4a1ad,PlayerHistory,PlayerDetails,763,Pawel Szczepanik,https://factorassets.global.ssl.fastly.net/player-headshots/esports:player:0c322e3d-db12-4547-bcb9-cc8350cbcb2e/latest.png,Czekolad,esports:player:0c322e3d-db12-4547-bcb9-cc8350cbcb2e,esports:player:0c322e3d-db12-4547-bcb9-cc8350cbcb2e,mid,esports:tournament:f2f57027-ba0f-40fc-a9ed-da73c0b4a1ad,PlayerHistory,PlayerDetails,981,Ilya  Makavchuk,https://factorassets.global.ssl.fastly.net/player-headshots/esports:player:daaa5935-2b41-433c-ad20-8a1402dba0d2/latest.png,Gadget,esports:player:daaa5935-2b41-433c-ad20-8a1402dba0d2,esports:player:daaa5935-2b41-433c-ad20-8a1402dba0d2,bot,esports:tournament:83268021-367e-4b38-aada-b64eaeaf8e7f,PlayerHistory,PlayerDetails,2494,Milo Wehnes,https://factorassets.global.ssl.fastly.net/player-headshots/esports:player:2ffb6af4-522e-484f-981c-520701767b9a/latest.png,Pridestalkr,esports:player:2ffb6af4-522e-484f-981c-520701767b9a,esports:player:2ffb6af4-522e-484f-981c-520701767b9a,jng,esports:tournament:83268021-367e-4b38-aada-b64eaeaf8e7f,PlayerHistory,PlayerDetails,3153,Kamil Kostal,https://factorassets.global.ssl.fastly.net/player-headshots/esports:player:8e8c15db-7091-4153-a73e-8635ca0da5b1/latest.png,Kamilius,esports:player:8e8c15db-7091-4153-a73e-8635ca0da5b1,esports:player:8e8c15db-7091-4153-a73e-8635ca0da5b1,sup,esports:tournament:83268021-367e-4b38-aada-b64eaeaf8e7f,PlayerHistory,PlayerDetails,763,Pawel Szczepanik,https://factorassets.global.ssl.fastly.net/player-headshots/esports:player:0c322e3d-db12-4547-bcb9-cc8350cbcb2e/latest.png,Czekolad,esports:player:0c322e3d-db12-4547-bcb9-cc8350cbcb2e,esports:player:0c322e3d-db12-4547-bcb9-cc8350cbcb2e,mid,esports:tournament:83268021-367e-4b38-aada-b64eaeaf8e7f,PlayerHistory,PlayerDetails,1148,Max Günther,https://factorassets.global.ssl.fastly.net/player-headshots/esports:player:4ca3c67d-9251-4e56-b91e-0cf9670ac363/latest.png,Satorius,esports:player:4ca3c67d-9251-4e56-b91e-0cf9670ac363,esports:player:4ca3c67d-9251-4e56-b91e-0cf9670ac363,top,esports:tournament:83268021-367e-4b38-aada-b64eaeaf8e7f,PlayerHistory,PlayerDetails,45,Trong Nghia Hoang,https://factorassets.global.ssl.fastly.net/player-headshots/default.png,Rueven,esports:player:cff5076c-24e6-420f-b640-a3f28cac55be,esports:player:cff5076c-24e6-420f-b640-a3f28cac55be,bot,esports:tournament:83268021-367e-4b38-aada-b64eaeaf8e7f,PlayerHistory,PlayerDetails,1303,Adam  Ilyasov,https://factorassets.global.ssl.fastly.net/player-headshots/esports:player:51e00064-0e40-4e51-8cc7-8b87d0a3d2a8/latest.png,LIDER,esports:player:51e00064-0e40-4e51-8cc7-8b87d0a3d2a8,esports:player:51e00064-0e40-4e51-8cc7-8b87d0a3d2a8,mid,esports:tournament:6724ecfc-3566-45d4-8bd5-5758c25259b5,PlayerHistory,PlayerDetails,110,Solal Accary,https://factorassets.global.ssl.fastly.net/player-headshots/esports:player:84d19527-2995-4932-8b7e-f4e0b6cea39f/latest.png,Enjawve,esports:player:84d19527-2995-4932-8b7e-f4e0b6cea39f,esports:player:84d19527-2995-4932-8b7e-f4e0b6cea39f,sup,esports:tournament:6724ecfc-3566-45d4-8bd5-5758c25259b5,PlayerHistory,PlayerDetails,981,Ilya  Makavchuk,https://factorassets.global.ssl.fastly.net/player-headshots/esports:player:daaa5935-2b41-433c-ad20-8a1402dba0d2/latest.png,Gadget,esports:player:daaa5935-2b41-433c-ad20-8a1402dba0d2,esports:player:daaa5935-2b41-433c-ad20-8a1402dba0d2,bot,esports:tournament:6724ecfc-3566-45d4-8bd5-5758c25259b5,PlayerHistory,PlayerDetails,1148,Max Günther,https://factorassets.global.ssl.fastly.net/player-headshots/esports:player:4ca3c67d-9251-4e56-b91e-0cf9670ac363/latest.png,Satorius,esports:player:4ca3c67d-9251-4e56-b91e-0cf9670ac363,esports:player:4ca3c67d-9251-4e56-b91e-0cf9670ac363,top,esports:tournament:6724ecfc-3566-45d4-8bd5-5758c25259b5,PlayerHistory,PlayerDetails,2494,Milo Wehnes,https://factorassets.global.ssl.fastly.net/player-headshots/esports:player:2ffb6af4-522e-484f-981c-520701767b9a/latest.png,Pridestalkr,esports:player:2ffb6af4-522e-484f-981c-520701767b9a,esports:player:2ffb6af4-522e-484f-981c-520701767b9a,jng,esports:tournament:6724ecfc-3566-45d4-8bd5-5758c25259b5,PlayerHistory,PlayerDetails,1148,Max Günther,https://factorassets.global.ssl.fastly.net/player-headshots/esports:player:4ca3c67d-9251-4e56-b91e-0cf9670ac363/latest.png,Satorius,esports:player:4ca3c67d-9251-4e56-b91e-0cf9670ac363,esports:player:4ca3c67d-9251-4e56-b91e-0cf9670ac363,top,esports:tournament:5729710f-fcc5-40d2-972e-7895666b1065,PlayerHistory,PlayerDetails,1303,Adam  Ilyasov,https://factorassets.global.ssl.fastly.net/player-headshots/esports:player:51e00064-0e40-4e51-8cc7-8b87d0a3d2a8/latest.png,LIDER,esports:player:51e00064-0e40-4e51-8cc7-8b87d0a3d2a8,esports:player:51e00064-0e40-4e51-8cc7-8b87d0a3d2a8,mid,esports:tournament:5729710f-fcc5-40d2-972e-7895666b1065,PlayerHistory,PlayerDetails,981,Ilya  Makavchuk,https://factorassets.global.ssl.fastly.net/player-headshots/esports:player:daaa5935-2b41-433c-ad20-8a1402dba0d2/latest.png,Gadget,esports:player:daaa5935-2b41-433c-ad20-8a1402dba0d2,esports:player:daaa5935-2b41-433c-ad20-8a1402dba0d2,bot,esports:tournament:5729710f-fcc5-40d2-972e-7895666b1065,PlayerHistory,PlayerDetails,110,Solal Accary,https://factorassets.global.ssl.fastly.net/player-headshots/esports:player:84d19527-2995-4932-8b7e-f4e0b6cea39f/latest.png,Enjawve,esports:player:84d19527-2995-4932-8b7e-f4e0b6cea39f,esports:player:84d19527-2995-4932-8b7e-f4e0b6cea39f,sup,esports:tournament:5729710f-fcc5-40d2-972e-7895666b1065,PlayerHistory,PlayerDetails,2494,Milo Wehnes,https://factorassets.global.ssl.fastly.net/player-headshots/esports:player:2ffb6af4-522e-484f-981c-520701767b9a/latest.png,Pridestalkr,esports:player:2ffb6af4-522e-484f-981c-520701767b9a,esports:player:2ffb6af4-522e-484f-981c-520701767b9a,jng,esports:tournament:5729710f-fcc5-40d2-972e-7895666b1065,PlayerHistory,PlayerDetails,2494,Milo Wehnes,https://factorassets.global.ssl.fastly.net/player-headshots/esports:player:2ffb6af4-522e-484f-981c-520701767b9a/latest.png,Pridestalkr,esports:player:2ffb6af4-522e-484f-981c-520701767b9a,esports:player:2ffb6af4-522e-484f-981c-520701767b9a,jng,esports:tournament:c094de54-001b-4c25-a0d4-a6a1fe53c836,PlayerHistory,PlayerDetails,1148,Max Günther,https://factorassets.global.ssl.fastly.net/player-headshots/esports:player:4ca3c67d-9251-4e56-b91e-0cf9670ac363/latest.png,Satorius,esports:player:4ca3c67d-9251-4e56-b91e-0cf9670ac363,esports:player:4ca3c67d-9251-4e56-b91e-0cf9670ac363,top,esports:tournament:c094de54-001b-4c25-a0d4-a6a1fe53c836,PlayerHistory,PlayerDetails,1303,Adam  Ilyasov,https://factorassets.global.ssl.fastly.net/player-headshots/esports:player:51e00064-0e40-4e51-8cc7-8b87d0a3d2a8/latest.png,LIDER,esports:player:51e00064-0e40-4e51-8cc7-8b87d0a3d2a8,esports:player:51e00064-0e40-4e51-8cc7-8b87d0a3d2a8,mid,esports:tournament:c094de54-001b-4c25-a0d4-a6a1fe53c836,PlayerHistory,PlayerDetails,981,Ilya  Makavchuk,https://factorassets.global.ssl.fastly.net/player-headshots/esports:player:daaa5935-2b41-433c-ad20-8a1402dba0d2/latest.png,Gadget,esports:player:daaa5935-2b41-433c-ad20-8a1402dba0d2,esports:player:daaa5935-2b41-433c-ad20-8a1402dba0d2,bot,esports:tournament:c094de54-001b-4c25-a0d4-a6a1fe53c836,PlayerHistory,PlayerDetails,110,Solal Accary,https://factorassets.global.ssl.fastly.net/player-headshots/esports:player:84d19527-2995-4932-8b7e-f4e0b6cea39f/latest.png,Enjawve,esports:player:84d19527-2995-4932-8b7e-f4e0b6cea39f,esports:player:84d19527-2995-4932-8b7e-f4e0b6cea39f,sup,esports:tournament:c094de54-001b-4c25-a0d4-a6a1fe53c836,PlayerHistory,PlayerDetails,2494,Milo Wehnes,https://factorassets.global.ssl.fastly.net/player-headshots/esports:player:2ffb6af4-522e-484f-981c-520701767b9a/latest.png,Pridestalkr,esports:player:2ffb6af4-522e-484f-981c-520701767b9a,esports:player:2ffb6af4-522e-484f-981c-520701767b9a,jng,esports:tournament:57abbadb-0c4d-4dd4-bfa8-01d087c13551,PlayerHistory,PlayerDetails,1303,Adam  Ilyasov,https://factorassets.global.ssl.fastly.net/player-headshots/esports:player:51e00064-0e40-4e51-8cc7-8b87d0a3d2a8/latest.png,LIDER,esports:player:51e00064-0e40-4e51-8cc7-8b87d0a3d2a8,esports:player:51e00064-0e40-4e51-8cc7-8b87d0a3d2a8,mid,esports:tournament:57abbadb-0c4d-4dd4-bfa8-01d087c13551,PlayerHistory,PlayerDetails,1148,Max Günther,https://factorassets.global.ssl.fastly.net/player-headshots/esports:player:4ca3c67d-9251-4e56-b91e-0cf9670ac363/latest.png,Satorius,esports:player:4ca3c67d-9251-4e56-b91e-0cf9670ac363,esports:player:4ca3c67d-9251-4e56-b91e-0cf9670ac363,top,esports:tournament:57abbadb-0c4d-4dd4-bfa8-01d087c13551,PlayerHistory,PlayerDetails,981,Ilya  Makavchuk,https://factorassets.global.ssl.fastly.net/player-headshots/esports:player:daaa5935-2b41-433c-ad20-8a1402dba0d2/latest.png,Gadget,esports:player:daaa5935-2b41-433c-ad20-8a1402dba0d2,esports:player:daaa5935-2b41-433c-ad20-8a1402dba0d2,bot,esports:tournament:57abbadb-0c4d-4dd4-bfa8-01d087c13551,PlayerHistory,PlayerDetails,110,Solal Accary,https://factorassets.global.ssl.fastly.net/player-headshots/esports:player:84d19527-2995-4932-8b7e-f4e0b6cea39f/latest.png,Enjawve,esports:player:84d19527-2995-4932-8b7e-f4e0b6cea39f,esports:player:84d19527-2995-4932-8b7e-f4e0b6cea39f,sup,esports:tournament:57abbadb-0c4d-4dd4-bfa8-01d087c13551,PlayerHistory,PlayerDetails,506,Jesper Klarin Stromberg,https://factorassets.global.ssl.fastly.net/player-headshots/esports:player:0a55b9bb-f2f6-4a32-800d-0af9c3c9a909/latest.png,Jeskla,esports:player:0a55b9bb-f2f6-4a32-800d-0af9c3c9a909,esports:player:0a55b9bb-f2f6-4a32-800d-0af9c3c9a909,bot,esports:tournament:4d5569a3-58e2-4a9c-8573-f7b176754c27,PlayerHistory,PlayerDetails,2559,Hampus Abrahamsson,https://factorassets.global.ssl.fastly.net/player-headshots/esports:player:d760f9e3-a411-4d69-b03b-551125c837e7/latest.png,promisq,esports:player:d760f9e3-a411-4d69-b03b-551125c837e7,esports:player:d760f9e3-a411-4d69-b03b-551125c837e7,sup,esports:tournament:4d5569a3-58e2-4a9c-8573-f7b176754c27,PlayerHistory,PlayerDetails,1303,Adam  Ilyasov,https://factorassets.global.ssl.fastly.net/player-headshots/esports:player:51e00064-0e40-4e51-8cc7-8b87d0a3d2a8/latest.png,LIDER,esports:player:51e00064-0e40-4e51-8cc7-8b87d0a3d2a8,esports:player:51e00064-0e40-4e51-8cc7-8b87d0a3d2a8,mid,esports:tournament:4d5569a3-58e2-4a9c-8573-f7b176754c27,PlayerHistory,,,top,esports:tournament:4d5569a3-58e2-4a9c-8573-f7b176754c27,PlayerHistory,,,jng,esports:tournament:4d5569a3-58e2-4a9c-8573-f7b176754c27,PlayerHistory,PlayerDetails,1303,Adam  Ilyasov,https://factorassets.global.ssl.fastly.net/player-headshots/esports:player:51e00064-0e40-4e51-8cc7-8b87d0a3d2a8/latest.png,LIDER,esports:player:51e00064-0e40-4e51-8cc7-8b87d0a3d2a8,esports:player:51e00064-0e40-4e51-8cc7-8b87d0a3d2a8,mid,esports:tournament:c303ec53-87ed-478f-a002-eb77d00414cd,PlayerHistory,PlayerDetails,2559,Hampus Abrahamsson,https://factorassets.global.ssl.fastly.net/player-headshots/esports:player:d760f9e3-a411-4d69-b03b-551125c837e7/latest.png,promisq,esports:player:d760f9e3-a411-4d69-b03b-551125c837e7,esports:player:d760f9e3-a411-4d69-b03b-551125c837e7,sup,esports:tournament:c303ec53-87ed-478f-a002-eb77d00414cd,PlayerHistory,PlayerDetails,506,Jesper Klarin Stromberg,https://factorassets.global.ssl.fastly.net/player-headshots/esports:player:0a55b9bb-f2f6-4a32-800d-0af9c3c9a909/latest.png,Jeskla,esports:player:0a55b9bb-f2f6-4a32-800d-0af9c3c9a909,esports:player:0a55b9bb-f2f6-4a32-800d-0af9c3c9a909,bot,esports:tournament:c303ec53-87ed-478f-a002-eb77d00414cd,PlayerHistory,,,jng,esports:tournament:c303ec53-87ed-478f-a002-eb77d00414cd,PlayerHistory,,,top,esports:tournament:c303ec53-87ed-478f-a002-eb77d00414cd,TeamRank,,135,0.4620735786170891,,0.4620735786170891,MOUZ,esports:team:a3190799-579b-4611-b623-dfd31da1d2e1,PlayerDetails,748,Carl Ulsted Carlsen,https://factorassets.global.ssl.fastly.net/player-headshots/default.png,Carlsen,esports:player:168e31e0-9579-4a79-96e0-1bc61bbcf166,Carlsen,esports:player:168e31e0-9579-4a79-96e0-1bc61bbcf166,top,PlayerDetails,616,Chres Laursen,https://factorassets.global.ssl.fastly.net/player-headshots/esports:player:890a48ae-ab30-4296-8998-9dd2a3ab665f/latest.png,Chres,esports:player:890a48ae-ab30-4296-8998-9dd2a3ab665f,Chres,esports:player:890a48ae-ab30-4296-8998-9dd2a3ab665f,mid,PlayerDetails,1415,Alexander Osterlind,https://factorassets.global.ssl.fastly.net/player-headshots/esports:player:c61d76b6-a19b-4215-b18b-fb9adfbb6d73/latest.png,Alexx,esports:player:c61d76b6-a19b-4215-b18b-fb9adfbb6d73,Alexx,esports:player:c61d76b6-a19b-4215-b18b-fb9adfbb6d73,jng,PlayerDetails,2488,Leander Sydekum,https://factorassets.global.ssl.fastly.net/player-headshots/esports:player:b8188a35-f887-4962-aa50-9bda7cc8df78/latest.png,Kynetic,esports:player:b8188a35-f887-4962-aa50-9bda7cc8df78,Kynetic,esports:player:b8188a35-f887-4962-aa50-9bda7cc8df78,bot,PlayerDetails,11113,Tore Hoel Eilertsen,https://factorassets.global.ssl.fastly.net/player-headshots/esports:player:f0d603d9-da4e-461c-a06a-a168c66637b1/latest.png,Tore,esports:player:f0d603d9-da4e-461c-a06a-a168c66637b1,Tore,esports:player:f0d603d9-da4e-461c-a06a-a168c66637b1,sup,TeamLogo,False,False,https://factorassets.global.ssl.fastly.net/teamlogo/esports:team:a3190799-579b-4611-b623-dfd31da1d2e1/latest.png,esports:team:a3190799-579b-4611-b623-dfd31da1d2e1,Tournament,Series,Prime League,esports:series:e8bffe58-b02c-45f9-bef1-053d9911dae3,esports:tournament:5064eef1-4d0e-4a4b-8290-7c8b616425aa,Tournament,Series,Prime League,esports:series:e8bffe58-b02c-45f9-bef1-053d9911dae3,esports:tournament:c657a4e8-585e-4484-9696-6a270916e5e4,Tournament,Series,Prime League,esports:series:e8bffe58-b02c-45f9-bef1-053d9911dae3,esports:tournament:8756e6af-f152-4eac-aeac-2b69785b1da1,TeamDetails,EINS,99,Eintracht Spandau,0,0,PlayerHistory,PlayerDetails,2979,Philipp Englert,https://factorassets.global.ssl.fastly.net/player-headshots/esports:player:cfbd9b74-7837-4968-900d-3301bc358bc8/latest.png,Lilipp,esports:player:cfbd9b74-7837-4968-900d-3301bc358bc8,esports:player:cfbd9b74-7837-4968-900d-3301bc358bc8,sup,esports:tournament:5064eef1-4d0e-4a4b-8290-7c8b616425aa,PlayerHistory,PlayerDetails,1580,Ludvig Erik Hugo Granquist,https://factorassets.global.ssl.fastly.net/player-headshots/esports:player:bd7ba203-b2d7-49fa-9347-b49bef63f128/latest.png,SMILEY,esports:player:bd7ba203-b2d7-49fa-9347-b49bef63f128,esports:player:bd7ba203-b2d7-49fa-9347-b49bef63f128,bot,esports:tournament:5064eef1-4d0e-4a4b-8290-7c8b616425aa,PlayerHistory,PlayerDetails,42,Nikolai Akatov,https://factorassets.global.ssl.fastly.net/player-headshots/esports:player:dc35abe5-bd9a-415e-ad7e-c3cd003ccc8b/latest.png,Zanzarah,esports:player:dc35abe5-bd9a-415e-ad7e-c3cd003ccc8b,esports:player:dc35abe5-bd9a-415e-ad7e-c3cd003ccc8b,jng,esports:tournament:5064eef1-4d0e-4a4b-8290-7c8b616425aa,PlayerHistory,PlayerDetails,3369,Joran  Scheffer,https://factorassets.global.ssl.fastly.net/player-headshots/esports:player:003910ea-badb-4593-a4e8-7e7f65c51f7a/latest.png,Special,esports:player:003910ea-badb-4593-a4e8-7e7f65c51f7a,esports:player:003910ea-badb-4593-a4e8-7e7f65c51f7a,mid,esports:tournament:5064eef1-4d0e-4a4b-8290-7c8b616425aa,PlayerHistory,PlayerDetails,2493,Mahdi  Nasserzadeh,https://factorassets.global.ssl.fastly.net/player-headshots/esports:player:a5ad47a4-ced4-44ab-afe3-0e41ad5f8ec5/latest.png,Pride,esports:player:a5ad47a4-ced4-44ab-afe3-0e41ad5f8ec5,esports:player:a5ad47a4-ced4-44ab-afe3-0e41ad5f8ec5,top,esports:tournament:5064eef1-4d0e-4a4b-8290-7c8b616425aa,PlayerHistory,PlayerDetails,3369,Joran  Scheffer,https://factorassets.global.ssl.fastly.net/player-headshots/esports:player:003910ea-badb-4593-a4e8-7e7f65c51f7a/latest.png,Special,esports:player:003910ea-badb-4593-a4e8-7e7f65c51f7a,esports:player:003910ea-badb-4593-a4e8-7e7f65c51f7a,mid,esports:tournament:c657a4e8-585e-4484-9696-6a270916e5e4,PlayerHistory,PlayerDetails,2958,Olivier Payet,https://factorassets.global.ssl.fastly.net/player-headshots/esports:player:cb29e26e-6555-4cf6-ad99-c757afa563c4/latest.png,Prime,esports:player:cb29e26e-6555-4cf6-ad99-c757afa563c4,esports:player:cb29e26e-6555-4cf6-ad99-c757afa563c4,sup,esports:tournament:c657a4e8-585e-4484-9696-6a270916e5e4,PlayerHistory,PlayerDetails,2200,Patrick Engelmann,https://factorassets.global.ssl.fastly.net/player-headshots/esports:player:bcf0bd86-16df-4146-af9e-92cec8411bef/latest.png,Obsess,esports:player:bcf0bd86-16df-4146-af9e-92cec8411bef,esports:player:bcf0bd86-16df-4146-af9e-92cec8411bef,jng,esports:tournament:c657a4e8-585e-4484-9696-6a270916e5e4,PlayerHistory,PlayerDetails,2488,Leander Sydekum,https://factorassets.global.ssl.fastly.net/player-headshots/esports:player:b8188a35-f887-4962-aa50-9bda7cc8df78/latest.png,Kynetic,esports:player:b8188a35-f887-4962-aa50-9bda7cc8df78,esports:player:b8188a35-f887-4962-aa50-9bda7cc8df78,bot,esports:tournament:c657a4e8-585e-4484-9696-6a270916e5e4,PlayerHistory,PlayerDetails,2493,Mahdi  Nasserzadeh,https://factorassets.global.ssl.fastly.net/player-headshots/esports:player:a5ad47a4-ced4-44ab-afe3-0e41ad5f8ec5/latest.png,Pride,esports:player:a5ad47a4-ced4-44ab-afe3-0e41ad5f8ec5,esports:player:a5ad47a4-ced4-44ab-afe3-0e41ad5f8ec5,top,esports:tournament:c657a4e8-585e-4484-9696-6a270916e5e4,PlayerHistory,PlayerDetails,2200,Patrick Engelmann,https://factorassets.global.ssl.fastly.net/player-headshots/esports:player:bcf0bd86-16df-4146-af9e-92cec8411bef/latest.png,Obsess,esports:player:bcf0bd86-16df-4146-af9e-92cec8411bef,esports:player:bcf0bd86-16df-4146-af9e-92cec8411bef,jng,esports:tournament:a22edf8b-0313-4813-afe1-9cf81a571855,PlayerHistory,PlayerDetails,2958,Olivier Payet,https://factorassets.global.ssl.fastly.net/player-headshots/esports:player:cb29e26e-6555-4cf6-ad99-c757afa563c4/latest.png,Prime,esports:player:cb29e26e-6555-4cf6-ad99-c757afa563c4,esports:player:cb29e26e-6555-4cf6-ad99-c757afa563c4,sup,esports:tournament:a22edf8b-0313-4813-afe1-9cf81a571855,PlayerHistory,PlayerDetails,2493,Mahdi  Nasserzadeh,https://factorassets.global.ssl.fastly.net/player-headshots/esports:player:a5ad47a4-ced4-44ab-afe3-0e41ad5f8ec5/latest.png,Pride,esports:player:a5ad47a4-ced4-44ab-afe3-0e41ad5f8ec5,esports:player:a5ad47a4-ced4-44ab-afe3-0e41ad5f8ec5,top,esports:tournament:a22edf8b-0313-4813-afe1-9cf81a571855,PlayerHistory,PlayerDetails,2488,Leander Sydekum,https://factorassets.global.ssl.fastly.net/player-headshots/esports:player:b8188a35-f887-4962-aa50-9bda7cc8df78/latest.png,Kynetic,esports:player:b8188a35-f887-4962-aa50-9bda7cc8df78,esports:player:b8188a35-f887-4962-aa50-9bda7cc8df78,bot,esports:tournament:a22edf8b-0313-4813-afe1-9cf81a571855,PlayerHistory,PlayerDetails,3369,Joran  Scheffer,https://factorassets.global.ssl.fastly.net/player-headshots/esports:player:003910ea-badb-4593-a4e8-7e7f65c51f7a/latest.png,Special,esports:player:003910ea-badb-4593-a4e8-7e7f65c51f7a,esports:player:003910ea-badb-4593-a4e8-7e7f65c51f7a,mid,esports:tournament:a22edf8b-0313-4813-afe1-9cf81a571855,PlayerHistory,PlayerDetails,2488,Leander Sydekum,https://factorassets.global.ssl.fastly.net/player-headshots/esports:player:b8188a35-f887-4962-aa50-9bda7cc8df78/latest.png,Kynetic,esports:player:b8188a35-f887-4962-aa50-9bda7cc8df78,esports:player:b8188a35-f887-4962-aa50-9bda7cc8df78,bot,esports:tournament:8756e6af-f152-4eac-aeac-2b69785b1da1,PlayerHistory,PlayerDetails,2958,Olivier Payet,https://factorassets.global.ssl.fastly.net/player-headshots/esports:player:cb29e26e-6555-4cf6-ad99-c757afa563c4/latest.png,Prime,esports:player:cb29e26e-6555-4cf6-ad99-c757afa563c4,esports:player:cb29e26e-6555-4cf6-ad99-c757afa563c4,sup,esports:tournament:8756e6af-f152-4eac-aeac-2b69785b1da1,PlayerHistory,PlayerDetails,2200,Patrick Engelmann,https://factorassets.global.ssl.fastly.net/player-headshots/esports:player:bcf0bd86-16df-4146-af9e-92cec8411bef/latest.png,Obsess,esports:player:bcf0bd86-16df-4146-af9e-92cec8411bef,esports:player:bcf0bd86-16df-4146-af9e-92cec8411bef,jng,esports:tournament:8756e6af-f152-4eac-aeac-2b69785b1da1,PlayerHistory,PlayerDetails,2493,Mahdi  Nasserzadeh,https://factorassets.global.ssl.fastly.net/player-headshots/esports:player:a5ad47a4-ced4-44ab-afe3-0e41ad5f8ec5/latest.png,Pride,esports:player:a5ad47a4-ced4-44ab-afe3-0e41ad5f8ec5,esports:player:a5ad47a4-ced4-44ab-afe3-0e41ad5f8ec5,top,esports:tournament:8756e6af-f152-4eac-aeac-2b69785b1da1,PlayerHistory,PlayerDetails,3369,Joran  Scheffer,https://factorassets.global.ssl.fastly.net/player-headshots/esports:player:003910ea-badb-4593-a4e8-7e7f65c51f7a/latest.png,Special,esports:player:003910ea-badb-4593-a4e8-7e7f65c51f7a,esports:player:003910ea-badb-4593-a4e8-7e7f65c51f7a,mid,esports:tournament:8756e6af-f152-4eac-aeac-2b69785b1da1,TeamRank,,68,0.5291557518495195,,0.5291557518495195,EINS,esports:team:ffc7eb3e-7fc1-48ef-8b28-7d3067c21ef0,Roster,PlayerDetails,42,Nikolai Akatov,https://factorassets.global.ssl.fastly.net/player-headshots/esports:player:dc35abe5-bd9a-415e-ad7e-c3cd003ccc8b/latest.png,Zanzarah,esports:player:dc35abe5-bd9a-415e-ad7e-c3cd003ccc8b,Zanzarah,esports:player:dc35abe5-bd9a-415e-ad7e-c3cd003ccc8b,jng,Roster,PlayerDetails,2979,Philipp Englert,https://factorassets.global.ssl.fastly.net/player-headshots/esports:player:cfbd9b74-7837-4968-900d-3301bc358bc8/latest.png,Lilipp,esports:player:cfbd9b74-7837-4968-900d-3301bc358bc8,Lilipp,esports:player:cfbd9b74-7837-4968-900d-3301bc358bc8,sup,Roster,PlayerDetails,1580,Ludvig Erik Hugo Granquist,https://factorassets.global.ssl.fastly.net/player-headshots/esports:player:bd7ba203-b2d7-49fa-9347-b49bef63f128/latest.png,SMILEY,esports:player:bd7ba203-b2d7-49fa-9347-b49bef63f128,SMILEY,esports:player:bd7ba203-b2d7-49fa-9347-b49bef63f128,bot,Roster,PlayerDetails,2282,Yannick Greff,https://factorassets.global.ssl.fastly.net/player-headshots/default.png,Pandar,esports:player:5558f657-3d01-44eb-a786-18e74d1dfd63,Pandar,esports:player:5558f657-3d01-44eb-a786-18e74d1dfd63,sup,Roster,PlayerDetails,2493,Mahdi  Nasserzadeh,https://factorassets.global.ssl.fastly.net/player-headshots/esports:player:a5ad47a4-ced4-44ab-afe3-0e41ad5f8ec5/latest.png,Pride,esports:player:a5ad47a4-ced4-44ab-afe3-0e41ad5f8ec5,Pride,esports:player:a5ad47a4-ced4-44ab-afe3-0e41ad5f8ec5,top,Roster,PlayerDetails,3369,Joran  Scheffer,https://factorassets.global.ssl.fastly.net/player-headshots/esports:player:003910ea-badb-4593-a4e8-7e7f65c51f7a/latest.png,Special,esports:player:003910ea-badb-4593-a4e8-7e7f65c51f7a,Special,esports:player:003910ea-badb-4593-a4e8-7e7f65c51f7a,mid,PlayerDetails,2979,Philipp Englert,https://factorassets.global.ssl.fastly.net/player-headshots/esports:player:cfbd9b74-7837-4968-900d-3301bc358bc8/latest.png,Lilipp,esports:player:cfbd9b74-7837-4968-900d-3301bc358bc8,Lilipp,esports:player:cfbd9b74-7837-4968-900d-3301bc358bc8,sup,PlayerDetails,1580,Ludvig Erik Hugo Granquist,https://factorassets.global.ssl.fastly.net/player-headshots/esports:player:bd7ba203-b2d7-49fa-9347-b49bef63f128/latest.png,SMILEY,esports:player:bd7ba203-b2d7-49fa-9347-b49bef63f128,SMILEY,esports:player:bd7ba203-b2d7-49fa-9347-b49bef63f128,bot,PlayerDetails,42,Nikolai Akatov,https://factorassets.global.ssl.fastly.net/player-headshots/esports:player:dc35abe5-bd9a-415e-ad7e-c3cd003ccc8b/latest.png,Zanzarah,esports:player:dc35abe5-bd9a-415e-ad7e-c3cd003ccc8b,Zanzarah,esports:player:dc35abe5-bd9a-415e-ad7e-c3cd003ccc8b,jng,PlayerDetails,3369,Joran  Scheffer,https://factorassets.global.ssl.fastly.net/player-headshots/esports:player:003910ea-badb-4593-a4e8-7e7f65c51f7a/latest.png,Special,esports:player:003910ea-badb-4593-a4e8-7e7f65c51f7a,Special,esports:player:003910ea-badb-4593-a4e8-7e7f65c51f7a,mid,PlayerDetails,2493,Mahdi  Nasserzadeh,https://factorassets.global.ssl.fastly.net/player-headshots/esports:player:a5ad47a4-ced4-44ab-afe3-0e41ad5f8ec5/latest.png,Pride,esports:player:a5ad47a4-ced4-44ab-afe3-0e41ad5f8ec5,Pride,esports:player:a5ad47a4-ced4-44ab-afe3-0e41ad5f8ec5,top,TeamLogo,False,False,https://factorassets.global.ssl.fastly.net/teamlogo/esports:team:ffc7eb3e-7fc1-48ef-8b28-7d3067c21ef0/latest.png,esports:team:ffc7eb3e-7fc1-48ef-8b28-7d3067c21ef0,Tournament,Series,Prime League,esports:series:e8bffe58-b02c-45f9-bef1-053d9911dae3,esports:tournament:5064eef1-4d0e-4a4b-8290-7c8b616425aa,Tournament,Series,Prime League,esports:series:e8bffe58-b02c-45f9-bef1-053d9911dae3,esports:tournament:c657a4e8-585e-4484-9696-6a270916e5e4,Tournament,Series,European Masters,esports:series:e2a7097c-0c7a-4504-9bc4-5bad742a0d7f,esports:tournament:a22edf8b-0313-4813-afe1-9cf81a571855,Tournament,2023-03-31,1677833021,1st Division Spring,Season,Prime League 2023,2023,esports:season:68f54173-390e-4673-b910-a57e42ff5492,Series,Prime League,esports:series:e8bffe58-b02c-45f9-bef1-053d9911dae3,2023-01-18,B-Tier,B-Tier,4,esports:tournament:5064eef1-4d0e-4a4b-8290-7c8b616425aa,1,False,8644606,statistics,Prime League,TeamDetails,MOUZ,289,Mousesports,PlayerHistory,PlayerDetails,748,Carl Ulsted Carlsen,https://factorassets.global.ssl.fastly.net/player-headshots/default.png,Carlsen,esports:player:168e31e0-9579-4a79-96e0-1bc61bbcf166,esports:player:168e31e0-9579-4a79-96e0-1bc61bbcf166,top,esports:tournament:5064eef1-4d0e-4a4b-8290-7c8b616425aa,PlayerHistory,PlayerDetails,616,Chres Laursen,https://factorassets.global.ssl.fastly.net/player-headshots/esports:player:890a48ae-ab30-4296-8998-9dd2a3ab665f/latest.png,Chres,esports:player:890a48ae-ab30-4296-8998-9dd2a3ab665f,esports:player:890a48ae-ab30-4296-8998-9dd2a3ab665f,mid,esports:tournament:5064eef1-4d0e-4a4b-8290-7c8b616425aa,PlayerHistory,PlayerDetails,1415,Alexander Osterlind,https://factorassets.global.ssl.fastly.net/player-headshots/esports:player:c61d76b6-a19b-4215-b18b-fb9adfbb6d73/latest.png,Alexx,esports:player:c61d76b6-a19b-4215-b18b-fb9adfbb6d73,esports:player:c61d76b6-a19b-4215-b18b-fb9adfbb6d73,jng,esports:tournament:5064eef1-4d0e-4a4b-8290-7c8b616425aa,PlayerHistory,PlayerDetails,2488,Leander Sydekum,https://factorassets.global.ssl.fastly.net/player-headshots/esports:player:b8188a35-f887-4962-aa50-9bda7cc8df78/latest.png,Kynetic,esports:player:b8188a35-f887-4962-aa50-9bda7cc8df78,esports:player:b8188a35-f887-4962-aa50-9bda7cc8df78,bot,esports:tournament:5064eef1-4d0e-4a4b-8290-7c8b616425aa,PlayerHistory,PlayerDetails,11113,Tore Hoel Eilertsen,https://factorassets.global.ssl.fastly.net/player-headshots/esports:player:f0d603d9-da4e-461c-a06a-a168c66637b1/latest.png,Tore,esports:player:f0d603d9-da4e-461c-a06a-a168c66637b1,esports:player:f0d603d9-da4e-461c-a06a-a168c66637b1,sup,esports:tournament:5064eef1-4d0e-4a4b-8290-7c8b616425aa,PlayerHistory,PlayerDetails,2500,Vladislav Fomin,https://factorassets.global.ssl.fastly.net/player-headshots/esports:player:8eac5cc4-d093-48d8-8bc3-f3034cf00133/latest.png,BOSS,esports:player:8eac5cc4-d093-48d8-8bc3-f3034cf00133,esports:player:8eac5cc4-d093-48d8-8bc3-f3034cf00133,top,esports:tournament:c657a4e8-585e-4484-9696-6a270916e5e4,PlayerHistory,PlayerDetails,2883,Vladlen Dvoretskiy,https://factorassets.global.ssl.fastly.net/player-headshots/esports:player:8ba51ad5-d505-4a67-8b8f-d60aba76adf5/latest.png,Saviour,esports:player:8ba51ad5-d505-4a67-8b8f-d60aba76adf5,esports:player:8ba51ad5-d505-4a67-8b8f-d60aba76adf5,sup,esports:tournament:c657a4e8-585e-4484-9696-6a270916e5e4,PlayerHistory,PlayerDetails,191650,Maurice Stückenschneider,,Amazing,esports:player:f3b38b15-1f1e-433c-89f6-1cba8d71e9d6,esports:player:f3b38b15-1f1e-433c-89f6-1cba8d71e9d6,jng,esports:tournament:c657a4e8-585e-4484-9696-6a270916e5e4,PlayerHistory,PlayerDetails,2223,Lev Yakshin,https://factorassets.global.ssl.fastly.net/player-headshots/esports:player:644125d9-a77f-4a53-8fa5-f5dcad395874/latest.png,Nomanz,esports:player:644125d9-a77f-4a53-8fa5-f5dcad395874,esports:player:644125d9-a77f-4a53-8fa5-f5dcad395874,mid,esports:tournament:c657a4e8-585e-4484-9696-6a270916e5e4,PlayerHistory,PlayerDetails,2621,Ömer  Türgüt,https://factorassets.global.ssl.fastly.net/player-headshots/esports:player:a0c3ede0-d5ec-4b36-9d65-8a20fad853c0/latest.png,Practice,esports:player:a0c3ede0-d5ec-4b36-9d65-8a20fad853c0,esports:player:a0c3ede0-d5ec-4b36-9d65-8a20fad853c0,bot,esports:tournament:c657a4e8-585e-4484-9696-6a270916e5e4,PlayerHistory,PlayerDetails,2223,Lev Yakshin,https://factorassets.global.ssl.fastly.net/player-headshots/esports:player:644125d9-a77f-4a53-8fa5-f5dcad395874/latest.png,Nomanz,esports:player:644125d9-a77f-4a53-8fa5-f5dcad395874,esports:player:644125d9-a77f-4a53-8fa5-f5dcad395874,mid,esports:tournament:8756e6af-f152-4eac-aeac-2b69785b1da1,PlayerHistory,PlayerDetails,2621,Ömer  Türgüt,https://factorassets.global.ssl.fastly.net/player-headshots/esports:player:a0c3ede0-d5ec-4b36-9d65-8a20fad853c0/latest.png,Practice,esports:player:a0c3ede0-d5ec-4b36-9d65-8a20fad853c0,esports:player:a0c3ede0-d5ec-4b36-9d65-8a20fad853c0,bot,esports:tournament:8756e6af-f152-4eac-aeac-2b69785b1da1,PlayerHistory,PlayerDetails,2883,Vladlen Dvoretskiy,https://factorassets.global.ssl.fastly.net/player-headshots/esports:player:8ba51ad5-d505-4a67-8b8f-d60aba76adf5/latest.png,Saviour,esports:player:8ba51ad5-d505-4a67-8b8f-d60aba76adf5,esports:player:8ba51ad5-d505-4a67-8b8f-d60aba76adf5,sup,esports:tournament:8756e6af-f152-4eac-aeac-2b69785b1da1,PlayerHistory,PlayerDetails,2500,Vladislav Fomin,https://factorassets.global.ssl.fastly.net/player-headshots/esports:player:8eac5cc4-d093-48d8-8bc3-f3034cf00133/latest.png,BOSS,esports:player:8eac5cc4-d093-48d8-8bc3-f3034cf00133,esports:player:8eac5cc4-d093-48d8-8bc3-f3034cf00133,top,esports:tournament:8756e6af-f152-4eac-aeac-2b69785b1da1,PlayerHistory,PlayerDetails,909,Linas Naunčikas,https://factorassets.global.ssl.fastly.net/player-headshots/esports:player:586aadcd-3bfd-4b05-be93-f01fc1c7b4b3/latest.png,Lyncas,esports:player:586aadcd-3bfd-4b05-be93-f01fc1c7b4b3,esports:player:586aadcd-3bfd-4b05-be93-f01fc1c7b4b3,jng,esports:tournament:8756e6af-f152-4eac-aeac-2b69785b1da1,PlayerHistory,PlayerDetails,3153,Kamil Kostal,https://factorassets.global.ssl.fastly.net/player-headshots/esports:player:8e8c15db-7091-4153-a73e-8635ca0da5b1/latest.png,Kamilius,esports:player:8e8c15db-7091-4153-a73e-8635ca0da5b1,esports:player:8e8c15db-7091-4153-a73e-8635ca0da5b1,sup,esports:tournament:7f76b6b4-6da4-478b-9d60-7c49092b58fb,PlayerHistory,PlayerDetails,981,Ilya  Makavchuk,https://factorassets.global.ssl.fastly.net/player-headshots/esports:player:daaa5935-2b41-433c-ad20-8a1402dba0d2/latest.png,Gadget,esports:player:daaa5935-2b41-433c-ad20-8a1402dba0d2,esports:player:daaa5935-2b41-433c-ad20-8a1402dba0d2,bot,esports:tournament:7f76b6b4-6da4-478b-9d60-7c49092b58fb,PlayerHistory,PlayerDetails,763,Pawel Szczepanik,https://factorassets.global.ssl.fastly.net/player-headshots/esports:player:0c322e3d-db12-4547-bcb9-cc8350cbcb2e/latest.png,Czekolad,esports:player:0c322e3d-db12-4547-bcb9-cc8350cbcb2e,esports:player:0c322e3d-db12-4547-bcb9-cc8350cbcb2e,mid,esports:tournament:7f76b6b4-6da4-478b-9d60-7c49092b58fb,PlayerHistory,PlayerDetails,1148,Max Günther,https://factorassets.global.ssl.fastly.net/player-headshots/esports:player:4ca3c67d-9251-4e56-b91e-0cf9670ac363/latest.png,Satorius,esports:player:4ca3c67d-9251-4e56-b91e-0cf9670ac363,esports:player:4ca3c67d-9251-4e56-b91e-0cf9670ac363,top,esports:tournament:7f76b6b4-6da4-478b-9d60-7c49092b58fb,PlayerHistory,PlayerDetails,2494,Milo Wehnes,https://factorassets.global.ssl.fastly.net/player-headshots/esports:player:2ffb6af4-522e-484f-981c-520701767b9a/latest.png,Pridestalkr,esports:player:2ffb6af4-522e-484f-981c-520701767b9a,esports:player:2ffb6af4-522e-484f-981c-520701767b9a,jng,esports:tournament:7f76b6b4-6da4-478b-9d60-7c49092b58fb,PlayerHistory,PlayerDetails,2494,Milo Wehnes,https://factorassets.global.ssl.fastly.net/player-headshots/esports:player:2ffb6af4-522e-484f-981c-520701767b9a/latest.png,Pridestalkr,esports:player:2ffb6af4-522e-484f-981c-520701767b9a,esports:player:2ffb6af4-522e-484f-981c-520701767b9a,jng,esports:tournament:2bac823e-4f89-4ffe-b5f2-a298a48a4957,PlayerHistory,PlayerDetails,763,Pawel Szczepanik,https://factorassets.global.ssl.fastly.net/player-headshots/esports:player:0c322e3d-db12-4547-bcb9-cc8350cbcb2e/latest.png,Czekolad,esports:player:0c322e3d-db12-4547-bcb9-cc8350cbcb2e,esports:player:0c322e3d-db12-4547-bcb9-cc8350cbcb2e,mid,esports:tournament:2bac823e-4f89-4ffe-b5f2-a298a48a4957,PlayerHistory,PlayerDetails,1824,Lukas Thoma,https://factorassets.global.ssl.fastly.net/player-headshots/esports:player:232ead61-5b93-4499-9cba-037ab7378625/latest.png,Lurox,esports:player:232ead61-5b93-4499-9cba-037ab7378625,esports:player:232ead61-5b93-4499-9cba-037ab7378625,jng,esports:tournament:2bac823e-4f89-4ffe-b5f2-a298a48a4957,PlayerHistory,PlayerDetails,232,Damian Konefał,https://factorassets.global.ssl.fastly.net/player-headshots/esports:player:46adc2f3-702c-48d6-b1d8-54593299ed3c/latest.png,Lucker,esports:player:46adc2f3-702c-48d6-b1d8-54593299ed3c,esports:player:46adc2f3-702c-48d6-b1d8-54593299ed3c,bot,esports:tournament:2bac823e-4f89-4ffe-b5f2-a298a48a4957,PlayerHistory,PlayerDetails,1148,Max Günther,https://factorassets.global.ssl.fastly.net/player-headshots/esports:player:4ca3c67d-9251-4e56-b91e-0cf9670ac363/latest.png,Satorius,esports:player:4ca3c67d-9251-4e56-b91e-0cf9670ac363,esports:player:4ca3c67d-9251-4e56-b91e-0cf9670ac363,top,esports:tournament:2bac823e-4f89-4ffe-b5f2-a298a48a4957,PlayerHistory,PlayerDetails,616,Chres Laursen,https://factorassets.global.ssl.fastly.net/player-headshots/esports:player:890a48ae-ab30-4296-8998-9dd2a3ab665f/latest.png,Chres,esports:player:890a48ae-ab30-4296-8998-9dd2a3ab665f,esports:player:890a48ae-ab30-4296-8998-9dd2a3ab665f,mid,esports:tournament:2bac823e-4f89-4ffe-b5f2-a298a48a4957,PlayerHistory,PlayerDetails,3153,Kamil Kostal,https://factorassets.global.ssl.fastly.net/player-headshots/esports:player:8e8c15db-7091-4153-a73e-8635ca0da5b1/latest.png,Kamilius,esports:player:8e8c15db-7091-4153-a73e-8635ca0da5b1,esports:player:8e8c15db-7091-4153-a73e-8635ca0da5b1,sup,esports:tournament:2bac823e-4f89-4ffe-b5f2-a298a48a4957,PlayerHistory,PlayerDetails,2688,Lukasz Grzeskowiak,https://factorassets.global.ssl.fastly.net/player-headshots/esports:player:9fb87846-bc63-485e-ad07-ffc7a1dc4f1d/latest.png,Pyrka,esports:player:9fb87846-bc63-485e-ad07-ffc7a1dc4f1d,esports:player:9fb87846-bc63-485e-ad07-ffc7a1dc4f1d,sup,esports:tournament:2bac823e-4f89-4ffe-b5f2-a298a48a4957,PlayerHistory,PlayerDetails,996,Jakub Rucki,https://factorassets.global.ssl.fastly.net/player-headshots/esports:player:a058eeb0-3d71-48f9-9b5f-75b2f6b3d892/latest.png,Simnivak,esports:player:a058eeb0-3d71-48f9-9b5f-75b2f6b3d892,esports:player:a058eeb0-3d71-48f9-9b5f-75b2f6b3d892,top,esports:tournament:2bac823e-4f89-4ffe-b5f2-a298a48a4957,PlayerHistory,PlayerDetails,981,Ilya  Makavchuk,https://factorassets.global.ssl.fastly.net/player-headshots/esports:player:daaa5935-2b41-433c-ad20-8a1402dba0d2/latest.png,Gadget,esports:player:daaa5935-2b41-433c-ad20-8a1402dba0d2,esports:player:daaa5935-2b41-433c-ad20-8a1402dba0d2,bot,esports:tournament:2bac823e-4f89-4ffe-b5f2-a298a48a4957,PlayerHistory,PlayerDetails,3153,Kamil Kostal,https://factorassets.global.ssl.fastly.net/player-headshots/esports:player:8e8c15db-7091-4153-a73e-8635ca0da5b1/latest.png,Kamilius,esports:player:8e8c15db-7091-4153-a73e-8635ca0da5b1,esports:player:8e8c15db-7091-4153-a73e-8635ca0da5b1,sup,esports:tournament:f2f57027-ba0f-40fc-a9ed-da73c0b4a1ad,PlayerHistory,PlayerDetails,1148,Max Günther,https://factorassets.global.ssl.fastly.net/player-headshots/esports:player:4ca3c67d-9251-4e56-b91e-0cf9670ac363/latest.png,Satorius,esports:player:4ca3c67d-9251-4e56-b91e-0cf9670ac363,esports:player:4ca3c67d-9251-4e56-b91e-0cf9670ac363,top,esports:tournament:f2f57027-ba0f-40fc-a9ed-da73c0b4a1ad,PlayerHistory,PlayerDetails,2494,Milo Wehnes,https://factorassets.global.ssl.fastly.net/player-headshots/esports:player:2ffb6af4-522e-484f-981c-520701767b9a/latest.png,Pridestalkr,esports:player:2ffb6af4-522e-484f-981c-520701767b9a,esports:player:2ffb6af4-522e-484f-981c-520701767b9a,jng,esports:tournament:f2f57027-ba0f-40fc-a9ed-da73c0b4a1ad,PlayerHistory,PlayerDetails,981,Ilya  Makavchuk,https://factorassets.global.ssl.fastly.net/player-headshots/esports:player:daaa5935-2b41-433c-ad20-8a1402dba0d2/latest.png,Gadget,esports:player:daaa5935-2b41-433c-ad20-8a1402dba0d2,esports:player:daaa5935-2b41-433c-ad20-8a1402dba0d2,bot,esports:tournament:f2f57027-ba0f-40fc-a9ed-da73c0b4a1ad,PlayerHistory,PlayerDetails,763,Pawel Szczepanik,https://factorassets.global.ssl.fastly.net/player-headshots/esports:player:0c322e3d-db12-4547-bcb9-cc8350cbcb2e/latest.png,Czekolad,esports:player:0c322e3d-db12-4547-bcb9-cc8350cbcb2e,esports:player:0c322e3d-db12-4547-bcb9-cc8350cbcb2e,mid,esports:tournament:f2f57027-ba0f-40fc-a9ed-da73c0b4a1ad,PlayerHistory,PlayerDetails,981,Ilya  Makavchuk,https://factorassets.global.ssl.fastly.net/player-headshots/esports:player:daaa5935-2b41-433c-ad20-8a1402dba0d2/latest.png,Gadget,esports:player:daaa5935-2b41-433c-ad20-8a1402dba0d2,esports:player:daaa5935-2b41-433c-ad20-8a1402dba0d2,bot,esports:tournament:83268021-367e-4b38-aada-b64eaeaf8e7f,PlayerHistory,PlayerDetails,2494,Milo Wehnes,https://factorassets.global.ssl.fastly.net/player-headshots/esports:player:2ffb6af4-522e-484f-981c-520701767b9a/latest.png,Pridestalkr,esports:player:2ffb6af4-522e-484f-981c-520701767b9a,esports:player:2ffb6af4-522e-484f-981c-520701767b9a,jng,esports:tournament:83268021-367e-4b38-aada-b64eaeaf8e7f,PlayerHistory,PlayerDetails,3153,Kamil Kostal,https://factorassets.global.ssl.fastly.net/player-headshots/esports:player:8e8c15db-7091-4153-a73e-8635ca0da5b1/latest.png,Kamilius,esports:player:8e8c15db-7091-4153-a73e-8635ca0da5b1,esports:player:8e8c15db-7091-4153-a73e-8635ca0da5b1,sup,esports:tournament:83268021-367e-4b38-aada-b64eaeaf8e7f,PlayerHistory,PlayerDetails,763,Pawel Szczepanik,https://factorassets.global.ssl.fastly.net/player-headshots/esports:player:0c322e3d-db12-4547-bcb9-cc8350cbcb2e/latest.png,Czekolad,esports:player:0c322e3d-db12-4547-bcb9-cc8350cbcb2e,esports:player:0c322e3d-db12-4547-bcb9-cc8350cbcb2e,mid,esports:tournament:83268021-367e-4b38-aada-b64eaeaf8e7f,PlayerHistory,PlayerDetails,1148,Max Günther,https://factorassets.global.ssl.fastly.net/player-headshots/esports:player:4ca3c67d-9251-4e56-b91e-0cf9670ac363/latest.png,Satorius,esports:player:4ca3c67d-9251-4e56-b91e-0cf9670ac363,esports:player:4ca3c67d-9251-4e56-b91e-0cf9670ac363,top,esports:tournament:83268021-367e-4b38-aada-b64eaeaf8e7f,PlayerHistory,PlayerDetails,45,Trong Nghia Hoang,https://factorassets.global.ssl.fastly.net/player-headshots/default.png,Rueven,esports:player:cff5076c-24e6-420f-b640-a3f28cac55be,esports:player:cff5076c-24e6-420f-b640-a3f28cac55be,bot,esports:tournament:83268021-367e-4b38-aada-b64eaeaf8e7f,PlayerHistory,PlayerDetails,1303,Adam  Ilyasov,https://factorassets.global.ssl.fastly.net/player-headshots/esports:player:51e00064-0e40-4e51-8cc7-8b87d0a3d2a8/latest.png,LIDER,esports:player:51e00064-0e40-4e51-8cc7-8b87d0a3d2a8,esports:player:51e00064-0e40-4e51-8cc7-8b87d0a3d2a8,mid,esports:tournament:6724ecfc-3566-45d4-8bd5-5758c25259b5,PlayerHistory,PlayerDetails,110,Solal Accary,https://factorassets.global.ssl.fastly.net/player-headshots/esports:player:84d19527-2995-4932-8b7e-f4e0b6cea39f/latest.png,Enjawve,esports:player:84d19527-2995-4932-8b7e-f4e0b6cea39f,esports:player:84d19527-2995-4932-8b7e-f4e0b6cea39f,sup,esports:tournament:6724ecfc-3566-45d4-8bd5-5758c25259b5,PlayerHistory,PlayerDetails,981,Ilya  Makavchuk,https://factorassets.global.ssl.fastly.net/player-headshots/esports:player:daaa5935-2b41-433c-ad20-8a1402dba0d2/latest.png,Gadget,esports:player:daaa5935-2b41-433c-ad20-8a1402dba0d2,esports:player:daaa5935-2b41-433c-ad20-8a1402dba0d2,bot,esports:tournament:6724ecfc-3566-45d4-8bd5-5758c25259b5,PlayerHistory,PlayerDetails,1148,Max Günther,https://factorassets.global.ssl.fastly.net/player-headshots/esports:player:4ca3c67d-9251-4e56-b91e-0cf9670ac363/latest.png,Satorius,esports:player:4ca3c67d-9251-4e56-b91e-0cf9670ac363,esports:player:4ca3c67d-9251-4e56-b91e-0cf9670ac363,top,esports:tournament:6724ecfc-3566-45d4-8bd5-5758c25259b5,PlayerHistory,PlayerDetails,2494,Milo Wehnes,https://factorassets.global.ssl.fastly.net/player-headshots/esports:player:2ffb6af4-522e-484f-981c-520701767b9a/latest.png,Pridestalkr,esports:player:2ffb6af4-522e-484f-981c-520701767b9a,esports:player:2ffb6af4-522e-484f-981c-520701767b9a,jng,esports:tournament:6724ecfc-3566-45d4-8bd5-5758c25259b5,PlayerHistory,PlayerDetails,1148,Max Günther,https://factorassets.global.ssl.fastly.net/player-headshots/esports:player:4ca3c67d-9251-4e56-b91e-0cf9670ac363/latest.png,Satorius,esports:player:4ca3c67d-9251-4e56-b91e-0cf9670ac363,esports:player:4ca3c67d-9251-4e56-b91e-0cf9670ac363,top,esports:tournament:5729710f-fcc5-40d2-972e-7895666b1065,PlayerHistory,PlayerDetails,1303,Adam  Ilyasov,https://factorassets.global.ssl.fastly.net/player-headshots/esports:player:51e00064-0e40-4e51-8cc7-8b87d0a3d2a8/latest.png,LIDER,esports:player:51e00064-0e40-4e51-8cc7-8b87d0a3d2a8,esports:player:51e00064-0e40-4e51-8cc7-8b87d0a3d2a8,mid,esports:tournament:5729710f-fcc5-40d2-972e-7895666b1065,PlayerHistory,PlayerDetails,981,Ilya  Makavchuk,https://factorassets.global.ssl.fastly.net/player-headshots/esports:player:daaa5935-2b41-433c-ad20-8a1402dba0d2/latest.png,Gadget,esports:player:daaa5935-2b41-433c-ad20-8a1402dba0d2,esports:player:daaa5935-2b41-433c-ad20-8a1402dba0d2,bot,esports:tournament:5729710f-fcc5-40d2-972e-7895666b1065,PlayerHistory,PlayerDetails,110,Solal Accary,https://factorassets.global.ssl.fastly.net/player-headshots/esports:player:84d19527-2995-4932-8b7e-f4e0b6cea39f/latest.png,Enjawve,esports:player:84d19527-2995-4932-8b7e-f4e0b6cea39f,esports:player:84d19527-2995-4932-8b7e-f4e0b6cea39f,sup,esports:tournament:5729710f-fcc5-40d2-972e-7895666b1065,PlayerHistory,PlayerDetails,2494,Milo Wehnes,https://factorassets.global.ssl.fastly.net/player-headshots/esports:player:2ffb6af4-522e-484f-981c-520701767b9a/latest.png,Pridestalkr,esports:player:2ffb6af4-522e-484f-981c-520701767b9a,esports:player:2ffb6af4-522e-484f-981c-520701767b9a,jng,esports:tournament:5729710f-fcc5-40d2-972e-7895666b1065,PlayerHistory,PlayerDetails,2494,Milo Wehnes,https://factorassets.global.ssl.fastly.net/player-headshots/esports:player:2ffb6af4-522e-484f-981c-520701767b9a/latest.png,Pridestalkr,esports:player:2ffb6af4-522e-484f-981c-520701767b9a,esports:player:2ffb6af4-522e-484f-981c-520701767b9a,jng,esports:tournament:c094de54-001b-4c25-a0d4-a6a1fe53c836,PlayerHistory,PlayerDetails,1148,Max Günther,https://factorassets.global.ssl.fastly.net/player-headshots/esports:player:4ca3c67d-9251-4e56-b91e-0cf9670ac363/latest.png,Satorius,esports:player:4ca3c67d-9251-4e56-b91e-0cf9670ac363,esports:player:4ca3c67d-9251-4e56-b91e-0cf9670ac363,top,esports:tournament:c094de54-001b-4c25-a0d4-a6a1fe53c836,PlayerHistory,PlayerDetails,1303,Adam  Ilyasov,https://factorassets.global.ssl.fastly.net/player-headshots/esports:player:51e00064-0e40-4e51-8cc7-8b87d0a3d2a8/latest.png,LIDER,esports:player:51e00064-0e40-4e51-8cc7-8b87d0a3d2a8,esports:player:51e00064-0e40-4e51-8cc7-8b87d0a3d2a8,mid,esports:tournament:c094de54-001b-4c25-a0d4-a6a1fe53c836,PlayerHistory,PlayerDetails,981,Ilya  Makavchuk,https://factorassets.global.ssl.fastly.net/player-headshots/esports:player:daaa5935-2b41-433c-ad20-8a1402dba0d2/latest.png,Gadget,esports:player:daaa5935-2b41-433c-ad20-8a1402dba0d2,esports:player:daaa5935-2b41-433c-ad20-8a1402dba0d2,bot,esports:tournament:c094de54-001b-4c25-a0d4-a6a1fe53c836,PlayerHistory,PlayerDetails,110,Solal Accary,https://factorassets.global.ssl.fastly.net/player-headshots/esports:player:84d19527-2995-4932-8b7e-f4e0b6cea39f/latest.png,Enjawve,esports:player:84d19527-2995-4932-8b7e-f4e0b6cea39f,esports:player:84d19527-2995-4932-8b7e-f4e0b6cea39f,sup,esports:tournament:c094de54-001b-4c25-a0d4-a6a1fe53c836,PlayerHistory,PlayerDetails,2494,Milo Wehnes,https://factorassets.global.ssl.fastly.net/player-headshots/esports:player:2ffb6af4-522e-484f-981c-520701767b9a/latest.png,Pridestalkr,esports:player:2ffb6af4-522e-484f-981c-520701767b9a,esports:player:2ffb6af4-522e-484f-981c-520701767b9a,jng,esports:tournament:57abbadb-0c4d-4dd4-bfa8-01d087c13551,PlayerHistory,PlayerDetails,1303,Adam  Ilyasov,https://factorassets.global.ssl.fastly.net/player-headshots/esports:player:51e00064-0e40-4e51-8cc7-8b87d0a3d2a8/latest.png,LIDER,esports:player:51e00064-0e40-4e51-8cc7-8b87d0a3d2a8,esports:player:51e00064-0e40-4e51-8cc7-8b87d0a3d2a8,mid,esports:tournament:57abbadb-0c4d-4dd4-bfa8-01d087c13551,PlayerHistory,PlayerDetails,1148,Max Günther,https://factorassets.global.ssl.fastly.net/player-headshots/esports:player:4ca3c67d-9251-4e56-b91e-0cf9670ac363/latest.png,Satorius,esports:player:4ca3c67d-9251-4e56-b91e-0cf9670ac363,esports:player:4ca3c67d-9251-4e56-b91e-0cf9670ac363,top,esports:tournament:57abbadb-0c4d-4dd4-bfa8-01d087c13551,PlayerHistory,PlayerDetails,981,Ilya  Makavchuk,https://factorassets.global.ssl.fastly.net/player-headshots/esports:player:daaa5935-2b41-433c-ad20-8a1402dba0d2/latest.png,Gadget,esports:player:daaa5935-2b41-433c-ad20-8a1402dba0d2,esports:player:daaa5935-2b41-433c-ad20-8a1402dba0d2,bot,esports:tournament:57abbadb-0c4d-4dd4-bfa8-01d087c13551,PlayerHistory,PlayerDetails,110,Solal Accary,https://factorassets.global.ssl.fastly.net/player-headshots/esports:player:84d19527-2995-4932-8b7e-f4e0b6cea39f/latest.png,Enjawve,esports:player:84d19527-2995-4932-8b7e-f4e0b6cea39f,esports:player:84d19527-2995-4932-8b7e-f4e0b6cea39f,sup,esports:tournament:57abbadb-0c4d-4dd4-bfa8-01d087c13551,PlayerHistory,PlayerDetails,506,Jesper Klarin Stromberg,https://factorassets.global.ssl.fastly.net/player-headshots/esports:player:0a55b9bb-f2f6-4a32-800d-0af9c3c9a909/latest.png,Jeskla,esports:player:0a55b9bb-f2f6-4a32-800d-0af9c3c9a909,esports:player:0a55b9bb-f2f6-4a32-800d-0af9c3c9a909,bot,esports:tournament:4d5569a3-58e2-4a9c-8573-f7b176754c27,PlayerHistory,PlayerDetails,2559,Hampus Abrahamsson,https://factorassets.global.ssl.fastly.net/player-headshots/esports:player:d760f9e3-a411-4d69-b03b-551125c837e7/latest.png,promisq,esports:player:d760f9e3-a411-4d69-b03b-551125c837e7,esports:player:d760f9e3-a411-4d69-b03b-551125c837e7,sup,esports:tournament:4d5569a3-58e2-4a9c-8573-f7b176754c27,PlayerHistory,PlayerDetails,1303,Adam  Ilyasov,https://factorassets.global.ssl.fastly.net/player-headshots/esports:player:51e00064-0e40-4e51-8cc7-8b87d0a3d2a8/latest.png,LIDER,esports:player:51e00064-0e40-4e51-8cc7-8b87d0a3d2a8,esports:player:51e00064-0e40-4e51-8cc7-8b87d0a3d2a8,mid,esports:tournament:4d5569a3-58e2-4a9c-8573-f7b176754c27,PlayerHistory,,,top,esports:tournament:4d5569a3-58e2-4a9c-8573-f7b176754c27,PlayerHistory,,,jng,esports:tournament:4d5569a3-58e2-4a9c-8573-f7b176754c27,PlayerHistory,PlayerDetails,1303,Adam  Ilyasov,https://factorassets.global.ssl.fastly.net/player-headshots/esports:player:51e00064-0e40-4e51-8cc7-8b87d0a3d2a8/latest.png,LIDER,esports:player:51e00064-0e40-4e51-8cc7-8b87d0a3d2a8,esports:player:51e00064-0e40-4e51-8cc7-8b87d0a3d2a8,mid,esports:tournament:c303ec53-87ed-478f-a002-eb77d00414cd,PlayerHistory,PlayerDetails,2559,Hampus Abrahamsson,https://factorassets.global.ssl.fastly.net/player-headshots/esports:player:d760f9e3-a411-4d69-b03b-551125c837e7/latest.png,promisq,esports:player:d760f9e3-a411-4d69-b03b-551125c837e7,esports:player:d760f9e3-a411-4d69-b03b-551125c837e7,sup,esports:tournament:c303ec53-87ed-478f-a002-eb77d00414cd,PlayerHistory,PlayerDetails,506,Jesper Klarin Stromberg,https://factorassets.global.ssl.fastly.net/player-headshots/esports:player:0a55b9bb-f2f6-4a32-800d-0af9c3c9a909/latest.png,Jeskla,esports:player:0a55b9bb-f2f6-4a32-800d-0af9c3c9a909,esports:player:0a55b9bb-f2f6-4a32-800d-0af9c3c9a909,bot,esports:tournament:c303ec53-87ed-478f-a002-eb77d00414cd,PlayerHistory,,,jng,esports:tournament:c303ec53-87ed-478f-a002-eb77d00414cd,PlayerHistory,,,top,esports:tournament:c303ec53-87ed-478f-a002-eb77d00414cd,TeamRank,,135,0.4620735786170891,,0.4620735786170891,MOUZ,esports:team:a3190799-579b-4611-b623-dfd31da1d2e1,TeamLogo,False,False,https://factorassets.global.ssl.fastly.net/teamlogo/esports:team:a3190799-579b-4611-b623-dfd31da1d2e1/latest.png,esports:team:a3190799-579b-4611-b623-dfd31da1d2e1,Tournament,Series,Prime League,esports:series:e8bffe58-b02c-45f9-bef1-053d9911dae3,esports:tournament:5064eef1-4d0e-4a4b-8290-7c8b616425aa,Tournament,Series,Prime League,esports:series:e8bffe58-b02c-45f9-bef1-053d9911dae3,esports:tournament:c657a4e8-585e-4484-9696-6a270916e5e4,Tournament,Series,Prime League,esports:series:e8bffe58-b02c-45f9-bef1-053d9911dae3,esports:tournament:8756e6af-f152-4eac-aeac-2b69785b1da1,TeamDetails,EINS,99,Eintracht Spandau,PlayerHistory,PlayerDetails,2979,Philipp Englert,https://factorassets.global.ssl.fastly.net/player-headshots/esports:player:cfbd9b74-7837-4968-900d-3301bc358bc8/latest.png,Lilipp,esports:player:cfbd9b74-7837-4968-900d-3301bc358bc8,esports:player:cfbd9b74-7837-4968-900d-3301bc358bc8,sup,esports:tournament:5064eef1-4d0e-4a4b-8290-7c8b616425aa,PlayerHistory,PlayerDetails,1580,Ludvig Erik Hugo Granquist,https://factorassets.global.ssl.fastly.net/player-headshots/esports:player:bd7ba203-b2d7-49fa-9347-b49bef63f128/latest.png,SMILEY,esports:player:bd7ba203-b2d7-49fa-9347-b49bef63f128,esports:player:bd7ba203-b2d7-49fa-9347-b49bef63f128,bot,esports:tournament:5064eef1-4d0e-4a4b-8290-7c8b616425aa,PlayerHistory,PlayerDetails,42,Nikolai Akatov,https://factorassets.global.ssl.fastly.net/player-headshots/esports:player:dc35abe5-bd9a-415e-ad7e-c3cd003ccc8b/latest.png,Zanzarah,esports:player:dc35abe5-bd9a-415e-ad7e-c3cd003ccc8b,esports:player:dc35abe5-bd9a-415e-ad7e-c3cd003ccc8b,jng,esports:tournament:5064eef1-4d0e-4a4b-8290-7c8b616425aa,PlayerHistory,PlayerDetails,3369,Joran  Scheffer,https://factorassets.global.ssl.fastly.net/player-headshots/esports:player:003910ea-badb-4593-a4e8-7e7f65c51f7a/latest.png,Special,esports:player:003910ea-badb-4593-a4e8-7e7f65c51f7a,esports:player:003910ea-badb-4593-a4e8-7e7f65c51f7a,mid,esports:tournament:5064eef1-4d0e-4a4b-8290-7c8b616425aa,PlayerHistory,PlayerDetails,2493,Mahdi  Nasserzadeh,https://factorassets.global.ssl.fastly.net/player-headshots/esports:player:a5ad47a4-ced4-44ab-afe3-0e41ad5f8ec5/latest.png,Pride,esports:player:a5ad47a4-ced4-44ab-afe3-0e41ad5f8ec5,esports:player:a5ad47a4-ced4-44ab-afe3-0e41ad5f8ec5,top,esports:tournament:5064eef1-4d0e-4a4b-8290-7c8b616425aa,PlayerHistory,PlayerDetails,3369,Joran  Scheffer,https://factorassets.global.ssl.fastly.net/player-headshots/esports:player:003910ea-badb-4593-a4e8-7e7f65c51f7a/latest.png,Special,esports:player:003910ea-badb-4593-a4e8-7e7f65c51f7a,esports:player:003910ea-badb-4593-a4e8-7e7f65c51f7a,mid,esports:tournament:c657a4e8-585e-4484-9696-6a270916e5e4,PlayerHistory,PlayerDetails,2958,Olivier Payet,https://factorassets.global.ssl.fastly.net/player-headshots/esports:player:cb29e26e-6555-4cf6-ad99-c757afa563c4/latest.png,Prime,esports:player:cb29e26e-6555-4cf6-ad99-c757afa563c4,esports:player:cb29e26e-6555-4cf6-ad99-c757afa563c4,sup,esports:tournament:c657a4e8-585e-4484-9696-6a270916e5e4,PlayerHistory,PlayerDetails,2200,Patrick Engelmann,https://factorassets.global.ssl.fastly.net/player-headshots/esports:player:bcf0bd86-16df-4146-af9e-92cec8411bef/latest.png,Obsess,esports:player:bcf0bd86-16df-4146-af9e-92cec8411bef,esports:player:bcf0bd86-16df-4146-af9e-92cec8411bef,jng,esports:tournament:c657a4e8-585e-4484-9696-6a270916e5e4,PlayerHistory,PlayerDetails,2488,Leander Sydekum,https://factorassets.global.ssl.fastly.net/player-headshots/esports:player:b8188a35-f887-4962-aa50-9bda7cc8df78/latest.png,Kynetic,esports:player:b8188a35-f887-4962-aa50-9bda7cc8df78,esports:player:b8188a35-f887-4962-aa50-9bda7cc8df78,bot,esports:tournament:c657a4e8-585e-4484-9696-6a270916e5e4,PlayerHistory,PlayerDetails,2493,Mahdi  Nasserzadeh,https://factorassets.global.ssl.fastly.net/player-headshots/esports:player:a5ad47a4-ced4-44ab-afe3-0e41ad5f8ec5/latest.png,Pride,esports:player:a5ad47a4-ced4-44ab-afe3-0e41ad5f8ec5,esports:player:a5ad47a4-ced4-44ab-afe3-0e41ad5f8ec5,top,esports:tournament:c657a4e8-585e-4484-9696-6a270916e5e4,PlayerHistory,PlayerDetails,2200,Patrick Engelmann,https://factorassets.global.ssl.fastly.net/player-headshots/esports:player:bcf0bd86-16df-4146-af9e-92cec8411bef/latest.png,Obsess,esports:player:bcf0bd86-16df-4146-af9e-92cec8411bef,esports:player:bcf0bd86-16df-4146-af9e-92cec8411bef,jng,esports:tournament:a22edf8b-0313-4813-afe1-9cf81a571855,PlayerHistory,PlayerDetails,2958,Olivier Payet,https://factorassets.global.ssl.fastly.net/player-headshots/esports:player:cb29e26e-6555-4cf6-ad99-c757afa563c4/latest.png,Prime,esports:player:cb29e26e-6555-4cf6-ad99-c757afa563c4,esports:player:cb29e26e-6555-4cf6-ad99-c757afa563c4,sup,esports:tournament:a22edf8b-0313-4813-afe1-9cf81a571855,PlayerHistory,PlayerDetails,2493,Mahdi  Nasserzadeh,https://factorassets.global.ssl.fastly.net/player-headshots/esports:player:a5ad47a4-ced4-44ab-afe3-0e41ad5f8ec5/latest.png,Pride,esports:player:a5ad47a4-ced4-44ab-afe3-0e41ad5f8ec5,esports:player:a5ad47a4-ced4-44ab-afe3-0e41ad5f8ec5,top,esports:tournament:a22edf8b-0313-4813-afe1-9cf81a571855,PlayerHistory,PlayerDetails,2488,Leander Sydekum,https://factorassets.global.ssl.fastly.net/player-headshots/esports:player:b8188a35-f887-4962-aa50-9bda7cc8df78/latest.png,Kynetic,esports:player:b8188a35-f887-4962-aa50-9bda7cc8df78,esports:player:b8188a35-f887-4962-aa50-9bda7cc8df78,bot,esports:tournament:a22edf8b-0313-4813-afe1-9cf81a571855,PlayerHistory,PlayerDetails,3369,Joran  Scheffer,https://factorassets.global.ssl.fastly.net/player-headshots/esports:player:003910ea-badb-4593-a4e8-7e7f65c51f7a/latest.png,Special,esports:player:003910ea-badb-4593-a4e8-7e7f65c51f7a,esports:player:003910ea-badb-4593-a4e8-7e7f65c51f7a,mid,esports:tournament:a22edf8b-0313-4813-afe1-9cf81a571855,PlayerHistory,PlayerDetails,2488,Leander Sydekum,https://factorassets.global.ssl.fastly.net/player-headshots/esports:player:b8188a35-f887-4962-aa50-9bda7cc8df78/latest.png,Kynetic,esports:player:b8188a35-f887-4962-aa50-9bda7cc8df78,esports:player:b8188a35-f887-4962-aa50-9bda7cc8df78,bot,esports:tournament:8756e6af-f152-4eac-aeac-2b69785b1da1,PlayerHistory,PlayerDetails,2958,Olivier Payet,https://factorassets.global.ssl.fastly.net/player-headshots/esports:player:cb29e26e-6555-4cf6-ad99-c757afa563c4/latest.png,Prime,esports:player:cb29e26e-6555-4cf6-ad99-c757afa563c4,esports:player:cb29e26e-6555-4cf6-ad99-c757afa563c4,sup,esports:tournament:8756e6af-f152-4eac-aeac-2b69785b1da1,PlayerHistory,PlayerDetails,2200,Patrick Engelmann,https://factorassets.global.ssl.fastly.net/player-headshots/esports:player:bcf0bd86-16df-4146-af9e-92cec8411bef/latest.png,Obsess,esports:player:bcf0bd86-16df-4146-af9e-92cec8411bef,esports:player:bcf0bd86-16df-4146-af9e-92cec8411bef,jng,esports:tournament:8756e6af-f152-4eac-aeac-2b69785b1da1,PlayerHistory,PlayerDetails,2493,Mahdi  Nasserzadeh,https://factorassets.global.ssl.fastly.net/player-headshots/esports:player:a5ad47a4-ced4-44ab-afe3-0e41ad5f8ec5/latest.png,Pride,esports:player:a5ad47a4-ced4-44ab-afe3-0e41ad5f8ec5,esports:player:a5ad47a4-ced4-44ab-afe3-0e41ad5f8ec5,top,esports:tournament:8756e6af-f152-4eac-aeac-2b69785b1da1,PlayerHistory,PlayerDetails,3369,Joran  Scheffer,https://factorassets.global.ssl.fastly.net/player-headshots/esports:player:003910ea-badb-4593-a4e8-7e7f65c51f7a/latest.png,Special,esports:player:003910ea-badb-4593-a4e8-7e7f65c51f7a,esports:player:003910ea-badb-4593-a4e8-7e7f65c51f7a,mid,esports:tournament:8756e6af-f152-4eac-aeac-2b69785b1da1,TeamRank,,68,0.5291557518495195,,0.5291557518495195,EINS,esports:team:ffc7eb3e-7fc1-48ef-8b28-7d3067c21ef0,Roster,PlayerDetails,42,Nikolai Akatov,https://factorassets.global.ssl.fastly.net/player-headshots/esports:player:dc35abe5-bd9a-415e-ad7e-c3cd003ccc8b/latest.png,Zanzarah,esports:player:dc35abe5-bd9a-415e-ad7e-c3cd003ccc8b,Zanzarah,esports:player:dc35abe5-bd9a-415e-ad7e-c3cd003ccc8b,jng,Roster,PlayerDetails,2979,Philipp Englert,https://factorassets.global.ssl.fastly.net/player-headshots/esports:player:cfbd9b74-7837-4968-900d-3301bc358bc8/latest.png,Lilipp,esports:player:cfbd9b74-7837-4968-900d-3301bc358bc8,Lilipp,esports:player:cfbd9b74-7837-4968-900d-3301bc358bc8,sup,Roster,PlayerDetails,1580,Ludvig Erik Hugo Granquist,https://factorassets.global.ssl.fastly.net/player-headshots/esports:player:bd7ba203-b2d7-49fa-9347-b49bef63f128/latest.png,SMILEY,esports:player:bd7ba203-b2d7-49fa-9347-b49bef63f128,SMILEY,esports:player:bd7ba203-b2d7-49fa-9347-b49bef63f128,bot,Roster,PlayerDetails,2282,Yannick Greff,https://factorassets.global.ssl.fastly.net/player-headshots/default.png,Pandar,esports:player:5558f657-3d01-44eb-a786-18e74d1dfd63,Pandar,esports:player:5558f657-3d01-44eb-a786-18e74d1dfd63,sup,Roster,PlayerDetails,2493,Mahdi  Nasserzadeh,https://factorassets.global.ssl.fastly.net/player-headshots/esports:player:a5ad47a4-ced4-44ab-afe3-0e41ad5f8ec5/latest.png,Pride,esports:player:a5ad47a4-ced4-44ab-afe3-0e41ad5f8ec5,Pride,esports:player:a5ad47a4-ced4-44ab-afe3-0e41ad5f8ec5,top,Roster,PlayerDetails,3369,Joran  Scheffer,https://factorassets.global.ssl.fastly.net/player-headshots/esports:player:003910ea-badb-4593-a4e8-7e7f65c51f7a/latest.png,Special,esports:player:003910ea-badb-4593-a4e8-7e7f65c51f7a,Special,esports:player:003910ea-badb-4593-a4e8-7e7f65c51f7a,mid,TeamLogo,False,False,https://factorassets.global.ssl.fastly.net/teamlogo/esports:team:ffc7eb3e-7fc1-48ef-8b28-7d3067c21ef0/latest.png,esports:team:ffc7eb3e-7fc1-48ef-8b28-7d3067c21ef0,Tournament,Series,Prime League,esports:series:e8bffe58-b02c-45f9-bef1-053d9911dae3,esports:tournament:5064eef1-4d0e-4a4b-8290-7c8b616425aa,Tournament,Series,Prime League,esports:series:e8bffe58-b02c-45f9-bef1-053d9911dae3,esports:tournament:c657a4e8-585e-4484-9696-6a270916e5e4,Tournament,Series,European Masters,esports:series:e2a7097c-0c7a-4504-9bc4-5bad742a0d7f,esports:tournament:a22edf8b-0313-4813-afe1-9cf81a571855,8644606,MOUZ-EINS,1,statistics,False
